 139.140000,   34.850000,       44.08,
 139.144505,   34.850000,       44.17,
 139.149009,   34.850000,       44.25,
 139.153514,   34.850000,       44.34,
 139.158018,   34.850000,       44.43,
 139.162523,   34.850000,       44.87,
 139.167027,   34.850000,       45.41,
 139.171532,   34.850000,       45.93,
 139.176036,   34.850000,       46.44,
 139.180541,   34.850000,       46.93,
 139.185045,   34.850000,       47.40,
 139.189550,   34.850000,       47.85,
 139.194054,   34.850000,       48.30,
 139.198559,   34.850000,       48.72,
 139.203063,   34.850000,       49.13,
 139.207568,   34.850000,       49.52,
 139.212072,   34.850000,       49.90,
 139.216577,   34.850000,       50.26,
 139.221081,   34.850000,       50.51,
 139.225586,   34.850000,       50.57,
 139.230090,   34.850000,       50.62,
 139.234595,   34.850000,       50.48,
 139.239099,   34.850000,       50.24,
 139.243604,   34.850000,       50.01,
 139.248108,   34.850000,       49.79,
 139.252613,   34.850000,       49.59,
 139.257117,   34.850000,       49.39,
 139.261622,   34.850000,       49.21,
 139.266126,   34.850000,       49.04,
 139.270631,   34.850000,       48.88,
 139.275135,   34.850000,       48.74,
 139.279640,   34.850000,       48.60,
 139.284144,   34.850000,       48.48,
 139.288649,   34.850000,       48.36,
 139.293153,   34.850000,       48.26,
 139.297658,   34.850000,       48.22,
 139.302162,   34.850000,       48.23,
 139.306667,   34.850000,       48.23,
 139.311171,   34.850000,       48.23,
 139.315676,   34.850000,       48.22,
 139.320180,   34.850000,       48.21,
 139.324685,   34.850000,       48.20,
 139.329189,   34.850000,       48.18,
 139.333694,   34.850000,       48.15,
 139.338198,   34.850000,       48.12,
 139.342703,   34.850000,       47.95,
 139.347207,   34.850000,       47.58,
 139.351712,   34.850000,       47.25,
 139.356216,   34.850000,       46.95,
 139.360721,   34.850000,       46.67,
 139.365225,   34.850000,       46.43,
 139.369730,   34.850000,       46.22,
 139.374234,   34.850000,       46.11,
 139.378739,   34.850000,       46.23,
 139.383243,   34.850000,       46.33,
 139.387748,   34.850000,       46.36,
 139.392252,   34.850000,       46.38,
 139.396757,   34.850000,       46.39,
 139.401261,   34.850000,       46.40,
 139.405766,   34.850000,       46.41,
 139.410270,   34.850000,       46.41,
 139.414775,   34.850000,       46.41,
 139.419279,   34.850000,       46.41,
 139.423784,   34.850000,       46.39,
 139.428288,   34.850000,       46.35,
 139.432793,   34.850000,       46.18,
 139.437297,   34.850000,       45.93,
 139.441802,   34.850000,       45.67,
 139.446306,   34.850000,       45.41,
 139.450811,   34.850000,       44.99,
 139.455315,   34.850000,       44.39,
 139.459820,   34.850000,       43.62,
 139.464324,   34.850000,       42.62,
 139.468829,   34.850000,       41.50,
 139.473333,   34.850000,       40.33,
 139.477838,   34.850000,       39.15,
 139.482342,   34.850000,       38.41,
 139.486847,   34.850000,       38.11,
 139.491351,   34.850000,       38.15,
 139.495856,   34.850000,       38.44,
 139.500360,   34.850000,       38.75,
 139.504865,   34.850000,       39.04,
 139.509369,   34.850000,       39.32,
 139.513874,   34.850000,       39.60,
 139.518378,   34.850000,       39.78,
 139.522883,   34.850000,       39.84,
 139.527387,   34.850000,       39.86,
 139.531892,   34.850000,       39.87,
 139.536396,   34.850000,       39.87,
 139.540901,   34.850000,       39.86,
 139.545405,   34.850000,       39.85,
 139.549910,   34.850000,       39.83,
 139.554414,   34.850000,       39.80,
 139.558919,   34.850000,       39.77,
 139.563423,   34.850000,       39.73,
 139.567928,   34.850000,       39.57,
 139.572432,   34.850000,       39.39,
 139.576937,   34.850000,       39.21,
 139.581441,   34.850000,       39.03,
 139.585946,   34.850000,       38.85,
 139.590450,   34.850000,       38.66,
 139.594955,   34.850000,       38.47,
 139.599459,   34.850000,       38.28,
 139.603964,   34.850000,       38.12,
 139.608468,   34.850000,       37.95,
 139.612973,   34.850000,       37.77,
 139.617477,   34.850000,       37.60,
 139.621982,   34.850000,       37.43,
 139.626486,   34.850000,       37.25,
 139.630991,   34.850000,       37.01,
 139.635495,   34.850000,       36.61,
 139.640000,   34.850000,       36.18,
 139.644505,   34.850000,       35.73,
 139.649009,   34.850000,       35.34,
 139.653514,   34.850000,       35.15,
 139.658018,   34.850000,       34.97,
 139.662523,   34.850000,       34.78,
 139.667027,   34.850000,       34.59,
 139.671532,   34.850000,       34.51,
 139.676036,   34.850000,       34.45,
 139.680541,   34.850000,       34.39,
 139.685045,   34.850000,       34.44,
 139.689550,   34.850000,       34.53,
 139.694054,   34.850000,       34.63,
 139.698559,   34.850000,       34.92,
 139.703063,   34.850000,       35.17,
 139.707568,   34.850000,       35.38,
 139.712072,   34.850000,       35.54,
 139.716577,   34.850000,       35.62,
 139.721081,   34.850000,       36.09,
 139.725586,   34.850000,       36.20,
 139.730090,   34.850000,       36.06,
 139.734595,   34.850000,       36.25,
 139.739099,   34.850000,       36.15,
 139.743604,   34.850000,       35.54,
 139.748108,   34.850000,       35.60,
 139.752613,   34.850000,       35.49,
 139.757117,   34.850000,       35.54,
 139.761622,   34.850000,       35.46,
 139.766126,   34.850000,       35.23,
 139.770631,   34.850000,       35.24,
 139.775135,   34.850000,       35.10,
 139.779640,   34.850000,       34.93,
 139.784144,   34.850000,       34.89,
 139.788649,   34.850000,       34.91,
 139.793153,   34.850000,       35.01,
 139.797658,   34.850000,       35.13,
 139.802162,   34.850000,       35.32,
 139.806667,   34.850000,       35.67,
 139.811171,   34.850000,       36.53,
 139.815676,   34.850000,       37.56,
 139.820180,   34.850000,       38.51,
 139.824685,   34.850000,       39.31,
 139.829189,   34.850000,       40.27,
 139.833694,   34.850000,       41.07,
 139.838198,   34.850000,       41.63,
 139.842703,   34.850000,       42.21,
 139.847207,   34.850000,       42.64,
 139.851712,   34.850000,       42.67,
 139.856216,   34.850000,       42.56,
 139.860721,   34.850000,       42.39,
 139.865225,   34.850000,       42.07,
 139.869730,   34.850000,       41.67,
 139.874234,   34.850000,       41.24,
 139.878739,   34.850000,       40.81,
 139.883243,   34.850000,       40.40,
 139.887748,   34.850000,       40.07,
 139.892252,   34.850000,       39.94,
 139.896757,   34.850000,       39.75,
 139.901261,   34.850000,       39.45,
 139.905766,   34.850000,       39.39,
 139.910270,   34.850000,       39.51,
 139.914775,   34.850000,       39.51,
 139.919279,   34.850000,       39.42,
 139.923784,   34.850000,       39.56,
 139.928288,   34.850000,       39.61,
 139.932793,   34.850000,       39.60,
 139.937297,   34.850000,       39.65,
 139.941802,   34.850000,       39.77,
 139.946306,   34.850000,       39.92,
 139.950811,   34.850000,       40.11,
 139.955315,   34.850000,       40.33,
 139.959820,   34.850000,       40.55,
 139.964324,   34.850000,       40.81,
 139.968829,   34.850000,       41.09,
 139.973333,   34.850000,       41.40,
 139.977838,   34.850000,       41.61,
 139.982342,   34.850000,       41.83,
 139.986847,   34.850000,       42.09,
 139.991351,   34.850000,       42.37,
 139.995856,   34.850000,       42.70,
 140.000360,   34.850000,       43.03,
 140.004865,   34.850000,       43.35,
 140.009369,   34.850000,       43.65,
 140.013874,   34.850000,       43.94,
 140.018378,   34.850000,       44.23,
 140.022883,   34.850000,       44.57,
 140.027387,   34.850000,       45.00,
 140.031892,   34.850000,       45.48,
 140.036396,   34.850000,       45.94,
 140.040901,   34.850000,       46.38,
 140.045405,   34.850000,       46.81,
 140.049910,   34.850000,       47.21,
 140.054414,   34.850000,       47.53,
 140.058919,   34.850000,       47.61,
 140.063423,   34.850000,       47.62,
 140.067928,   34.850000,       47.63,
 140.072432,   34.850000,       47.64,
 140.076937,   34.850000,       47.63,
 140.081441,   34.850000,       47.60,
 140.085946,   34.850000,       47.57,
 140.090450,   34.850000,       47.56,
 140.094955,   34.850000,       47.55,
 140.099459,   34.850000,       47.56,
 140.103964,   34.850000,       47.57,
 140.108468,   34.850000,       47.58,
 140.112973,   34.850000,       47.60,
 140.117477,   34.850000,       47.62,
 140.121982,   34.850000,       47.65,
 140.126486,   34.850000,       47.63,
 140.130991,   34.850000,       47.56,
 140.135495,   34.850000,       47.45,
 140.140000,   34.850000,       47.33,
 140.144505,   34.850000,       47.22,
 140.149009,   34.850000,       47.11,
 140.153514,   34.850000,       47.05,
 140.158018,   34.850000,       46.99,
 140.162523,   34.850000,       46.93,
 140.167027,   34.850000,       46.87,
 140.171532,   34.850000,       46.81,
 140.176036,   34.850000,       46.76,
 140.180541,   34.850000,       46.70,
 140.185045,   34.850000,       46.65,
 140.189550,   34.850000,       46.59,
 140.194054,   34.850000,       46.58,
 140.198559,   34.850000,       46.60,
 140.203063,   34.850000,       46.63,
 140.207568,   34.850000,       46.67,
 140.212072,   34.850000,       46.72,
 140.216577,   34.850000,       46.78,
 140.221081,   34.850000,       46.85,
 140.225586,   34.850000,       46.93,
 140.230090,   34.850000,       47.02,
 140.234595,   34.850000,       47.12,
 140.239099,   34.850000,       47.22,
 140.243604,   34.850000,       47.34,
 140.248108,   34.850000,       47.47,
 140.252613,   34.850000,       47.61,
 140.257117,   34.850000,       47.76,
 140.261622,   34.850000,       47.92,
 140.266126,   34.850000,       48.09,
 140.270631,   34.850000,       48.27,
 140.275135,   34.850000,       48.42,
 140.279640,   34.850000,       48.37,
 140.284144,   34.850000,       48.33,
 140.288649,   34.850000,       48.02,
 140.293153,   34.850000,       47.68,
 140.297658,   34.850000,       47.32,
 140.302162,   34.850000,       46.95,
 140.306667,   34.850000,       46.57,
 140.311171,   34.850000,       46.18,
 140.315676,   34.850000,       45.77,
 140.320180,   34.850000,       45.34,
 140.324685,   34.850000,       44.91,
 140.329189,   34.850000,       44.46,
 140.333694,   34.850000,       44.00,
 140.338198,   34.850000,       43.52,
 140.342703,   34.850000,       43.03,
 140.347207,   34.850000,       42.53,
 140.351712,   34.850000,       42.02,
 140.356216,   34.850000,       41.49,
 140.360721,   34.850000,       40.95,
 140.365225,   34.850000,       40.65,
 140.369730,   34.850000,       40.47,
 140.374234,   34.850000,       40.30,
 140.378739,   34.850000,       40.12,
 140.383243,   34.850000,       40.00,
 140.387748,   34.850000,       40.09,
 139.140000,   34.854505,       44.19,
 139.144505,   34.854505,       44.12,
 139.149009,   34.854505,       44.21,
 139.153514,   34.854505,       44.30,
 139.158018,   34.854505,       44.38,
 139.162523,   34.854505,       44.47,
 139.167027,   34.854505,       44.91,
 139.171532,   34.854505,       45.43,
 139.176036,   34.854505,       45.93,
 139.180541,   34.854505,       46.42,
 139.185045,   34.854505,       46.89,
 139.189550,   34.854505,       47.35,
 139.194054,   34.854505,       47.79,
 139.198559,   34.854505,       48.22,
 139.203063,   34.854505,       48.62,
 139.207568,   34.854505,       49.02,
 139.212072,   34.854505,       49.39,
 139.216577,   34.854505,       49.76,
 139.221081,   34.854505,       50.10,
 139.225586,   34.854505,       50.34,
 139.230090,   34.854505,       50.40,
 139.234595,   34.854505,       50.45,
 139.239099,   34.854505,       50.26,
 139.243604,   34.854505,       50.04,
 139.248108,   34.854505,       49.82,
 139.252613,   34.854505,       49.62,
 139.257117,   34.854505,       49.43,
 139.261622,   34.854505,       49.25,
 139.266126,   34.854505,       49.08,
 139.270631,   34.854505,       48.92,
 139.275135,   34.854505,       48.78,
 139.279640,   34.854505,       48.65,
 139.284144,   34.854505,       48.52,
 139.288649,   34.854505,       48.41,
 139.293153,   34.854505,       48.32,
 139.297658,   34.854505,       48.23,
 139.302162,   34.854505,       48.21,
 139.306667,   34.854505,       48.21,
 139.311171,   34.854505,       48.21,
 139.315676,   34.854505,       48.20,
 139.320180,   34.854505,       48.19,
 139.324685,   34.854505,       48.17,
 139.329189,   34.854505,       48.14,
 139.333694,   34.854505,       48.12,
 139.338198,   34.854505,       48.08,
 139.342703,   34.854505,       48.04,
 139.347207,   34.854505,       47.78,
 139.351712,   34.854505,       47.46,
 139.356216,   34.854505,       47.17,
 139.360721,   34.854505,       46.91,
 139.365225,   34.854505,       46.68,
 139.369730,   34.854505,       46.49,
 139.374234,   34.854505,       46.32,
 139.378739,   34.854505,       46.29,
 139.383243,   34.854505,       46.32,
 139.387748,   34.854505,       46.33,
 139.392252,   34.854505,       46.34,
 139.396757,   34.854505,       46.34,
 139.401261,   34.854505,       46.35,
 139.405766,   34.854505,       46.36,
 139.410270,   34.854505,       46.37,
 139.414775,   34.854505,       46.36,
 139.419279,   34.854505,       46.31,
 139.423784,   34.854505,       46.24,
 139.428288,   34.854505,       46.12,
 139.432793,   34.854505,       45.93,
 139.437297,   34.854505,       45.70,
 139.441802,   34.854505,       45.46,
 139.446306,   34.854505,       45.14,
 139.450811,   34.854505,       44.60,
 139.455315,   34.854505,       43.90,
 139.459820,   34.854505,       43.08,
 139.464324,   34.854505,       42.11,
 139.468829,   34.854505,       41.04,
 139.473333,   34.854505,       39.93,
 139.477838,   34.854505,       38.81,
 139.482342,   34.854505,       38.17,
 139.486847,   34.854505,       38.10,
 139.491351,   34.854505,       38.33,
 139.495856,   34.854505,       38.67,
 139.500360,   34.854505,       38.99,
 139.504865,   34.854505,       39.30,
 139.509369,   34.854505,       39.58,
 139.513874,   34.854505,       39.85,
 139.518378,   34.854505,       40.05,
 139.522883,   34.854505,       40.07,
 139.527387,   34.854505,       40.09,
 139.531892,   34.854505,       40.10,
 139.536396,   34.854505,       40.10,
 139.540901,   34.854505,       40.10,
 139.545405,   34.854505,       40.09,
 139.549910,   34.854505,       40.07,
 139.554414,   34.854505,       40.05,
 139.558919,   34.854505,       40.02,
 139.563423,   34.854505,       39.99,
 139.567928,   34.854505,       39.89,
 139.572432,   34.854505,       39.73,
 139.576937,   34.854505,       39.58,
 139.581441,   34.854505,       39.43,
 139.585946,   34.854505,       39.29,
 139.590450,   34.854505,       39.16,
 139.594955,   34.854505,       39.04,
 139.599459,   34.854505,       38.93,
 139.603964,   34.854505,       38.77,
 139.608468,   34.854505,       38.59,
 139.612973,   34.854505,       38.42,
 139.617477,   34.854505,       38.23,
 139.621982,   34.854505,       38.05,
 139.626486,   34.854505,       37.88,
 139.630991,   34.854505,       37.65,
 139.635495,   34.854505,       37.23,
 139.640000,   34.854505,       36.84,
 139.644505,   34.854505,       36.48,
 139.649009,   34.854505,       36.13,
 139.653514,   34.854505,       35.89,
 139.658018,   34.854505,       35.69,
 139.662523,   34.854505,       35.47,
 139.667027,   34.854505,       35.26,
 139.671532,   34.854505,       35.12,
 139.676036,   34.854505,       35.02,
 139.680541,   34.854505,       34.89,
 139.685045,   34.854505,       34.89,
 139.689550,   34.854505,       34.98,
 139.694054,   34.854505,       35.06,
 139.698559,   34.854505,       35.17,
 139.703063,   34.854505,       35.30,
 139.707568,   34.854505,       35.52,
 139.712072,   34.854505,       35.76,
 139.716577,   34.854505,       36.00,
 139.721081,   34.854505,       36.22,
 139.725586,   34.854505,       36.41,
 139.730090,   34.854505,       36.53,
 139.734595,   34.854505,       36.56,
 139.739099,   34.854505,       36.43,
 139.743604,   34.854505,       36.18,
 139.748108,   34.854505,       35.77,
 139.752613,   34.854505,       35.27,
 139.757117,   34.854505,       35.23,
 139.761622,   34.854505,       35.31,
 139.766126,   34.854505,       35.32,
 139.770631,   34.854505,       35.34,
 139.775135,   34.854505,       35.16,
 139.779640,   34.854505,       35.07,
 139.784144,   34.854505,       35.04,
 139.788649,   34.854505,       34.90,
 139.793153,   34.854505,       35.05,
 139.797658,   34.854505,       35.08,
 139.802162,   34.854505,       35.32,
 139.806667,   34.854505,       35.78,
 139.811171,   34.854505,       35.96,
 139.815676,   34.854505,       37.33,
 139.820180,   34.854505,       38.35,
 139.824685,   34.854505,       39.30,
 139.829189,   34.854505,       40.36,
 139.833694,   34.854505,       41.26,
 139.838198,   34.854505,       41.92,
 139.842703,   34.854505,       42.51,
 139.847207,   34.854505,       43.03,
 139.851712,   34.854505,       42.99,
 139.856216,   34.854505,       42.87,
 139.860721,   34.854505,       42.76,
 139.865225,   34.854505,       42.34,
 139.869730,   34.854505,       41.93,
 139.874234,   34.854505,       41.55,
 139.878739,   34.854505,       41.20,
 139.883243,   34.854505,       40.83,
 139.887748,   34.854505,       40.43,
 139.892252,   34.854505,       40.14,
 139.896757,   34.854505,       39.96,
 139.901261,   34.854505,       39.72,
 139.905766,   34.854505,       39.44,
 139.910270,   34.854505,       39.42,
 139.914775,   34.854505,       39.44,
 139.919279,   34.854505,       39.44,
 139.923784,   34.854505,       39.41,
 139.928288,   34.854505,       39.41,
 139.932793,   34.854505,       39.44,
 139.937297,   34.854505,       39.55,
 139.941802,   34.854505,       39.62,
 139.946306,   34.854505,       39.66,
 139.950811,   34.854505,       39.96,
 139.955315,   34.854505,       40.25,
 139.959820,   34.854505,       40.39,
 139.964324,   34.854505,       40.66,
 139.968829,   34.854505,       41.01,
 139.973333,   34.854505,       41.34,
 139.977838,   34.854505,       41.53,
 139.982342,   34.854505,       41.67,
 139.986847,   34.854505,       41.83,
 139.991351,   34.854505,       41.98,
 139.995856,   34.854505,       42.23,
 140.000360,   34.854505,       42.60,
 140.004865,   34.854505,       42.97,
 140.009369,   34.854505,       43.29,
 140.013874,   34.854505,       43.58,
 140.018378,   34.854505,       43.83,
 140.022883,   34.854505,       44.08,
 140.027387,   34.854505,       44.52,
 140.031892,   34.854505,       44.99,
 140.036396,   34.854505,       45.47,
 140.040901,   34.854505,       45.93,
 140.045405,   34.854505,       46.37,
 140.049910,   34.854505,       46.75,
 140.054414,   34.854505,       47.04,
 140.058919,   34.854505,       47.23,
 140.063423,   34.854505,       47.34,
 140.067928,   34.854505,       47.42,
 140.072432,   34.854505,       47.49,
 140.076937,   34.854505,       47.55,
 140.081441,   34.854505,       47.56,
 140.085946,   34.854505,       47.53,
 140.090450,   34.854505,       47.53,
 140.094955,   34.854505,       47.54,
 140.099459,   34.854505,       47.56,
 140.103964,   34.854505,       47.58,
 140.108468,   34.854505,       47.61,
 140.112973,   34.854505,       47.64,
 140.117477,   34.854505,       47.68,
 140.121982,   34.854505,       47.72,
 140.126486,   34.854505,       47.70,
 140.130991,   34.854505,       47.63,
 140.135495,   34.854505,       47.53,
 140.140000,   34.854505,       47.42,
 140.144505,   34.854505,       47.30,
 140.149009,   34.854505,       47.19,
 140.153514,   34.854505,       47.08,
 140.158018,   34.854505,       46.99,
 140.162523,   34.854505,       46.92,
 140.167027,   34.854505,       46.87,
 140.171532,   34.854505,       46.81,
 140.176036,   34.854505,       46.75,
 140.180541,   34.854505,       46.70,
 140.185045,   34.854505,       46.65,
 140.189550,   34.854505,       46.61,
 140.194054,   34.854505,       46.62,
 140.198559,   34.854505,       46.63,
 140.203063,   34.854505,       46.66,
 140.207568,   34.854505,       46.70,
 140.212072,   34.854505,       46.74,
 140.216577,   34.854505,       46.80,
 140.221081,   34.854505,       46.87,
 140.225586,   34.854505,       46.94,
 140.230090,   34.854505,       47.03,
 140.234595,   34.854505,       47.13,
 140.239099,   34.854505,       47.23,
 140.243604,   34.854505,       47.35,
 140.248108,   34.854505,       47.47,
 140.252613,   34.854505,       47.61,
 140.257117,   34.854505,       47.76,
 140.261622,   34.854505,       47.91,
 140.266126,   34.854505,       48.08,
 140.270631,   34.854505,       48.25,
 140.275135,   34.854505,       48.23,
 140.279640,   34.854505,       48.18,
 140.284144,   34.854505,       47.91,
 140.288649,   34.854505,       47.58,
 140.293153,   34.854505,       47.24,
 140.297658,   34.854505,       46.88,
 140.302162,   34.854505,       46.51,
 140.306667,   34.854505,       46.13,
 140.311171,   34.854505,       45.74,
 140.315676,   34.854505,       45.33,
 140.320180,   34.854505,       44.91,
 140.324685,   34.854505,       44.47,
 140.329189,   34.854505,       44.02,
 140.333694,   34.854505,       43.56,
 140.338198,   34.854505,       43.09,
 140.342703,   34.854505,       42.60,
 140.347207,   34.854505,       42.10,
 140.351712,   34.854505,       41.59,
 140.356216,   34.854505,       41.06,
 140.360721,   34.854505,       40.74,
 140.365225,   34.854505,       40.57,
 140.369730,   34.854505,       40.39,
 140.374234,   34.854505,       40.21,
 140.378739,   34.854505,       40.12,
 140.383243,   34.854505,       40.20,
 140.387748,   34.854505,       40.29,
 139.140000,   34.859009,       44.39,
 139.144505,   34.859009,       44.27,
 139.149009,   34.859009,       44.17,
 139.153514,   34.859009,       44.25,
 139.158018,   34.859009,       44.34,
 139.162523,   34.859009,       44.43,
 139.167027,   34.859009,       44.52,
 139.171532,   34.859009,       44.94,
 139.176036,   34.859009,       45.44,
 139.180541,   34.859009,       45.93,
 139.185045,   34.859009,       46.40,
 139.189550,   34.859009,       46.86,
 139.194054,   34.859009,       47.30,
 139.198559,   34.859009,       47.73,
 139.203063,   34.859009,       48.14,
 139.207568,   34.859009,       48.53,
 139.212072,   34.859009,       48.91,
 139.216577,   34.859009,       49.27,
 139.221081,   34.859009,       49.61,
 139.225586,   34.859009,       49.94,
 139.230090,   34.859009,       50.17,
 139.234595,   34.859009,       50.23,
 139.239099,   34.859009,       50.28,
 139.243604,   34.859009,       50.06,
 139.248108,   34.859009,       49.84,
 139.252613,   34.859009,       49.64,
 139.257117,   34.859009,       49.45,
 139.261622,   34.859009,       49.28,
 139.266126,   34.859009,       49.11,
 139.270631,   34.859009,       48.96,
 139.275135,   34.859009,       48.81,
 139.279640,   34.859009,       48.68,
 139.284144,   34.859009,       48.56,
 139.288649,   34.859009,       48.45,
 139.293153,   34.859009,       48.36,
 139.297658,   34.859009,       48.27,
 139.302162,   34.859009,       48.21,
 139.306667,   34.859009,       48.19,
 139.311171,   34.859009,       48.19,
 139.315676,   34.859009,       48.18,
 139.320180,   34.859009,       48.16,
 139.324685,   34.859009,       48.14,
 139.329189,   34.859009,       48.12,
 139.333694,   34.859009,       48.09,
 139.338198,   34.859009,       48.05,
 139.342703,   34.859009,       48.01,
 139.347207,   34.859009,       47.95,
 139.351712,   34.859009,       47.64,
 139.356216,   34.859009,       47.37,
 139.360721,   34.859009,       47.12,
 139.365225,   34.859009,       46.91,
 139.369730,   34.859009,       46.72,
 139.374234,   34.859009,       46.53,
 139.378739,   34.859009,       46.43,
 139.383243,   34.859009,       46.40,
 139.387748,   34.859009,       46.39,
 139.392252,   34.859009,       46.36,
 139.396757,   34.859009,       46.34,
 139.401261,   34.859009,       46.31,
 139.405766,   34.859009,       46.32,
 139.410270,   34.859009,       46.32,
 139.414775,   34.859009,       46.27,
 139.419279,   34.859009,       46.17,
 139.423784,   34.859009,       46.04,
 139.428288,   34.859009,       45.87,
 139.432793,   34.859009,       45.67,
 139.437297,   34.859009,       45.46,
 139.441802,   34.859009,       45.23,
 139.446306,   34.859009,       44.87,
 139.450811,   34.859009,       44.24,
 139.455315,   34.859009,       43.50,
 139.459820,   34.859009,       42.66,
 139.464324,   34.859009,       41.70,
 139.468829,   34.859009,       40.67,
 139.473333,   34.859009,       39.57,
 139.477838,   34.859009,       38.43,
 139.482342,   34.859009,       37.94,
 139.486847,   34.859009,       38.23,
 139.491351,   34.859009,       38.60,
 139.495856,   34.859009,       38.96,
 139.500360,   34.859009,       39.29,
 139.504865,   34.859009,       39.61,
 139.509369,   34.859009,       39.90,
 139.513874,   34.859009,       40.16,
 139.518378,   34.859009,       40.31,
 139.522883,   34.859009,       40.32,
 139.527387,   34.859009,       40.33,
 139.531892,   34.859009,       40.34,
 139.536396,   34.859009,       40.35,
 139.540901,   34.859009,       40.34,
 139.545405,   34.859009,       40.34,
 139.549910,   34.859009,       40.32,
 139.554414,   34.859009,       40.29,
 139.558919,   34.859009,       40.26,
 139.563423,   34.859009,       40.22,
 139.567928,   34.859009,       40.16,
 139.572432,   34.859009,       40.06,
 139.576937,   34.859009,       39.94,
 139.581441,   34.859009,       39.83,
 139.585946,   34.859009,       39.73,
 139.590450,   34.859009,       39.65,
 139.594955,   34.859009,       39.59,
 139.599459,   34.859009,       39.54,
 139.603964,   34.859009,       39.41,
 139.608468,   34.859009,       39.24,
 139.612973,   34.859009,       39.03,
 139.617477,   34.859009,       38.80,
 139.621982,   34.859009,       38.57,
 139.626486,   34.859009,       38.33,
 139.630991,   34.859009,       38.04,
 139.635495,   34.859009,       37.72,
 139.640000,   34.859009,       37.41,
 139.644505,   34.859009,       37.13,
 139.649009,   34.859009,       36.89,
 139.653514,   34.859009,       36.63,
 139.658018,   34.859009,       36.40,
 139.662523,   34.859009,       36.17,
 139.667027,   34.859009,       35.94,
 139.671532,   34.859009,       35.75,
 139.676036,   34.859009,       35.61,
 139.680541,   34.859009,       35.49,
 139.685045,   34.859009,       35.44,
 139.689550,   34.859009,       35.52,
 139.694054,   34.859009,       35.55,
 139.698559,   34.859009,       35.59,
 139.703063,   34.859009,       35.83,
 139.707568,   34.859009,       36.04,
 139.712072,   34.859009,       36.24,
 139.716577,   34.859009,       36.51,
 139.721081,   34.859009,       36.74,
 139.725586,   34.859009,       36.93,
 139.730090,   34.859009,       37.08,
 139.734595,   34.859009,       37.16,
 139.739099,   34.859009,       37.16,
 139.743604,   34.859009,       36.96,
 139.748108,   34.859009,       36.69,
 139.752613,   34.859009,       36.38,
 139.757117,   34.859009,       36.19,
 139.761622,   34.859009,       36.21,
 139.766126,   34.859009,       36.15,
 139.770631,   34.859009,       36.07,
 139.775135,   34.859009,       35.92,
 139.779640,   34.859009,       35.71,
 139.784144,   34.859009,       35.60,
 139.788649,   34.859009,       35.58,
 139.793153,   34.859009,       35.57,
 139.797658,   34.859009,       35.74,
 139.802162,   34.859009,       36.15,
 139.806667,   34.859009,       36.56,
 139.811171,   34.859009,       37.18,
 139.815676,   34.859009,       38.03,
 139.820180,   34.859009,       39.05,
 139.824685,   34.859009,       39.90,
 139.829189,   34.859009,       40.81,
 139.833694,   34.859009,       41.60,
 139.838198,   34.859009,       42.21,
 139.842703,   34.859009,       42.76,
 139.847207,   34.859009,       43.04,
 139.851712,   34.859009,       43.14,
 139.856216,   34.859009,       43.03,
 139.860721,   34.859009,       42.82,
 139.865225,   34.859009,       42.51,
 139.869730,   34.859009,       42.16,
 139.874234,   34.859009,       41.86,
 139.878739,   34.859009,       41.63,
 139.883243,   34.859009,       41.34,
 139.887748,   34.859009,       41.02,
 139.892252,   34.859009,       40.73,
 139.896757,   34.859009,       40.48,
 139.901261,   34.859009,       40.20,
 139.905766,   34.859009,       39.83,
 139.910270,   34.859009,       39.52,
 139.914775,   34.859009,       39.57,
 139.919279,   34.859009,       39.58,
 139.923784,   34.859009,       39.55,
 139.928288,   34.859009,       39.51,
 139.932793,   34.859009,       39.48,
 139.937297,   34.859009,       39.79,
 139.941802,   34.859009,       39.95,
 139.946306,   34.859009,       40.09,
 139.950811,   34.859009,       40.32,
 139.955315,   34.859009,       40.62,
 139.959820,   34.859009,       40.87,
 139.964324,   34.859009,       40.95,
 139.968829,   34.859009,       41.08,
 139.973333,   34.859009,       41.30,
 139.977838,   34.859009,       41.52,
 139.982342,   34.859009,       41.69,
 139.986847,   34.859009,       41.81,
 139.991351,   34.859009,       41.90,
 139.995856,   34.859009,       41.97,
 140.000360,   34.859009,       42.31,
 140.004865,   34.859009,       42.68,
 140.009369,   34.859009,       43.02,
 140.013874,   34.859009,       43.33,
 140.018378,   34.859009,       43.62,
 140.022883,   34.859009,       43.90,
 140.027387,   34.859009,       44.23,
 140.031892,   34.859009,       44.63,
 140.036396,   34.859009,       45.06,
 140.040901,   34.859009,       45.52,
 140.045405,   34.859009,       45.96,
 140.049910,   34.859009,       46.30,
 140.054414,   34.859009,       46.56,
 140.058919,   34.859009,       46.77,
 140.063423,   34.859009,       46.95,
 140.067928,   34.859009,       47.10,
 140.072432,   34.859009,       47.24,
 140.076937,   34.859009,       47.37,
 140.081441,   34.859009,       47.48,
 140.085946,   34.859009,       47.49,
 140.090450,   34.859009,       47.50,
 140.094955,   34.859009,       47.51,
 140.099459,   34.859009,       47.53,
 140.103964,   34.859009,       47.57,
 140.108468,   34.859009,       47.61,
 140.112973,   34.859009,       47.68,
 140.117477,   34.859009,       47.75,
 140.121982,   34.859009,       47.80,
 140.126486,   34.859009,       47.78,
 140.130991,   34.859009,       47.72,
 140.135495,   34.859009,       47.61,
 140.140000,   34.859009,       47.49,
 140.144505,   34.859009,       47.37,
 140.149009,   34.859009,       47.26,
 140.153514,   34.859009,       47.14,
 140.158018,   34.859009,       47.04,
 140.162523,   34.859009,       46.93,
 140.167027,   34.859009,       46.86,
 140.171532,   34.859009,       46.80,
 140.176036,   34.859009,       46.75,
 140.180541,   34.859009,       46.69,
 140.185045,   34.859009,       46.64,
 140.189550,   34.859009,       46.64,
 140.194054,   34.859009,       46.64,
 140.198559,   34.859009,       46.66,
 140.203063,   34.859009,       46.68,
 140.207568,   34.859009,       46.71,
 140.212072,   34.859009,       46.76,
 140.216577,   34.859009,       46.81,
 140.221081,   34.859009,       46.87,
 140.225586,   34.859009,       46.95,
 140.230090,   34.859009,       47.03,
 140.234595,   34.859009,       47.12,
 140.239099,   34.859009,       47.23,
 140.243604,   34.859009,       47.34,
 140.248108,   34.859009,       47.47,
 140.252613,   34.859009,       47.60,
 140.257117,   34.859009,       47.74,
 140.261622,   34.859009,       47.89,
 140.266126,   34.859009,       48.06,
 140.270631,   34.859009,       48.08,
 140.275135,   34.859009,       48.04,
 140.279640,   34.859009,       47.79,
 140.284144,   34.859009,       47.48,
 140.288649,   34.859009,       47.15,
 140.293153,   34.859009,       46.81,
 140.297658,   34.859009,       46.45,
 140.302162,   34.859009,       46.09,
 140.306667,   34.859009,       45.70,
 140.311171,   34.859009,       45.31,
 140.315676,   34.859009,       44.90,
 140.320180,   34.859009,       44.48,
 140.324685,   34.859009,       44.05,
 140.329189,   34.859009,       43.60,
 140.333694,   34.859009,       43.14,
 140.338198,   34.859009,       42.67,
 140.342703,   34.859009,       42.18,
 140.347207,   34.859009,       41.68,
 140.351712,   34.859009,       41.17,
 140.356216,   34.859009,       40.83,
 140.360721,   34.859009,       40.66,
 140.365225,   34.859009,       40.48,
 140.369730,   34.859009,       40.31,
 140.374234,   34.859009,       40.25,
 140.378739,   34.859009,       40.32,
 140.383243,   34.859009,       40.40,
 140.387748,   34.859009,       40.49,
 139.140000,   34.863514,       44.58,
 139.144505,   34.863514,       44.47,
 139.149009,   34.863514,       44.35,
 139.153514,   34.863514,       44.25,
 139.158018,   34.863514,       44.30,
 139.162523,   34.863514,       44.39,
 139.167027,   34.863514,       44.47,
 139.171532,   34.863514,       44.56,
 139.176036,   34.863514,       44.97,
 139.180541,   34.863514,       45.46,
 139.185045,   34.863514,       45.93,
 139.189550,   34.863514,       46.39,
 139.194054,   34.863514,       46.83,
 139.198559,   34.863514,       47.25,
 139.203063,   34.863514,       47.66,
 139.207568,   34.863514,       48.06,
 139.212072,   34.863514,       48.43,
 139.216577,   34.863514,       48.79,
 139.221081,   34.863514,       49.14,
 139.225586,   34.863514,       49.47,
 139.230090,   34.863514,       49.78,
 139.234595,   34.863514,       50.00,
 139.239099,   34.863514,       50.05,
 139.243604,   34.863514,       50.06,
 139.248108,   34.863514,       49.85,
 139.252613,   34.863514,       49.65,
 139.257117,   34.863514,       49.47,
 139.261622,   34.863514,       49.29,
 139.266126,   34.863514,       49.13,
 139.270631,   34.863514,       48.97,
 139.275135,   34.863514,       48.83,
 139.279640,   34.863514,       48.70,
 139.284144,   34.863514,       48.59,
 139.288649,   34.863514,       48.48,
 139.293153,   34.863514,       48.39,
 139.297658,   34.863514,       48.31,
 139.302162,   34.863514,       48.23,
 139.306667,   34.863514,       48.18,
 139.311171,   34.863514,       48.17,
 139.315676,   34.863514,       48.16,
 139.320180,   34.863514,       48.14,
 139.324685,   34.863514,       48.12,
 139.329189,   34.863514,       48.10,
 139.333694,   34.863514,       48.06,
 139.338198,   34.863514,       48.03,
 139.342703,   34.863514,       47.98,
 139.347207,   34.863514,       47.94,
 139.351712,   34.863514,       47.80,
 139.356216,   34.863514,       47.53,
 139.360721,   34.863514,       47.30,
 139.365225,   34.863514,       47.09,
 139.369730,   34.863514,       46.89,
 139.374234,   34.863514,       46.73,
 139.378739,   34.863514,       46.61,
 139.383243,   34.863514,       46.53,
 139.387748,   34.863514,       46.48,
 139.392252,   34.863514,       46.44,
 139.396757,   34.863514,       46.39,
 139.401261,   34.863514,       46.32,
 139.405766,   34.863514,       46.28,
 139.410270,   34.863514,       46.27,
 139.414775,   34.863514,       46.16,
 139.419279,   34.863514,       46.02,
 139.423784,   34.863514,       45.85,
 139.428288,   34.863514,       45.66,
 139.432793,   34.863514,       45.44,
 139.437297,   34.863514,       45.22,
 139.441802,   34.863514,       44.99,
 139.446306,   34.863514,       44.63,
 139.450811,   34.863514,       43.97,
 139.455315,   34.863514,       43.22,
 139.459820,   34.863514,       42.38,
 139.464324,   34.863514,       41.45,
 139.468829,   34.863514,       40.45,
 139.473333,   34.863514,       39.38,
 139.477838,   34.863514,       38.31,
 139.482342,   34.863514,       38.19,
 139.486847,   34.863514,       38.57,
 139.491351,   34.863514,       38.94,
 139.495856,   34.863514,       39.30,
 139.500360,   34.863514,       39.65,
 139.504865,   34.863514,       39.98,
 139.509369,   34.863514,       40.25,
 139.513874,   34.863514,       40.47,
 139.518378,   34.863514,       40.59,
 139.522883,   34.863514,       40.60,
 139.527387,   34.863514,       40.60,
 139.531892,   34.863514,       40.61,
 139.536396,   34.863514,       40.61,
 139.540901,   34.863514,       40.61,
 139.545405,   34.863514,       40.60,
 139.549910,   34.863514,       40.58,
 139.554414,   34.863514,       40.54,
 139.558919,   34.863514,       40.50,
 139.563423,   34.863514,       40.45,
 139.567928,   34.863514,       40.41,
 139.572432,   34.863514,       40.34,
 139.576937,   34.863514,       40.26,
 139.581441,   34.863514,       40.19,
 139.585946,   34.863514,       40.14,
 139.590450,   34.863514,       40.10,
 139.594955,   34.863514,       40.09,
 139.599459,   34.863514,       40.10,
 139.603964,   34.863514,       40.06,
 139.608468,   34.863514,       39.86,
 139.612973,   34.863514,       39.58,
 139.617477,   34.863514,       39.29,
 139.621982,   34.863514,       39.00,
 139.626486,   34.863514,       38.69,
 139.630991,   34.863514,       38.37,
 139.635495,   34.863514,       38.10,
 139.640000,   34.863514,       37.86,
 139.644505,   34.863514,       37.65,
 139.649009,   34.863514,       37.50,
 139.653514,   34.863514,       37.33,
 139.658018,   34.863514,       37.06,
 139.662523,   34.863514,       36.82,
 139.667027,   34.863514,       36.59,
 139.671532,   34.863514,       36.39,
 139.676036,   34.863514,       36.28,
 139.680541,   34.863514,       36.21,
 139.685045,   34.863514,       36.17,
 139.689550,   34.863514,       36.18,
 139.694054,   34.863514,       36.22,
 139.698559,   34.863514,       36.31,
 139.703063,   34.863514,       36.48,
 139.707568,   34.863514,       36.69,
 139.712072,   34.863514,       36.88,
 139.716577,   34.863514,       37.11,
 139.721081,   34.863514,       37.36,
 139.725586,   34.863514,       37.59,
 139.730090,   34.863514,       37.76,
 139.734595,   34.863514,       37.88,
 139.739099,   34.863514,       37.94,
 139.743604,   34.863514,       37.93,
 139.748108,   34.863514,       37.76,
 139.752613,   34.863514,       37.52,
 139.757117,   34.863514,       37.31,
 139.761622,   34.863514,       37.28,
 139.766126,   34.863514,       37.22,
 139.770631,   34.863514,       37.07,
 139.775135,   34.863514,       36.88,
 139.779640,   34.863514,       36.64,
 139.784144,   34.863514,       36.48,
 139.788649,   34.863514,       36.47,
 139.793153,   34.863514,       36.41,
 139.797658,   34.863514,       36.75,
 139.802162,   34.863514,       37.19,
 139.806667,   34.863514,       37.68,
 139.811171,   34.863514,       38.42,
 139.815676,   34.863514,       39.15,
 139.820180,   34.863514,       39.88,
 139.824685,   34.863514,       40.70,
 139.829189,   34.863514,       41.41,
 139.833694,   34.863514,       42.01,
 139.838198,   34.863514,       42.60,
 139.842703,   34.863514,       42.95,
 139.847207,   34.863514,       43.13,
 139.851712,   34.863514,       43.25,
 139.856216,   34.863514,       43.09,
 139.860721,   34.863514,       42.85,
 139.865225,   34.863514,       42.63,
 139.869730,   34.863514,       42.42,
 139.874234,   34.863514,       42.22,
 139.878739,   34.863514,       42.03,
 139.883243,   34.863514,       41.84,
 139.887748,   34.863514,       41.64,
 139.892252,   34.863514,       41.38,
 139.896757,   34.863514,       41.13,
 139.901261,   34.863514,       40.90,
 139.905766,   34.863514,       40.55,
 139.910270,   34.863514,       40.30,
 139.914775,   34.863514,       40.24,
 139.919279,   34.863514,       40.19,
 139.923784,   34.863514,       40.25,
 139.928288,   34.863514,       40.40,
 139.932793,   34.863514,       40.48,
 139.937297,   34.863514,       40.55,
 139.941802,   34.863514,       40.71,
 139.946306,   34.863514,       40.87,
 139.950811,   34.863514,       41.03,
 139.955315,   34.863514,       41.25,
 139.959820,   34.863514,       41.43,
 139.964324,   34.863514,       41.47,
 139.968829,   34.863514,       41.51,
 139.973333,   34.863514,       41.53,
 139.977838,   34.863514,       41.65,
 139.982342,   34.863514,       41.84,
 139.986847,   34.863514,       42.01,
 139.991351,   34.863514,       42.12,
 139.995856,   34.863514,       42.14,
 140.000360,   34.863514,       42.27,
 140.004865,   34.863514,       42.52,
 140.009369,   34.863514,       42.83,
 140.013874,   34.863514,       43.16,
 140.018378,   34.863514,       43.45,
 140.022883,   34.863514,       43.71,
 140.027387,   34.863514,       44.00,
 140.031892,   34.863514,       44.34,
 140.036396,   34.863514,       44.73,
 140.040901,   34.863514,       45.15,
 140.045405,   34.863514,       45.55,
 140.049910,   34.863514,       45.86,
 140.054414,   34.863514,       46.10,
 140.058919,   34.863514,       46.30,
 140.063423,   34.863514,       46.49,
 140.067928,   34.863514,       46.67,
 140.072432,   34.863514,       46.86,
 140.076937,   34.863514,       47.04,
 140.081441,   34.863514,       47.22,
 140.085946,   34.863514,       47.41,
 140.090450,   34.863514,       47.43,
 140.094955,   34.863514,       47.44,
 140.099459,   34.863514,       47.47,
 140.103964,   34.863514,       47.51,
 140.108468,   34.863514,       47.58,
 140.112973,   34.863514,       47.67,
 140.117477,   34.863514,       47.77,
 140.121982,   34.863514,       47.87,
 140.126486,   34.863514,       47.87,
 140.130991,   34.863514,       47.80,
 140.135495,   34.863514,       47.68,
 140.140000,   34.863514,       47.55,
 140.144505,   34.863514,       47.42,
 140.149009,   34.863514,       47.30,
 140.153514,   34.863514,       47.19,
 140.158018,   34.863514,       47.08,
 140.162523,   34.863514,       46.98,
 140.167027,   34.863514,       46.89,
 140.171532,   34.863514,       46.80,
 140.176036,   34.863514,       46.74,
 140.180541,   34.863514,       46.68,
 140.185045,   34.863514,       46.66,
 140.189550,   34.863514,       46.66,
 140.194054,   34.863514,       46.66,
 140.198559,   34.863514,       46.67,
 140.203063,   34.863514,       46.69,
 140.207568,   34.863514,       46.72,
 140.212072,   34.863514,       46.76,
 140.216577,   34.863514,       46.81,
 140.221081,   34.863514,       46.87,
 140.225586,   34.863514,       46.94,
 140.230090,   34.863514,       47.02,
 140.234595,   34.863514,       47.11,
 140.239099,   34.863514,       47.22,
 140.243604,   34.863514,       47.33,
 140.248108,   34.863514,       47.45,
 140.252613,   34.863514,       47.58,
 140.257117,   34.863514,       47.72,
 140.261622,   34.863514,       47.87,
 140.266126,   34.863514,       47.94,
 140.270631,   34.863514,       47.89,
 140.275135,   34.863514,       47.68,
 140.279640,   34.863514,       47.37,
 140.284144,   34.863514,       47.06,
 140.288649,   34.863514,       46.73,
 140.293153,   34.863514,       46.39,
 140.297658,   34.863514,       46.04,
 140.302162,   34.863514,       45.67,
 140.306667,   34.863514,       45.29,
 140.311171,   34.863514,       44.90,
 140.315676,   34.863514,       44.49,
 140.320180,   34.863514,       44.07,
 140.324685,   34.863514,       43.64,
 140.329189,   34.863514,       43.19,
 140.333694,   34.863514,       42.73,
 140.338198,   34.863514,       42.26,
 140.342703,   34.863514,       41.77,
 140.347207,   34.863514,       41.28,
 140.351712,   34.863514,       40.92,
 140.356216,   34.863514,       40.75,
 140.360721,   34.863514,       40.57,
 140.365225,   34.863514,       40.40,
 140.369730,   34.863514,       40.37,
 140.374234,   34.863514,       40.43,
 140.378739,   34.863514,       40.50,
 140.383243,   34.863514,       40.58,
 140.387748,   34.863514,       40.67,
 139.140000,   34.868018,       44.77,
 139.144505,   34.868018,       44.65,
 139.149009,   34.868018,       44.54,
 139.153514,   34.868018,       44.43,
 139.158018,   34.868018,       44.33,
 139.162523,   34.868018,       44.34,
 139.167027,   34.868018,       44.43,
 139.171532,   34.868018,       44.52,
 139.176036,   34.868018,       44.60,
 139.180541,   34.868018,       45.00,
 139.185045,   34.868018,       45.48,
 139.189550,   34.868018,       45.93,
 139.194054,   34.868018,       46.37,
 139.198559,   34.868018,       46.80,
 139.203063,   34.868018,       47.21,
 139.207568,   34.868018,       47.60,
 139.212072,   34.868018,       47.98,
 139.216577,   34.868018,       48.34,
 139.221081,   34.868018,       48.68,
 139.225586,   34.868018,       49.01,
 139.230090,   34.868018,       49.32,
 139.234595,   34.868018,       49.62,
 139.239099,   34.868018,       49.83,
 139.243604,   34.868018,       49.88,
 139.248108,   34.868018,       49.85,
 139.252613,   34.868018,       49.65,
 139.257117,   34.868018,       49.47,
 139.261622,   34.868018,       49.29,
 139.266126,   34.868018,       49.13,
 139.270631,   34.868018,       48.98,
 139.275135,   34.868018,       48.84,
 139.279640,   34.868018,       48.72,
 139.284144,   34.868018,       48.60,
 139.288649,   34.868018,       48.50,
 139.293153,   34.868018,       48.41,
 139.297658,   34.868018,       48.33,
 139.302162,   34.868018,       48.26,
 139.306667,   34.868018,       48.20,
 139.311171,   34.868018,       48.16,
 139.315676,   34.868018,       48.15,
 139.320180,   34.868018,       48.13,
 139.324685,   34.868018,       48.11,
 139.329189,   34.868018,       48.08,
 139.333694,   34.868018,       48.05,
 139.338198,   34.868018,       48.01,
 139.342703,   34.868018,       47.96,
 139.347207,   34.868018,       47.91,
 139.351712,   34.868018,       47.86,
 139.356216,   34.868018,       47.67,
 139.360721,   34.868018,       47.46,
 139.365225,   34.868018,       47.26,
 139.369730,   34.868018,       47.07,
 139.374234,   34.868018,       46.91,
 139.378739,   34.868018,       46.79,
 139.383243,   34.868018,       46.69,
 139.387748,   34.868018,       46.62,
 139.392252,   34.868018,       46.55,
 139.396757,   34.868018,       46.48,
 139.401261,   34.868018,       46.39,
 139.405766,   34.868018,       46.30,
 139.410270,   34.868018,       46.18,
 139.414775,   34.868018,       46.04,
 139.419279,   34.868018,       45.88,
 139.423784,   34.868018,       45.70,
 139.428288,   34.868018,       45.50,
 139.432793,   34.868018,       45.28,
 139.437297,   34.868018,       45.05,
 139.441802,   34.868018,       44.80,
 139.446306,   34.868018,       44.45,
 139.450811,   34.868018,       43.79,
 139.455315,   34.868018,       43.05,
 139.459820,   34.868018,       42.24,
 139.464324,   34.868018,       41.35,
 139.468829,   34.868018,       40.40,
 139.473333,   34.868018,       39.51,
 139.477838,   34.868018,       38.92,
 139.482342,   34.868018,       38.85,
 139.486847,   34.868018,       39.08,
 139.491351,   34.868018,       39.38,
 139.495856,   34.868018,       39.71,
 139.500360,   34.868018,       40.06,
 139.504865,   34.868018,       40.37,
 139.509369,   34.868018,       40.62,
 139.513874,   34.868018,       40.79,
 139.518378,   34.868018,       40.88,
 139.522883,   34.868018,       40.89,
 139.527387,   34.868018,       40.89,
 139.531892,   34.868018,       40.89,
 139.536396,   34.868018,       40.89,
 139.540901,   34.868018,       40.89,
 139.545405,   34.868018,       40.87,
 139.549910,   34.868018,       40.84,
 139.554414,   34.868018,       40.80,
 139.558919,   34.868018,       40.74,
 139.563423,   34.868018,       40.68,
 139.567928,   34.868018,       40.62,
 139.572432,   34.868018,       40.58,
 139.576937,   34.868018,       40.54,
 139.581441,   34.868018,       40.51,
 139.585946,   34.868018,       40.49,
 139.590450,   34.868018,       40.49,
 139.594955,   34.868018,       40.52,
 139.599459,   34.868018,       40.59,
 139.603964,   34.868018,       40.70,
 139.608468,   34.868018,       40.38,
 139.612973,   34.868018,       40.02,
 139.617477,   34.868018,       39.68,
 139.621982,   34.868018,       39.35,
 139.626486,   34.868018,       39.01,
 139.630991,   34.868018,       38.69,
 139.635495,   34.868018,       38.42,
 139.640000,   34.868018,       38.23,
 139.644505,   34.868018,       38.07,
 139.649009,   34.868018,       37.94,
 139.653514,   34.868018,       37.82,
 139.658018,   34.868018,       37.64,
 139.662523,   34.868018,       37.41,
 139.667027,   34.868018,       37.20,
 139.671532,   34.868018,       37.04,
 139.676036,   34.868018,       36.99,
 139.680541,   34.868018,       36.95,
 139.685045,   34.868018,       36.91,
 139.689550,   34.868018,       36.90,
 139.694054,   34.868018,       36.98,
 139.698559,   34.868018,       37.09,
 139.703063,   34.868018,       37.22,
 139.707568,   34.868018,       37.40,
 139.712072,   34.868018,       37.60,
 139.716577,   34.868018,       37.80,
 139.721081,   34.868018,       38.02,
 139.725586,   34.868018,       38.24,
 139.730090,   34.868018,       38.46,
 139.734595,   34.868018,       38.64,
 139.739099,   34.868018,       38.74,
 139.743604,   34.868018,       38.81,
 139.748108,   34.868018,       38.84,
 139.752613,   34.868018,       38.74,
 139.757117,   34.868018,       38.62,
 139.761622,   34.868018,       38.57,
 139.766126,   34.868018,       38.48,
 139.770631,   34.868018,       38.26,
 139.775135,   34.868018,       38.06,
 139.779640,   34.868018,       37.86,
 139.784144,   34.868018,       37.71,
 139.788649,   34.868018,       37.63,
 139.793153,   34.868018,       37.75,
 139.797658,   34.868018,       38.01,
 139.802162,   34.868018,       38.44,
 139.806667,   34.868018,       39.03,
 139.811171,   34.868018,       39.71,
 139.815676,   34.868018,       40.35,
 139.820180,   34.868018,       40.94,
 139.824685,   34.868018,       41.64,
 139.829189,   34.868018,       42.13,
 139.833694,   34.868018,       42.60,
 139.838198,   34.868018,       43.05,
 139.842703,   34.868018,       43.23,
 139.847207,   34.868018,       43.37,
 139.851712,   34.868018,       43.31,
 139.856216,   34.868018,       43.06,
 139.860721,   34.868018,       42.85,
 139.865225,   34.868018,       42.77,
 139.869730,   34.868018,       42.69,
 139.874234,   34.868018,       42.55,
 139.878739,   34.868018,       42.48,
 139.883243,   34.868018,       42.35,
 139.887748,   34.868018,       42.25,
 139.892252,   34.868018,       42.06,
 139.896757,   34.868018,       41.90,
 139.901261,   34.868018,       41.79,
 139.905766,   34.868018,       41.57,
 139.910270,   34.868018,       41.45,
 139.914775,   34.868018,       41.42,
 139.919279,   34.868018,       41.38,
 139.923784,   34.868018,       41.40,
 139.928288,   34.868018,       41.49,
 139.932793,   34.868018,       41.47,
 139.937297,   34.868018,       41.48,
 139.941802,   34.868018,       41.51,
 139.946306,   34.868018,       41.64,
 139.950811,   34.868018,       41.78,
 139.955315,   34.868018,       41.92,
 139.959820,   34.868018,       41.98,
 139.964324,   34.868018,       42.02,
 139.968829,   34.868018,       42.06,
 139.973333,   34.868018,       42.08,
 139.977838,   34.868018,       42.09,
 139.982342,   34.868018,       42.18,
 139.986847,   34.868018,       42.32,
 139.991351,   34.868018,       42.37,
 139.995856,   34.868018,       42.34,
 140.000360,   34.868018,       42.34,
 140.004865,   34.868018,       42.47,
 140.009369,   34.868018,       42.72,
 140.013874,   34.868018,       43.01,
 140.018378,   34.868018,       43.27,
 140.022883,   34.868018,       43.52,
 140.027387,   34.868018,       43.77,
 140.031892,   34.868018,       44.07,
 140.036396,   34.868018,       44.41,
 140.040901,   34.868018,       44.79,
 140.045405,   34.868018,       45.16,
 140.049910,   34.868018,       45.42,
 140.054414,   34.868018,       45.64,
 140.058919,   34.868018,       45.83,
 140.063423,   34.868018,       46.02,
 140.067928,   34.868018,       46.21,
 140.072432,   34.868018,       46.40,
 140.076937,   34.868018,       46.59,
 140.081441,   34.868018,       46.79,
 140.085946,   34.868018,       47.00,
 140.090450,   34.868018,       47.18,
 140.094955,   34.868018,       47.27,
 140.099459,   34.868018,       47.33,
 140.103964,   34.868018,       47.40,
 140.108468,   34.868018,       47.49,
 140.112973,   34.868018,       47.61,
 140.117477,   34.868018,       47.74,
 140.121982,   34.868018,       47.89,
 140.126486,   34.868018,       47.97,
 140.130991,   34.868018,       47.88,
 140.135495,   34.868018,       47.72,
 140.140000,   34.868018,       47.58,
 140.144505,   34.868018,       47.44,
 140.149009,   34.868018,       47.32,
 140.153514,   34.868018,       47.20,
 140.158018,   34.868018,       47.10,
 140.162523,   34.868018,       47.00,
 140.167027,   34.868018,       46.90,
 140.171532,   34.868018,       46.82,
 140.176036,   34.868018,       46.73,
 140.180541,   34.868018,       46.70,
 140.185045,   34.868018,       46.67,
 140.189550,   34.868018,       46.66,
 140.194054,   34.868018,       46.66,
 140.198559,   34.868018,       46.67,
 140.203063,   34.868018,       46.69,
 140.207568,   34.868018,       46.72,
 140.212072,   34.868018,       46.75,
 140.216577,   34.868018,       46.80,
 140.221081,   34.868018,       46.86,
 140.225586,   34.868018,       46.93,
 140.230090,   34.868018,       47.01,
 140.234595,   34.868018,       47.09,
 140.239099,   34.868018,       47.19,
 140.243604,   34.868018,       47.30,
 140.248108,   34.868018,       47.42,
 140.252613,   34.868018,       47.55,
 140.257117,   34.868018,       47.68,
 140.261622,   34.868018,       47.79,
 140.266126,   34.868018,       47.75,
 140.270631,   34.868018,       47.56,
 140.275135,   34.868018,       47.27,
 140.279640,   34.868018,       46.97,
 140.284144,   34.868018,       46.65,
 140.288649,   34.868018,       46.33,
 140.293153,   34.868018,       45.99,
 140.297658,   34.868018,       45.63,
 140.302162,   34.868018,       45.27,
 140.306667,   34.868018,       44.89,
 140.311171,   34.868018,       44.50,
 140.315676,   34.868018,       44.09,
 140.320180,   34.868018,       43.67,
 140.324685,   34.868018,       43.24,
 140.329189,   34.868018,       42.79,
 140.333694,   34.868018,       42.34,
 140.338198,   34.868018,       41.86,
 140.342703,   34.868018,       41.38,
 140.347207,   34.868018,       41.02,
 140.351712,   34.868018,       40.84,
 140.356216,   34.868018,       40.66,
 140.360721,   34.868018,       40.49,
 140.365225,   34.868018,       40.48,
 140.369730,   34.868018,       40.54,
 140.374234,   34.868018,       40.60,
 140.378739,   34.868018,       40.68,
 140.383243,   34.868018,       40.76,
 140.387748,   34.868018,       40.85,
 139.140000,   34.872523,       44.95,
 139.144505,   34.872523,       44.83,
 139.149009,   34.872523,       44.72,
 139.153514,   34.872523,       44.61,
 139.158018,   34.872523,       44.51,
 139.162523,   34.872523,       44.41,
 139.167027,   34.872523,       44.39,
 139.171532,   34.872523,       44.47,
 139.176036,   34.872523,       44.56,
 139.180541,   34.872523,       44.65,
 139.185045,   34.872523,       45.04,
 139.189550,   34.872523,       45.49,
 139.194054,   34.872523,       45.93,
 139.198559,   34.872523,       46.36,
 139.203063,   34.872523,       46.77,
 139.207568,   34.872523,       47.16,
 139.212072,   34.872523,       47.54,
 139.216577,   34.872523,       47.90,
 139.221081,   34.872523,       48.24,
 139.225586,   34.872523,       48.57,
 139.230090,   34.872523,       48.88,
 139.234595,   34.872523,       49.18,
 139.239099,   34.872523,       49.46,
 139.243604,   34.872523,       49.66,
 139.248108,   34.872523,       49.71,
 139.252613,   34.872523,       49.64,
 139.257117,   34.872523,       49.45,
 139.261622,   34.872523,       49.28,
 139.266126,   34.872523,       49.12,
 139.270631,   34.872523,       48.98,
 139.275135,   34.872523,       48.84,
 139.279640,   34.872523,       48.72,
 139.284144,   34.872523,       48.60,
 139.288649,   34.872523,       48.50,
 139.293153,   34.872523,       48.41,
 139.297658,   34.872523,       48.33,
 139.302162,   34.872523,       48.27,
 139.306667,   34.872523,       48.21,
 139.311171,   34.872523,       48.17,
 139.315676,   34.872523,       48.14,
 139.320180,   34.872523,       48.12,
 139.324685,   34.872523,       48.10,
 139.329189,   34.872523,       48.07,
 139.333694,   34.872523,       48.03,
 139.338198,   34.872523,       47.99,
 139.342703,   34.872523,       47.95,
 139.347207,   34.872523,       47.90,
 139.351712,   34.872523,       47.85,
 139.356216,   34.872523,       47.78,
 139.360721,   34.872523,       47.63,
 139.365225,   34.872523,       47.42,
 139.369730,   34.872523,       47.24,
 139.374234,   34.872523,       47.09,
 139.378739,   34.872523,       46.96,
 139.383243,   34.872523,       46.86,
 139.387748,   34.872523,       46.76,
 139.392252,   34.872523,       46.66,
 139.396757,   34.872523,       46.56,
 139.401261,   34.872523,       46.44,
 139.405766,   34.872523,       46.31,
 139.410270,   34.872523,       46.14,
 139.414775,   34.872523,       45.95,
 139.419279,   34.872523,       45.77,
 139.423784,   34.872523,       45.59,
 139.428288,   34.872523,       45.39,
 139.432793,   34.872523,       45.17,
 139.437297,   34.872523,       44.93,
 139.441802,   34.872523,       44.66,
 139.446306,   34.872523,       44.34,
 139.450811,   34.872523,       43.75,
 139.455315,   34.872523,       43.06,
 139.459820,   34.872523,       42.27,
 139.464324,   34.872523,       41.41,
 139.468829,   34.872523,       40.57,
 139.473333,   34.872523,       39.94,
 139.477838,   34.872523,       39.59,
 139.482342,   34.872523,       39.54,
 139.486847,   34.872523,       39.70,
 139.491351,   34.872523,       39.93,
 139.495856,   34.872523,       40.20,
 139.500360,   34.872523,       40.51,
 139.504865,   34.872523,       40.79,
 139.509369,   34.872523,       40.99,
 139.513874,   34.872523,       41.12,
 139.518378,   34.872523,       41.18,
 139.522883,   34.872523,       41.18,
 139.527387,   34.872523,       41.18,
 139.531892,   34.872523,       41.18,
 139.536396,   34.872523,       41.18,
 139.540901,   34.872523,       41.17,
 139.545405,   34.872523,       41.14,
 139.549910,   34.872523,       41.10,
 139.554414,   34.872523,       41.04,
 139.558919,   34.872523,       40.98,
 139.563423,   34.872523,       40.90,
 139.567928,   34.872523,       40.83,
 139.572432,   34.872523,       40.79,
 139.576937,   34.872523,       40.77,
 139.581441,   34.872523,       40.76,
 139.585946,   34.872523,       40.78,
 139.590450,   34.872523,       40.80,
 139.594955,   34.872523,       40.83,
 139.599459,   34.872523,       40.86,
 139.603964,   34.872523,       40.83,
 139.608468,   34.872523,       40.61,
 139.612973,   34.872523,       40.28,
 139.617477,   34.872523,       39.94,
 139.621982,   34.872523,       39.62,
 139.626486,   34.872523,       39.30,
 139.630991,   34.872523,       39.00,
 139.635495,   34.872523,       38.72,
 139.640000,   34.872523,       38.57,
 139.644505,   34.872523,       38.46,
 139.649009,   34.872523,       38.37,
 139.653514,   34.872523,       38.29,
 139.658018,   34.872523,       38.16,
 139.662523,   34.872523,       37.96,
 139.667027,   34.872523,       37.82,
 139.671532,   34.872523,       37.74,
 139.676036,   34.872523,       37.72,
 139.680541,   34.872523,       37.68,
 139.685045,   34.872523,       37.65,
 139.689550,   34.872523,       37.66,
 139.694054,   34.872523,       37.75,
 139.698559,   34.872523,       37.86,
 139.703063,   34.872523,       37.97,
 139.707568,   34.872523,       38.11,
 139.712072,   34.872523,       38.30,
 139.716577,   34.872523,       38.49,
 139.721081,   34.872523,       38.70,
 139.725586,   34.872523,       38.91,
 139.730090,   34.872523,       39.13,
 139.734595,   34.872523,       39.36,
 139.739099,   34.872523,       39.56,
 139.743604,   34.872523,       39.73,
 139.748108,   34.872523,       39.76,
 139.752613,   34.872523,       39.75,
 139.757117,   34.872523,       39.70,
 139.761622,   34.872523,       39.63,
 139.766126,   34.872523,       39.47,
 139.770631,   34.872523,       39.23,
 139.775135,   34.872523,       39.03,
 139.779640,   34.872523,       38.84,
 139.784144,   34.872523,       38.69,
 139.788649,   34.872523,       38.67,
 139.793153,   34.872523,       38.82,
 139.797658,   34.872523,       39.09,
 139.802162,   34.872523,       39.57,
 139.806667,   34.872523,       40.17,
 139.811171,   34.872523,       40.82,
 139.815676,   34.872523,       41.36,
 139.820180,   34.872523,       41.93,
 139.824685,   34.872523,       42.33,
 139.829189,   34.872523,       42.69,
 139.833694,   34.872523,       43.13,
 139.838198,   34.872523,       43.39,
 139.842703,   34.872523,       43.54,
 139.847207,   34.872523,       43.57,
 139.851712,   34.872523,       43.32,
 139.856216,   34.872523,       43.06,
 139.860721,   34.872523,       42.93,
 139.865225,   34.872523,       42.93,
 139.869730,   34.872523,       42.93,
 139.874234,   34.872523,       42.91,
 139.878739,   34.872523,       42.89,
 139.883243,   34.872523,       42.85,
 139.887748,   34.872523,       42.76,
 139.892252,   34.872523,       42.70,
 139.896757,   34.872523,       42.61,
 139.901261,   34.872523,       42.51,
 139.905766,   34.872523,       42.48,
 139.910270,   34.872523,       42.41,
 139.914775,   34.872523,       42.37,
 139.919279,   34.872523,       42.37,
 139.923784,   34.872523,       42.37,
 139.928288,   34.872523,       42.38,
 139.932793,   34.872523,       42.38,
 139.937297,   34.872523,       42.37,
 139.941802,   34.872523,       42.35,
 139.946306,   34.872523,       42.40,
 139.950811,   34.872523,       42.51,
 139.955315,   34.872523,       42.58,
 139.959820,   34.872523,       42.59,
 139.964324,   34.872523,       42.61,
 139.968829,   34.872523,       42.63,
 139.973333,   34.872523,       42.64,
 139.977838,   34.872523,       42.63,
 139.982342,   34.872523,       42.61,
 139.986847,   34.872523,       42.65,
 139.991351,   34.872523,       42.63,
 139.995856,   34.872523,       42.57,
 140.000360,   34.872523,       42.50,
 140.004865,   34.872523,       42.48,
 140.009369,   34.872523,       42.60,
 140.013874,   34.872523,       42.84,
 140.018378,   34.872523,       43.07,
 140.022883,   34.872523,       43.30,
 140.027387,   34.872523,       43.54,
 140.031892,   34.872523,       43.81,
 140.036396,   34.872523,       44.11,
 140.040901,   34.872523,       44.43,
 140.045405,   34.872523,       44.76,
 140.049910,   34.872523,       44.98,
 140.054414,   34.872523,       45.18,
 140.058919,   34.872523,       45.37,
 140.063423,   34.872523,       45.57,
 140.067928,   34.872523,       45.76,
 140.072432,   34.872523,       45.95,
 140.076937,   34.872523,       46.15,
 140.081441,   34.872523,       46.37,
 140.085946,   34.872523,       46.59,
 140.090450,   34.872523,       46.80,
 140.094955,   34.872523,       46.98,
 140.099459,   34.872523,       47.11,
 140.103964,   34.872523,       47.22,
 140.108468,   34.872523,       47.34,
 140.112973,   34.872523,       47.48,
 140.117477,   34.872523,       47.64,
 140.121982,   34.872523,       47.83,
 140.126486,   34.872523,       48.06,
 140.130991,   34.872523,       47.91,
 140.135495,   34.872523,       47.73,
 140.140000,   34.872523,       47.58,
 140.144505,   34.872523,       47.43,
 140.149009,   34.872523,       47.30,
 140.153514,   34.872523,       47.18,
 140.158018,   34.872523,       47.08,
 140.162523,   34.872523,       46.98,
 140.167027,   34.872523,       46.88,
 140.171532,   34.872523,       46.79,
 140.176036,   34.872523,       46.71,
 140.180541,   34.872523,       46.69,
 140.185045,   34.872523,       46.67,
 140.189550,   34.872523,       46.66,
 140.194054,   34.872523,       46.66,
 140.198559,   34.872523,       46.66,
 140.203063,   34.872523,       46.68,
 140.207568,   34.872523,       46.70,
 140.212072,   34.872523,       46.74,
 140.216577,   34.872523,       46.78,
 140.221081,   34.872523,       46.84,
 140.225586,   34.872523,       46.90,
 140.230090,   34.872523,       46.98,
 140.234595,   34.872523,       47.06,
 140.239099,   34.872523,       47.16,
 140.243604,   34.872523,       47.27,
 140.248108,   34.872523,       47.38,
 140.252613,   34.872523,       47.51,
 140.257117,   34.872523,       47.64,
 140.261622,   34.872523,       47.60,
 140.266126,   34.872523,       47.43,
 140.270631,   34.872523,       47.16,
 140.275135,   34.872523,       46.87,
 140.279640,   34.872523,       46.57,
 140.284144,   34.872523,       46.26,
 140.288649,   34.872523,       45.94,
 140.293153,   34.872523,       45.60,
 140.297658,   34.872523,       45.25,
 140.302162,   34.872523,       44.88,
 140.306667,   34.872523,       44.50,
 140.311171,   34.872523,       44.11,
 140.315676,   34.872523,       43.71,
 140.320180,   34.872523,       43.29,
 140.324685,   34.872523,       42.86,
 140.329189,   34.872523,       42.41,
 140.333694,   34.872523,       41.95,
 140.338198,   34.872523,       41.48,
 140.342703,   34.872523,       41.11,
 140.347207,   34.872523,       40.93,
 140.351712,   34.872523,       40.76,
 140.356216,   34.872523,       40.58,
 140.360721,   34.872523,       40.60,
 140.365225,   34.872523,       40.64,
 140.369730,   34.872523,       40.70,
 140.374234,   34.872523,       40.77,
 140.378739,   34.872523,       40.84,
 140.383243,   34.872523,       40.93,
 140.387748,   34.872523,       41.02,
 139.140000,   34.877027,       45.13,
 139.144505,   34.877027,       45.01,
 139.149009,   34.877027,       44.90,
 139.153514,   34.877027,       44.79,
 139.158018,   34.877027,       44.68,
 139.162523,   34.877027,       44.58,
 139.167027,   34.877027,       44.49,
 139.171532,   34.877027,       44.43,
 139.176036,   34.877027,       44.52,
 139.180541,   34.877027,       44.60,
 139.185045,   34.877027,       44.69,
 139.189550,   34.877027,       45.07,
 139.194054,   34.877027,       45.51,
 139.198559,   34.877027,       45.93,
 139.203063,   34.877027,       46.34,
 139.207568,   34.877027,       46.73,
 139.212072,   34.877027,       47.11,
 139.216577,   34.877027,       47.47,
 139.221081,   34.877027,       47.82,
 139.225586,   34.877027,       48.15,
 139.230090,   34.877027,       48.46,
 139.234595,   34.877027,       48.75,
 139.239099,   34.877027,       49.04,
 139.243604,   34.877027,       49.30,
 139.248108,   34.877027,       49.48,
 139.252613,   34.877027,       49.54,
 139.257117,   34.877027,       49.43,
 139.261622,   34.877027,       49.26,
 139.266126,   34.877027,       49.11,
 139.270631,   34.877027,       48.96,
 139.275135,   34.877027,       48.83,
 139.279640,   34.877027,       48.70,
 139.284144,   34.877027,       48.59,
 139.288649,   34.877027,       48.50,
 139.293153,   34.877027,       48.41,
 139.297658,   34.877027,       48.33,
 139.302162,   34.877027,       48.27,
 139.306667,   34.877027,       48.22,
 139.311171,   34.877027,       48.17,
 139.315676,   34.877027,       48.15,
 139.320180,   34.877027,       48.12,
 139.324685,   34.877027,       48.09,
 139.329189,   34.877027,       48.06,
 139.333694,   34.877027,       48.03,
 139.338198,   34.877027,       47.98,
 139.342703,   34.877027,       47.94,
 139.347207,   34.877027,       47.90,
 139.351712,   34.877027,       47.87,
 139.356216,   34.877027,       47.82,
 139.360721,   34.877027,       47.72,
 139.365225,   34.877027,       47.58,
 139.369730,   34.877027,       47.40,
 139.374234,   34.877027,       47.25,
 139.378739,   34.877027,       47.13,
 139.383243,   34.877027,       47.01,
 139.387748,   34.877027,       46.89,
 139.392252,   34.877027,       46.75,
 139.396757,   34.877027,       46.61,
 139.401261,   34.877027,       46.46,
 139.405766,   34.877027,       46.30,
 139.410270,   34.877027,       46.11,
 139.414775,   34.877027,       45.90,
 139.419279,   34.877027,       45.71,
 139.423784,   34.877027,       45.51,
 139.428288,   34.877027,       45.31,
 139.432793,   34.877027,       45.08,
 139.437297,   34.877027,       44.82,
 139.441802,   34.877027,       44.53,
 139.446306,   34.877027,       44.20,
 139.450811,   34.877027,       43.73,
 139.455315,   34.877027,       43.13,
 139.459820,   34.877027,       42.45,
 139.464324,   34.877027,       41.64,
 139.468829,   34.877027,       40.91,
 139.473333,   34.877027,       40.46,
 139.477838,   34.877027,       40.24,
 139.482342,   34.877027,       40.24,
 139.486847,   34.877027,       40.34,
 139.491351,   34.877027,       40.50,
 139.495856,   34.877027,       40.71,
 139.500360,   34.877027,       40.98,
 139.504865,   34.877027,       41.21,
 139.509369,   34.877027,       41.36,
 139.513874,   34.877027,       41.44,
 139.518378,   34.877027,       41.46,
 139.522883,   34.877027,       41.46,
 139.527387,   34.877027,       41.46,
 139.531892,   34.877027,       41.47,
 139.536396,   34.877027,       41.47,
 139.540901,   34.877027,       41.46,
 139.545405,   34.877027,       41.42,
 139.549910,   34.877027,       41.36,
 139.554414,   34.877027,       41.28,
 139.558919,   34.877027,       41.20,
 139.563423,   34.877027,       41.11,
 139.567928,   34.877027,       41.04,
 139.572432,   34.877027,       40.99,
 139.576937,   34.877027,       40.96,
 139.581441,   34.877027,       40.96,
 139.585946,   34.877027,       40.98,
 139.590450,   34.877027,       40.98,
 139.594955,   34.877027,       40.98,
 139.599459,   34.877027,       40.96,
 139.603964,   34.877027,       40.88,
 139.608468,   34.877027,       40.71,
 139.612973,   34.877027,       40.46,
 139.617477,   34.877027,       40.15,
 139.621982,   34.877027,       39.84,
 139.626486,   34.877027,       39.54,
 139.630991,   34.877027,       39.26,
 139.635495,   34.877027,       39.03,
 139.640000,   34.877027,       38.95,
 139.644505,   34.877027,       38.88,
 139.649009,   34.877027,       38.82,
 139.653514,   34.877027,       38.76,
 139.658018,   34.877027,       38.66,
 139.662523,   34.877027,       38.53,
 139.667027,   34.877027,       38.45,
 139.671532,   34.877027,       38.44,
 139.676036,   34.877027,       38.43,
 139.680541,   34.877027,       38.40,
 139.685045,   34.877027,       38.41,
 139.689550,   34.877027,       38.45,
 139.694054,   34.877027,       38.52,
 139.698559,   34.877027,       38.62,
 139.703063,   34.877027,       38.73,
 139.707568,   34.877027,       38.84,
 139.712072,   34.877027,       38.99,
 139.716577,   34.877027,       39.18,
 139.721081,   34.877027,       39.38,
 139.725586,   34.877027,       39.59,
 139.730090,   34.877027,       39.81,
 139.734595,   34.877027,       40.03,
 139.739099,   34.877027,       40.24,
 139.743604,   34.877027,       40.46,
 139.748108,   34.877027,       40.48,
 139.752613,   34.877027,       40.49,
 139.757117,   34.877027,       40.49,
 139.761622,   34.877027,       40.35,
 139.766126,   34.877027,       40.15,
 139.770631,   34.877027,       39.96,
 139.775135,   34.877027,       39.73,
 139.779640,   34.877027,       39.54,
 139.784144,   34.877027,       39.43,
 139.788649,   34.877027,       39.46,
 139.793153,   34.877027,       39.59,
 139.797658,   34.877027,       39.93,
 139.802162,   34.877027,       40.46,
 139.806667,   34.877027,       41.05,
 139.811171,   34.877027,       41.61,
 139.815676,   34.877027,       42.17,
 139.820180,   34.877027,       42.63,
 139.824685,   34.877027,       42.79,
 139.829189,   34.877027,       43.04,
 139.833694,   34.877027,       43.39,
 139.838198,   34.877027,       43.69,
 139.842703,   34.877027,       43.84,
 139.847207,   34.877027,       43.64,
 139.851712,   34.877027,       43.37,
 139.856216,   34.877027,       43.19,
 139.860721,   34.877027,       43.13,
 139.865225,   34.877027,       43.12,
 139.869730,   34.877027,       43.18,
 139.874234,   34.877027,       43.24,
 139.878739,   34.877027,       43.25,
 139.883243,   34.877027,       43.28,
 139.887748,   34.877027,       43.24,
 139.892252,   34.877027,       43.22,
 139.896757,   34.877027,       43.22,
 139.901261,   34.877027,       43.17,
 139.905766,   34.877027,       43.17,
 139.910270,   34.877027,       43.18,
 139.914775,   34.877027,       43.15,
 139.919279,   34.877027,       43.18,
 139.923784,   34.877027,       43.21,
 139.928288,   34.877027,       43.17,
 139.932793,   34.877027,       43.21,
 139.937297,   34.877027,       43.20,
 139.941802,   34.877027,       43.15,
 139.946306,   34.877027,       43.13,
 139.950811,   34.877027,       43.18,
 139.955315,   34.877027,       43.23,
 139.959820,   34.877027,       43.25,
 139.964324,   34.877027,       43.26,
 139.968829,   34.877027,       43.25,
 139.973333,   34.877027,       43.22,
 139.977838,   34.877027,       43.21,
 139.982342,   34.877027,       43.15,
 139.986847,   34.877027,       42.99,
 139.991351,   34.877027,       42.90,
 139.995856,   34.877027,       42.83,
 140.000360,   34.877027,       42.73,
 140.004865,   34.877027,       42.63,
 140.009369,   34.877027,       42.51,
 140.013874,   34.877027,       42.63,
 140.018378,   34.877027,       42.83,
 140.022883,   34.877027,       43.06,
 140.027387,   34.877027,       43.31,
 140.031892,   34.877027,       43.56,
 140.036396,   34.877027,       43.83,
 140.040901,   34.877027,       44.10,
 140.045405,   34.877027,       44.31,
 140.049910,   34.877027,       44.52,
 140.054414,   34.877027,       44.72,
 140.058919,   34.877027,       44.92,
 140.063423,   34.877027,       45.11,
 140.067928,   34.877027,       45.31,
 140.072432,   34.877027,       45.51,
 140.076937,   34.877027,       45.72,
 140.081441,   34.877027,       45.95,
 140.085946,   34.877027,       46.18,
 140.090450,   34.877027,       46.40,
 140.094955,   34.877027,       46.61,
 140.099459,   34.877027,       46.80,
 140.103964,   34.877027,       46.96,
 140.108468,   34.877027,       47.11,
 140.112973,   34.877027,       47.26,
 140.117477,   34.877027,       47.43,
 140.121982,   34.877027,       47.61,
 140.126486,   34.877027,       47.78,
 140.130991,   34.877027,       47.81,
 140.135495,   34.877027,       47.69,
 140.140000,   34.877027,       47.54,
 140.144505,   34.877027,       47.39,
 140.149009,   34.877027,       47.26,
 140.153514,   34.877027,       47.14,
 140.158018,   34.877027,       47.03,
 140.162523,   34.877027,       46.93,
 140.167027,   34.877027,       46.84,
 140.171532,   34.877027,       46.75,
 140.176036,   34.877027,       46.69,
 140.180541,   34.877027,       46.67,
 140.185045,   34.877027,       46.65,
 140.189550,   34.877027,       46.65,
 140.194054,   34.877027,       46.64,
 140.198559,   34.877027,       46.64,
 140.203063,   34.877027,       46.66,
 140.207568,   34.877027,       46.68,
 140.212072,   34.877027,       46.71,
 140.216577,   34.877027,       46.75,
 140.221081,   34.877027,       46.81,
 140.225586,   34.877027,       46.87,
 140.230090,   34.877027,       46.94,
 140.234595,   34.877027,       47.02,
 140.239099,   34.877027,       47.12,
 140.243604,   34.877027,       47.22,
 140.248108,   34.877027,       47.33,
 140.252613,   34.877027,       47.45,
 140.257117,   34.877027,       47.46,
 140.261622,   34.877027,       47.31,
 140.266126,   34.877027,       47.05,
 140.270631,   34.877027,       46.78,
 140.275135,   34.877027,       46.49,
 140.279640,   34.877027,       46.20,
 140.284144,   34.877027,       45.88,
 140.288649,   34.877027,       45.56,
 140.293153,   34.877027,       45.22,
 140.297658,   34.877027,       44.87,
 140.302162,   34.877027,       44.50,
 140.306667,   34.877027,       44.13,
 140.311171,   34.877027,       43.74,
 140.315676,   34.877027,       43.33,
 140.320180,   34.877027,       42.92,
 140.324685,   34.877027,       42.49,
 140.329189,   34.877027,       42.04,
 140.333694,   34.877027,       41.59,
 140.338198,   34.877027,       41.20,
 140.342703,   34.877027,       41.02,
 140.347207,   34.877027,       40.85,
 140.351712,   34.877027,       40.68,
 140.356216,   34.877027,       40.71,
 140.360721,   34.877027,       40.75,
 140.365225,   34.877027,       40.80,
 140.369730,   34.877027,       40.85,
 140.374234,   34.877027,       40.92,
 140.378739,   34.877027,       41.00,
 140.383243,   34.877027,       41.08,
 140.387748,   34.877027,       41.18,
 139.140000,   34.881532,       45.30,
 139.144505,   34.881532,       45.18,
 139.149009,   34.881532,       45.07,
 139.153514,   34.881532,       44.96,
 139.158018,   34.881532,       44.85,
 139.162523,   34.881532,       44.75,
 139.167027,   34.881532,       44.65,
 139.171532,   34.881532,       44.56,
 139.176036,   34.881532,       44.48,
 139.180541,   34.881532,       44.56,
 139.185045,   34.881532,       44.65,
 139.189550,   34.881532,       44.73,
 139.194054,   34.881532,       45.10,
 139.198559,   34.881532,       45.52,
 139.203063,   34.881532,       45.93,
 139.207568,   34.881532,       46.33,
 139.212072,   34.881532,       46.70,
 139.216577,   34.881532,       47.06,
 139.221081,   34.881532,       47.41,
 139.225586,   34.881532,       47.74,
 139.230090,   34.881532,       48.05,
 139.234595,   34.881532,       48.35,
 139.239099,   34.881532,       48.63,
 139.243604,   34.881532,       48.89,
 139.248108,   34.881532,       49.14,
 139.252613,   34.881532,       49.31,
 139.257117,   34.881532,       49.37,
 139.261622,   34.881532,       49.23,
 139.266126,   34.881532,       49.08,
 139.270631,   34.881532,       48.93,
 139.275135,   34.881532,       48.80,
 139.279640,   34.881532,       48.68,
 139.284144,   34.881532,       48.57,
 139.288649,   34.881532,       48.48,
 139.293153,   34.881532,       48.39,
 139.297658,   34.881532,       48.32,
 139.302162,   34.881532,       48.26,
 139.306667,   34.881532,       48.21,
 139.311171,   34.881532,       48.17,
 139.315676,   34.881532,       48.14,
 139.320180,   34.881532,       48.12,
 139.324685,   34.881532,       48.10,
 139.329189,   34.881532,       48.06,
 139.333694,   34.881532,       48.02,
 139.338198,   34.881532,       47.98,
 139.342703,   34.881532,       47.95,
 139.347207,   34.881532,       47.91,
 139.351712,   34.881532,       47.88,
 139.356216,   34.881532,       47.84,
 139.360721,   34.881532,       47.78,
 139.365225,   34.881532,       47.69,
 139.369730,   34.881532,       47.56,
 139.374234,   34.881532,       47.41,
 139.378739,   34.881532,       47.28,
 139.383243,   34.881532,       47.14,
 139.387748,   34.881532,       46.98,
 139.392252,   34.881532,       46.81,
 139.396757,   34.881532,       46.65,
 139.401261,   34.881532,       46.47,
 139.405766,   34.881532,       46.29,
 139.410270,   34.881532,       46.08,
 139.414775,   34.881532,       45.87,
 139.419279,   34.881532,       45.66,
 139.423784,   34.881532,       45.46,
 139.428288,   34.881532,       45.25,
 139.432793,   34.881532,       45.00,
 139.437297,   34.881532,       44.72,
 139.441802,   34.881532,       44.41,
 139.446306,   34.881532,       44.06,
 139.450811,   34.881532,       43.65,
 139.455315,   34.881532,       43.16,
 139.459820,   34.881532,       42.60,
 139.464324,   34.881532,       41.94,
 139.468829,   34.881532,       41.28,
 139.473333,   34.881532,       40.99,
 139.477838,   34.881532,       40.91,
 139.482342,   34.881532,       40.95,
 139.486847,   34.881532,       41.00,
 139.491351,   34.881532,       41.10,
 139.495856,   34.881532,       41.25,
 139.500360,   34.881532,       41.45,
 139.504865,   34.881532,       41.64,
 139.509369,   34.881532,       41.71,
 139.513874,   34.881532,       41.73,
 139.518378,   34.881532,       41.73,
 139.522883,   34.881532,       41.73,
 139.527387,   34.881532,       41.73,
 139.531892,   34.881532,       41.74,
 139.536396,   34.881532,       41.76,
 139.540901,   34.881532,       41.75,
 139.545405,   34.881532,       41.68,
 139.549910,   34.881532,       41.58,
 139.554414,   34.881532,       41.49,
 139.558919,   34.881532,       41.39,
 139.563423,   34.881532,       41.31,
 139.567928,   34.881532,       41.23,
 139.572432,   34.881532,       41.18,
 139.576937,   34.881532,       41.14,
 139.581441,   34.881532,       41.13,
 139.585946,   34.881532,       41.13,
 139.590450,   34.881532,       41.11,
 139.594955,   34.881532,       41.08,
 139.599459,   34.881532,       41.03,
 139.603964,   34.881532,       40.94,
 139.608468,   34.881532,       40.80,
 139.612973,   34.881532,       40.60,
 139.617477,   34.881532,       40.33,
 139.621982,   34.881532,       40.04,
 139.626486,   34.881532,       39.78,
 139.630991,   34.881532,       39.55,
 139.635495,   34.881532,       39.43,
 139.640000,   34.881532,       39.38,
 139.644505,   34.881532,       39.32,
 139.649009,   34.881532,       39.26,
 139.653514,   34.881532,       39.20,
 139.658018,   34.881532,       39.14,
 139.662523,   34.881532,       39.10,
 139.667027,   34.881532,       39.06,
 139.671532,   34.881532,       39.06,
 139.676036,   34.881532,       39.09,
 139.680541,   34.881532,       39.13,
 139.685045,   34.881532,       39.11,
 139.689550,   34.881532,       39.15,
 139.694054,   34.881532,       39.25,
 139.698559,   34.881532,       39.36,
 139.703063,   34.881532,       39.42,
 139.707568,   34.881532,       39.52,
 139.712072,   34.881532,       39.67,
 139.716577,   34.881532,       39.79,
 139.721081,   34.881532,       39.95,
 139.725586,   34.881532,       40.17,
 139.730090,   34.881532,       40.46,
 139.734595,   34.881532,       40.59,
 139.739099,   34.881532,       40.75,
 139.743604,   34.881532,       40.92,
 139.748108,   34.881532,       41.01,
 139.752613,   34.881532,       41.05,
 139.757117,   34.881532,       41.11,
 139.761622,   34.881532,       40.93,
 139.766126,   34.881532,       40.72,
 139.770631,   34.881532,       40.50,
 139.775135,   34.881532,       40.26,
 139.779640,   34.881532,       40.07,
 139.784144,   34.881532,       40.00,
 139.788649,   34.881532,       40.05,
 139.793153,   34.881532,       40.20,
 139.797658,   34.881532,       40.57,
 139.802162,   34.881532,       41.09,
 139.806667,   34.881532,       41.68,
 139.811171,   34.881532,       42.24,
 139.815676,   34.881532,       42.77,
 139.820180,   34.881532,       42.99,
 139.824685,   34.881532,       43.13,
 139.829189,   34.881532,       43.32,
 139.833694,   34.881532,       43.59,
 139.838198,   34.881532,       43.91,
 139.842703,   34.881532,       44.15,
 139.847207,   34.881532,       43.95,
 139.851712,   34.881532,       43.59,
 139.856216,   34.881532,       43.39,
 139.860721,   34.881532,       43.35,
 139.865225,   34.881532,       43.33,
 139.869730,   34.881532,       43.41,
 139.874234,   34.881532,       43.51,
 139.878739,   34.881532,       43.56,
 139.883243,   34.881532,       43.60,
 139.887748,   34.881532,       43.66,
 139.892252,   34.881532,       43.65,
 139.896757,   34.881532,       43.67,
 139.901261,   34.881532,       43.70,
 139.905766,   34.881532,       43.70,
 139.910270,   34.881532,       43.73,
 139.914775,   34.881532,       43.75,
 139.919279,   34.881532,       43.76,
 139.923784,   34.881532,       43.79,
 139.928288,   34.881532,       43.80,
 139.932793,   34.881532,       43.80,
 139.937297,   34.881532,       43.83,
 139.941802,   34.881532,       43.82,
 139.946306,   34.881532,       43.80,
 139.950811,   34.881532,       43.82,
 139.955315,   34.881532,       43.86,
 139.959820,   34.881532,       43.92,
 139.964324,   34.881532,       43.96,
 139.968829,   34.881532,       43.94,
 139.973333,   34.881532,       43.85,
 139.977838,   34.881532,       43.80,
 139.982342,   34.881532,       43.64,
 139.986847,   34.881532,       43.39,
 139.991351,   34.881532,       43.22,
 139.995856,   34.881532,       43.08,
 140.000360,   34.881532,       42.92,
 140.004865,   34.881532,       42.75,
 140.009369,   34.881532,       42.55,
 140.013874,   34.881532,       42.47,
 140.018378,   34.881532,       42.59,
 140.022883,   34.881532,       42.80,
 140.027387,   34.881532,       43.03,
 140.031892,   34.881532,       43.25,
 140.036396,   34.881532,       43.48,
 140.040901,   34.881532,       43.67,
 140.045405,   34.881532,       43.86,
 140.049910,   34.881532,       44.06,
 140.054414,   34.881532,       44.26,
 140.058919,   34.881532,       44.46,
 140.063423,   34.881532,       44.66,
 140.067928,   34.881532,       44.86,
 140.072432,   34.881532,       45.07,
 140.076937,   34.881532,       45.29,
 140.081441,   34.881532,       45.53,
 140.085946,   34.881532,       45.77,
 140.090450,   34.881532,       46.01,
 140.094955,   34.881532,       46.23,
 140.099459,   34.881532,       46.43,
 140.103964,   34.881532,       46.62,
 140.108468,   34.881532,       46.78,
 140.112973,   34.881532,       46.94,
 140.117477,   34.881532,       47.11,
 140.121982,   34.881532,       47.28,
 140.126486,   34.881532,       47.48,
 140.130991,   34.881532,       47.58,
 140.135495,   34.881532,       47.55,
 140.140000,   34.881532,       47.45,
 140.144505,   34.881532,       47.31,
 140.149009,   34.881532,       47.18,
 140.153514,   34.881532,       47.07,
 140.158018,   34.881532,       46.97,
 140.162523,   34.881532,       46.87,
 140.167027,   34.881532,       46.79,
 140.171532,   34.881532,       46.71,
 140.176036,   34.881532,       46.67,
 140.180541,   34.881532,       46.65,
 140.185045,   34.881532,       46.63,
 140.189550,   34.881532,       46.62,
 140.194054,   34.881532,       46.62,
 140.198559,   34.881532,       46.62,
 140.203063,   34.881532,       46.63,
 140.207568,   34.881532,       46.65,
 140.212072,   34.881532,       46.68,
 140.216577,   34.881532,       46.72,
 140.221081,   34.881532,       46.77,
 140.225586,   34.881532,       46.83,
 140.230090,   34.881532,       46.90,
 140.234595,   34.881532,       46.98,
 140.239099,   34.881532,       47.06,
 140.243604,   34.881532,       47.16,
 140.248108,   34.881532,       47.27,
 140.252613,   34.881532,       47.31,
 140.257117,   34.881532,       47.18,
 140.261622,   34.881532,       46.94,
 140.266126,   34.881532,       46.68,
 140.270631,   34.881532,       46.41,
 140.275135,   34.881532,       46.13,
 140.279640,   34.881532,       45.83,
 140.284144,   34.881532,       45.52,
 140.288649,   34.881532,       45.19,
 140.293153,   34.881532,       44.86,
 140.297658,   34.881532,       44.51,
 140.302162,   34.881532,       44.14,
 140.306667,   34.881532,       43.77,
 140.311171,   34.881532,       43.38,
 140.315676,   34.881532,       42.97,
 140.320180,   34.881532,       42.56,
 140.324685,   34.881532,       42.13,
 140.329189,   34.881532,       41.68,
 140.333694,   34.881532,       41.29,
 140.338198,   34.881532,       41.11,
 140.342703,   34.881532,       40.94,
 140.347207,   34.881532,       40.80,
 140.351712,   34.881532,       40.82,
 140.356216,   34.881532,       40.85,
 140.360721,   34.881532,       40.89,
 140.365225,   34.881532,       40.94,
 140.369730,   34.881532,       41.00,
 140.374234,   34.881532,       41.06,
 140.378739,   34.881532,       41.14,
 140.383243,   34.881532,       41.23,
 140.387748,   34.881532,       41.33,
 139.140000,   34.886036,       45.47,
 139.144505,   34.886036,       45.35,
 139.149009,   34.886036,       45.23,
 139.153514,   34.886036,       45.12,
 139.158018,   34.886036,       45.01,
 139.162523,   34.886036,       44.91,
 139.167027,   34.886036,       44.82,
 139.171532,   34.886036,       44.72,
 139.176036,   34.886036,       44.64,
 139.180541,   34.886036,       44.55,
 139.185045,   34.886036,       44.61,
 139.189550,   34.886036,       44.69,
 139.194054,   34.886036,       44.78,
 139.198559,   34.886036,       45.13,
 139.203063,   34.886036,       45.54,
 139.207568,   34.886036,       45.93,
 139.212072,   34.886036,       46.31,
 139.216577,   34.886036,       46.67,
 139.221081,   34.886036,       47.01,
 139.225586,   34.886036,       47.34,
 139.230090,   34.886036,       47.66,
 139.234595,   34.886036,       47.95,
 139.239099,   34.886036,       48.23,
 139.243604,   34.886036,       48.50,
 139.248108,   34.886036,       48.75,
 139.252613,   34.886036,       48.98,
 139.257117,   34.886036,       49.14,
 139.261622,   34.886036,       49.19,
 139.266126,   34.886036,       49.03,
 139.270631,   34.886036,       48.89,
 139.275135,   34.886036,       48.76,
 139.279640,   34.886036,       48.65,
 139.284144,   34.886036,       48.54,
 139.288649,   34.886036,       48.45,
 139.293153,   34.886036,       48.36,
 139.297658,   34.886036,       48.29,
 139.302162,   34.886036,       48.23,
 139.306667,   34.886036,       48.18,
 139.311171,   34.886036,       48.15,
 139.315676,   34.886036,       48.12,
 139.320180,   34.886036,       48.11,
 139.324685,   34.886036,       48.10,
 139.329189,   34.886036,       48.07,
 139.333694,   34.886036,       48.03,
 139.338198,   34.886036,       48.00,
 139.342703,   34.886036,       47.96,
 139.347207,   34.886036,       47.93,
 139.351712,   34.886036,       47.90,
 139.356216,   34.886036,       47.86,
 139.360721,   34.886036,       47.82,
 139.365225,   34.886036,       47.77,
 139.369730,   34.886036,       47.68,
 139.374234,   34.886036,       47.55,
 139.378739,   34.886036,       47.41,
 139.383243,   34.886036,       47.22,
 139.387748,   34.886036,       47.03,
 139.392252,   34.886036,       46.84,
 139.396757,   34.886036,       46.65,
 139.401261,   34.886036,       46.46,
 139.405766,   34.886036,       46.26,
 139.410270,   34.886036,       46.05,
 139.414775,   34.886036,       45.84,
 139.419279,   34.886036,       45.64,
 139.423784,   34.886036,       45.43,
 139.428288,   34.886036,       45.20,
 139.432793,   34.886036,       44.94,
 139.437297,   34.886036,       44.64,
 139.441802,   34.886036,       44.31,
 139.446306,   34.886036,       43.93,
 139.450811,   34.886036,       43.52,
 139.455315,   34.886036,       43.10,
 139.459820,   34.886036,       42.65,
 139.464324,   34.886036,       42.16,
 139.468829,   34.886036,       41.65,
 139.473333,   34.886036,       41.54,
 139.477838,   34.886036,       41.53,
 139.482342,   34.886036,       41.55,
 139.486847,   34.886036,       41.60,
 139.491351,   34.886036,       41.68,
 139.495856,   34.886036,       41.79,
 139.500360,   34.886036,       41.94,
 139.504865,   34.886036,       42.02,
 139.509369,   34.886036,       42.00,
 139.513874,   34.886036,       41.99,
 139.518378,   34.886036,       41.98,
 139.522883,   34.886036,       41.98,
 139.527387,   34.886036,       41.98,
 139.531892,   34.886036,       41.99,
 139.536396,   34.886036,       42.01,
 139.540901,   34.886036,       41.99,
 139.545405,   34.886036,       41.87,
 139.549910,   34.886036,       41.76,
 139.554414,   34.886036,       41.66,
 139.558919,   34.886036,       41.57,
 139.563423,   34.886036,       41.49,
 139.567928,   34.886036,       41.41,
 139.572432,   34.886036,       41.35,
 139.576937,   34.886036,       41.31,
 139.581441,   34.886036,       41.29,
 139.585946,   34.886036,       41.24,
 139.590450,   34.886036,       41.20,
 139.594955,   34.886036,       41.14,
 139.599459,   34.886036,       41.08,
 139.603964,   34.886036,       41.01,
 139.608468,   34.886036,       40.89,
 139.612973,   34.886036,       40.72,
 139.617477,   34.886036,       40.49,
 139.621982,   34.886036,       40.24,
 139.626486,   34.886036,       40.04,
 139.630991,   34.886036,       39.89,
 139.635495,   34.886036,       39.83,
 139.640000,   34.886036,       39.80,
 139.644505,   34.886036,       39.75,
 139.649009,   34.886036,       39.69,
 139.653514,   34.886036,       39.64,
 139.658018,   34.886036,       39.61,
 139.662523,   34.886036,       39.61,
 139.667027,   34.886036,       39.60,
 139.671532,   34.886036,       39.60,
 139.676036,   34.886036,       39.62,
 139.680541,   34.886036,       39.64,
 139.685045,   34.886036,       39.69,
 139.689550,   34.886036,       39.74,
 139.694054,   34.886036,       39.81,
 139.698559,   34.886036,       39.90,
 139.703063,   34.886036,       40.00,
 139.707568,   34.886036,       40.10,
 139.712072,   34.886036,       40.18,
 139.716577,   34.886036,       40.24,
 139.721081,   34.886036,       40.38,
 139.725586,   34.886036,       40.58,
 139.730090,   34.886036,       40.78,
 139.734595,   34.886036,       40.97,
 139.739099,   34.886036,       41.16,
 139.743604,   34.886036,       41.37,
 139.748108,   34.886036,       41.43,
 139.752613,   34.886036,       41.42,
 139.757117,   34.886036,       41.40,
 139.761622,   34.886036,       41.30,
 139.766126,   34.886036,       41.17,
 139.770631,   34.886036,       40.91,
 139.775135,   34.886036,       40.66,
 139.779640,   34.886036,       40.51,
 139.784144,   34.886036,       40.46,
 139.788649,   34.886036,       40.47,
 139.793153,   34.886036,       40.69,
 139.797658,   34.886036,       41.01,
 139.802162,   34.886036,       41.50,
 139.806667,   34.886036,       42.11,
 139.811171,   34.886036,       42.74,
 139.815676,   34.886036,       43.06,
 139.820180,   34.886036,       43.18,
 139.824685,   34.886036,       43.32,
 139.829189,   34.886036,       43.52,
 139.833694,   34.886036,       43.76,
 139.838198,   34.886036,       44.09,
 139.842703,   34.886036,       44.49,
 139.847207,   34.886036,       44.55,
 139.851712,   34.886036,       44.10,
 139.856216,   34.886036,       43.67,
 139.860721,   34.886036,       43.57,
 139.865225,   34.886036,       43.55,
 139.869730,   34.886036,       43.58,
 139.874234,   34.886036,       43.67,
 139.878739,   34.886036,       43.77,
 139.883243,   34.886036,       43.83,
 139.887748,   34.886036,       43.90,
 139.892252,   34.886036,       43.97,
 139.896757,   34.886036,       44.00,
 139.901261,   34.886036,       44.05,
 139.905766,   34.886036,       44.08,
 139.910270,   34.886036,       44.12,
 139.914775,   34.886036,       44.19,
 139.919279,   34.886036,       44.21,
 139.923784,   34.886036,       44.24,
 139.928288,   34.886036,       44.32,
 139.932793,   34.886036,       44.30,
 139.937297,   34.886036,       44.33,
 139.941802,   34.886036,       44.43,
 139.946306,   34.886036,       44.39,
 139.950811,   34.886036,       44.37,
 139.955315,   34.886036,       44.37,
 139.959820,   34.886036,       44.45,
 139.964324,   34.886036,       44.57,
 139.968829,   34.886036,       44.54,
 139.973333,   34.886036,       44.43,
 139.977838,   34.886036,       44.32,
 139.982342,   34.886036,       44.08,
 139.986847,   34.886036,       43.82,
 139.991351,   34.886036,       43.55,
 139.995856,   34.886036,       43.29,
 140.000360,   34.886036,       43.04,
 140.004865,   34.886036,       42.81,
 140.009369,   34.886036,       42.60,
 140.013874,   34.886036,       42.41,
 140.018378,   34.886036,       42.36,
 140.022883,   34.886036,       42.50,
 140.027387,   34.886036,       42.70,
 140.031892,   34.886036,       42.88,
 140.036396,   34.886036,       43.05,
 140.040901,   34.886036,       43.22,
 140.045405,   34.886036,       43.41,
 140.049910,   34.886036,       43.61,
 140.054414,   34.886036,       43.81,
 140.058919,   34.886036,       44.01,
 140.063423,   34.886036,       44.21,
 140.067928,   34.886036,       44.42,
 140.072432,   34.886036,       44.64,
 140.076937,   34.886036,       44.87,
 140.081441,   34.886036,       45.11,
 140.085946,   34.886036,       45.36,
 140.090450,   34.886036,       45.61,
 140.094955,   34.886036,       45.84,
 140.099459,   34.886036,       46.06,
 140.103964,   34.886036,       46.26,
 140.108468,   34.886036,       46.44,
 140.112973,   34.886036,       46.60,
 140.117477,   34.886036,       46.78,
 140.121982,   34.886036,       46.97,
 140.126486,   34.886036,       47.17,
 140.130991,   34.886036,       47.33,
 140.135495,   34.886036,       47.36,
 140.140000,   34.886036,       47.30,
 140.144505,   34.886036,       47.19,
 140.149009,   34.886036,       47.08,
 140.153514,   34.886036,       46.98,
 140.158018,   34.886036,       46.89,
 140.162523,   34.886036,       46.81,
 140.167027,   34.886036,       46.74,
 140.171532,   34.886036,       46.68,
 140.176036,   34.886036,       46.64,
 140.180541,   34.886036,       46.62,
 140.185045,   34.886036,       46.61,
 140.189550,   34.886036,       46.60,
 140.194054,   34.886036,       46.59,
 140.198559,   34.886036,       46.59,
 140.203063,   34.886036,       46.59,
 140.207568,   34.886036,       46.60,
 140.212072,   34.886036,       46.63,
 140.216577,   34.886036,       46.67,
 140.221081,   34.886036,       46.71,
 140.225586,   34.886036,       46.77,
 140.230090,   34.886036,       46.84,
 140.234595,   34.886036,       46.92,
 140.239099,   34.886036,       47.00,
 140.243604,   34.886036,       47.10,
 140.248108,   34.886036,       47.17,
 140.252613,   34.886036,       47.06,
 140.257117,   34.886036,       46.83,
 140.261622,   34.886036,       46.58,
 140.266126,   34.886036,       46.33,
 140.270631,   34.886036,       46.06,
 140.275135,   34.886036,       45.77,
 140.279640,   34.886036,       45.47,
 140.284144,   34.886036,       45.16,
 140.288649,   34.886036,       44.84,
 140.293153,   34.886036,       44.51,
 140.297658,   34.886036,       44.16,
 140.302162,   34.886036,       43.79,
 140.306667,   34.886036,       43.42,
 140.311171,   34.886036,       43.03,
 140.315676,   34.886036,       42.63,
 140.320180,   34.886036,       42.21,
 140.324685,   34.886036,       41.78,
 140.329189,   34.886036,       41.38,
 140.333694,   34.886036,       41.21,
 140.338198,   34.886036,       41.03,
 140.342703,   34.886036,       40.92,
 140.347207,   34.886036,       40.93,
 140.351712,   34.886036,       40.95,
 140.356216,   34.886036,       40.98,
 140.360721,   34.886036,       41.02,
 140.365225,   34.886036,       41.07,
 140.369730,   34.886036,       41.13,
 140.374234,   34.886036,       41.20,
 140.378739,   34.886036,       41.28,
 140.383243,   34.886036,       41.37,
 140.387748,   34.886036,       41.46,
 139.140000,   34.890541,       45.64,
 139.144505,   34.890541,       45.51,
 139.149009,   34.890541,       45.39,
 139.153514,   34.890541,       45.28,
 139.158018,   34.890541,       45.17,
 139.162523,   34.890541,       45.07,
 139.167027,   34.890541,       44.97,
 139.171532,   34.890541,       44.88,
 139.176036,   34.890541,       44.79,
 139.180541,   34.890541,       44.71,
 139.185045,   34.890541,       44.63,
 139.189550,   34.890541,       44.65,
 139.194054,   34.890541,       44.74,
 139.198559,   34.890541,       44.82,
 139.203063,   34.890541,       45.16,
 139.207568,   34.890541,       45.56,
 139.212072,   34.890541,       45.93,
 139.216577,   34.890541,       46.29,
 139.221081,   34.890541,       46.64,
 139.225586,   34.890541,       46.97,
 139.230090,   34.890541,       47.28,
 139.234595,   34.890541,       47.58,
 139.239099,   34.890541,       47.86,
 139.243604,   34.890541,       48.12,
 139.248108,   34.890541,       48.37,
 139.252613,   34.890541,       48.60,
 139.257117,   34.890541,       48.82,
 139.261622,   34.890541,       48.97,
 139.266126,   34.890541,       48.98,
 139.270631,   34.890541,       48.84,
 139.275135,   34.890541,       48.72,
 139.279640,   34.890541,       48.60,
 139.284144,   34.890541,       48.50,
 139.288649,   34.890541,       48.40,
 139.293153,   34.890541,       48.32,
 139.297658,   34.890541,       48.25,
 139.302162,   34.890541,       48.20,
 139.306667,   34.890541,       48.15,
 139.311171,   34.890541,       48.12,
 139.315676,   34.890541,       48.09,
 139.320180,   34.890541,       48.08,
 139.324685,   34.890541,       48.08,
 139.329189,   34.890541,       48.08,
 139.333694,   34.890541,       48.05,
 139.338198,   34.890541,       48.01,
 139.342703,   34.890541,       47.98,
 139.347207,   34.890541,       47.95,
 139.351712,   34.890541,       47.91,
 139.356216,   34.890541,       47.88,
 139.360721,   34.890541,       47.84,
 139.365225,   34.890541,       47.80,
 139.369730,   34.890541,       47.77,
 139.374234,   34.890541,       47.69,
 139.378739,   34.890541,       47.47,
 139.383243,   34.890541,       47.25,
 139.387748,   34.890541,       47.03,
 139.392252,   34.890541,       46.83,
 139.396757,   34.890541,       46.62,
 139.401261,   34.890541,       46.42,
 139.405766,   34.890541,       46.22,
 139.410270,   34.890541,       46.01,
 139.414775,   34.890541,       45.81,
 139.419279,   34.890541,       45.61,
 139.423784,   34.890541,       45.40,
 139.428288,   34.890541,       45.16,
 139.432793,   34.890541,       44.88,
 139.437297,   34.890541,       44.56,
 139.441802,   34.890541,       44.22,
 139.446306,   34.890541,       43.87,
 139.450811,   34.890541,       43.50,
 139.455315,   34.890541,       43.13,
 139.459820,   34.890541,       42.73,
 139.464324,   34.890541,       42.31,
 139.468829,   34.890541,       42.08,
 139.473333,   34.890541,       42.04,
 139.477838,   34.890541,       42.03,
 139.482342,   34.890541,       42.04,
 139.486847,   34.890541,       42.09,
 139.491351,   34.890541,       42.16,
 139.495856,   34.890541,       42.24,
 139.500360,   34.890541,       42.29,
 139.504865,   34.890541,       42.27,
 139.509369,   34.890541,       42.24,
 139.513874,   34.890541,       42.22,
 139.518378,   34.890541,       42.21,
 139.522883,   34.890541,       42.21,
 139.527387,   34.890541,       42.21,
 139.531892,   34.890541,       42.20,
 139.536396,   34.890541,       42.18,
 139.540901,   34.890541,       42.10,
 139.545405,   34.890541,       42.00,
 139.549910,   34.890541,       41.90,
 139.554414,   34.890541,       41.81,
 139.558919,   34.890541,       41.72,
 139.563423,   34.890541,       41.64,
 139.567928,   34.890541,       41.57,
 139.572432,   34.890541,       41.51,
 139.576937,   34.890541,       41.45,
 139.581441,   34.890541,       41.37,
 139.585946,   34.890541,       41.30,
 139.590450,   34.890541,       41.24,
 139.594955,   34.890541,       41.19,
 139.599459,   34.890541,       41.13,
 139.603964,   34.890541,       41.08,
 139.608468,   34.890541,       40.99,
 139.612973,   34.890541,       40.85,
 139.617477,   34.890541,       40.65,
 139.621982,   34.890541,       40.46,
 139.626486,   34.890541,       40.32,
 139.630991,   34.890541,       40.24,
 139.635495,   34.890541,       40.22,
 139.640000,   34.890541,       40.20,
 139.644505,   34.890541,       40.17,
 139.649009,   34.890541,       40.12,
 139.653514,   34.890541,       40.09,
 139.658018,   34.890541,       40.07,
 139.662523,   34.890541,       40.07,
 139.667027,   34.890541,       40.08,
 139.671532,   34.890541,       40.08,
 139.676036,   34.890541,       40.10,
 139.680541,   34.890541,       40.13,
 139.685045,   34.890541,       40.17,
 139.689550,   34.890541,       40.22,
 139.694054,   34.890541,       40.30,
 139.698559,   34.890541,       40.39,
 139.703063,   34.890541,       40.51,
 139.707568,   34.890541,       40.60,
 139.712072,   34.890541,       40.60,
 139.716577,   34.890541,       40.61,
 139.721081,   34.890541,       40.71,
 139.725586,   34.890541,       40.89,
 139.730090,   34.890541,       41.07,
 139.734595,   34.890541,       41.29,
 139.739099,   34.890541,       41.43,
 139.743604,   34.890541,       41.49,
 139.748108,   34.890541,       41.55,
 139.752613,   34.890541,       41.62,
 139.757117,   34.890541,       41.70,
 139.761622,   34.890541,       41.58,
 139.766126,   34.890541,       41.42,
 139.770631,   34.890541,       41.21,
 139.775135,   34.890541,       41.00,
 139.779640,   34.890541,       40.86,
 139.784144,   34.890541,       40.80,
 139.788649,   34.890541,       40.81,
 139.793153,   34.890541,       40.99,
 139.797658,   34.890541,       41.33,
 139.802162,   34.890541,       41.87,
 139.806667,   34.890541,       42.49,
 139.811171,   34.890541,       43.02,
 139.815676,   34.890541,       43.29,
 139.820180,   34.890541,       43.42,
 139.824685,   34.890541,       43.51,
 139.829189,   34.890541,       43.67,
 139.833694,   34.890541,       43.93,
 139.838198,   34.890541,       44.39,
 139.842703,   34.890541,       44.81,
 139.847207,   34.890541,       45.03,
 139.851712,   34.890541,       44.62,
 139.856216,   34.890541,       44.09,
 139.860721,   34.890541,       43.76,
 139.865225,   34.890541,       43.74,
 139.869730,   34.890541,       43.73,
 139.874234,   34.890541,       43.79,
 139.878739,   34.890541,       43.89,
 139.883243,   34.890541,       43.98,
 139.887748,   34.890541,       44.06,
 139.892252,   34.890541,       44.17,
 139.896757,   34.890541,       44.24,
 139.901261,   34.890541,       44.29,
 139.905766,   34.890541,       44.35,
 139.910270,   34.890541,       44.40,
 139.914775,   34.890541,       44.45,
 139.919279,   34.890541,       44.51,
 139.923784,   34.890541,       44.55,
 139.928288,   34.890541,       44.60,
 139.932793,   34.890541,       44.65,
 139.937297,   34.890541,       44.68,
 139.941802,   34.890541,       44.73,
 139.946306,   34.890541,       44.77,
 139.950811,   34.890541,       44.80,
 139.955315,   34.890541,       44.85,
 139.959820,   34.890541,       44.89,
 139.964324,   34.890541,       44.92,
 139.968829,   34.890541,       44.95,
 139.973333,   34.890541,       44.85,
 139.977838,   34.890541,       44.75,
 139.982342,   34.890541,       44.55,
 139.986847,   34.890541,       44.23,
 139.991351,   34.890541,       43.86,
 139.995856,   34.890541,       43.46,
 140.000360,   34.890541,       43.12,
 140.004865,   34.890541,       42.84,
 140.009369,   34.890541,       42.63,
 140.013874,   34.890541,       42.44,
 140.018378,   34.890541,       42.26,
 140.022883,   34.890541,       42.16,
 140.027387,   34.890541,       42.30,
 140.031892,   34.890541,       42.44,
 140.036396,   34.890541,       42.59,
 140.040901,   34.890541,       42.76,
 140.045405,   34.890541,       42.95,
 140.049910,   34.890541,       43.16,
 140.054414,   34.890541,       43.36,
 140.058919,   34.890541,       43.57,
 140.063423,   34.890541,       43.77,
 140.067928,   34.890541,       43.98,
 140.072432,   34.890541,       44.20,
 140.076937,   34.890541,       44.44,
 140.081441,   34.890541,       44.68,
 140.085946,   34.890541,       44.94,
 140.090450,   34.890541,       45.20,
 140.094955,   34.890541,       45.45,
 140.099459,   34.890541,       45.69,
 140.103964,   34.890541,       45.91,
 140.108468,   34.890541,       46.09,
 140.112973,   34.890541,       46.27,
 140.117477,   34.890541,       46.45,
 140.121982,   34.890541,       46.64,
 140.126486,   34.890541,       46.85,
 140.130991,   34.890541,       47.05,
 140.135495,   34.890541,       47.16,
 140.140000,   34.890541,       47.15,
 140.144505,   34.890541,       47.07,
 140.149009,   34.890541,       46.98,
 140.153514,   34.890541,       46.90,
 140.158018,   34.890541,       46.82,
 140.162523,   34.890541,       46.76,
 140.167027,   34.890541,       46.70,
 140.171532,   34.890541,       46.65,
 140.176036,   34.890541,       46.62,
 140.180541,   34.890541,       46.60,
 140.185045,   34.890541,       46.59,
 140.189550,   34.890541,       46.58,
 140.194054,   34.890541,       46.57,
 140.198559,   34.890541,       46.56,
 140.203063,   34.890541,       46.56,
 140.207568,   34.890541,       46.55,
 140.212072,   34.890541,       46.57,
 140.216577,   34.890541,       46.61,
 140.221081,   34.890541,       46.65,
 140.225586,   34.890541,       46.71,
 140.230090,   34.890541,       46.77,
 140.234595,   34.890541,       46.85,
 140.239099,   34.890541,       46.93,
 140.243604,   34.890541,       47.02,
 140.248108,   34.890541,       46.93,
 140.252613,   34.890541,       46.71,
 140.257117,   34.890541,       46.48,
 140.261622,   34.890541,       46.24,
 140.266126,   34.890541,       45.98,
 140.270631,   34.890541,       45.71,
 140.275135,   34.890541,       45.43,
 140.279640,   34.890541,       45.13,
 140.284144,   34.890541,       44.83,
 140.288649,   34.890541,       44.50,
 140.293153,   34.890541,       44.17,
 140.297658,   34.890541,       43.82,
 140.302162,   34.890541,       43.46,
 140.306667,   34.890541,       43.08,
 140.311171,   34.890541,       42.69,
 140.315676,   34.890541,       42.29,
 140.320180,   34.890541,       41.88,
 140.324685,   34.890541,       41.47,
 140.329189,   34.890541,       41.30,
 140.333694,   34.890541,       41.12,
 140.338198,   34.890541,       41.03,
 140.342703,   34.890541,       41.03,
 140.347207,   34.890541,       41.04,
 140.351712,   34.890541,       41.07,
 140.356216,   34.890541,       41.10,
 140.360721,   34.890541,       41.14,
 140.365225,   34.890541,       41.19,
 140.369730,   34.890541,       41.25,
 140.374234,   34.890541,       41.32,
 140.378739,   34.890541,       41.40,
 140.383243,   34.890541,       41.49,
 140.387748,   34.890541,       41.59,
 139.140000,   34.895045,       45.79,
 139.144505,   34.895045,       45.67,
 139.149009,   34.895045,       45.55,
 139.153514,   34.895045,       45.44,
 139.158018,   34.895045,       45.33,
 139.162523,   34.895045,       45.22,
 139.167027,   34.895045,       45.13,
 139.171532,   34.895045,       45.03,
 139.176036,   34.895045,       44.94,
 139.180541,   34.895045,       44.86,
 139.185045,   34.895045,       44.78,
 139.189550,   34.895045,       44.71,
 139.194054,   34.895045,       44.69,
 139.198559,   34.895045,       44.78,
 139.203063,   34.895045,       44.87,
 139.207568,   34.895045,       45.19,
 139.212072,   34.895045,       45.57,
 139.216577,   34.895045,       45.93,
 139.221081,   34.895045,       46.28,
 139.225586,   34.895045,       46.61,
 139.230090,   34.895045,       46.92,
 139.234595,   34.895045,       47.21,
 139.239099,   34.895045,       47.50,
 139.243604,   34.895045,       47.76,
 139.248108,   34.895045,       48.01,
 139.252613,   34.895045,       48.24,
 139.257117,   34.895045,       48.46,
 139.261622,   34.895045,       48.66,
 139.266126,   34.895045,       48.80,
 139.270631,   34.895045,       48.78,
 139.275135,   34.895045,       48.66,
 139.279640,   34.895045,       48.54,
 139.284144,   34.895045,       48.44,
 139.288649,   34.895045,       48.35,
 139.293153,   34.895045,       48.27,
 139.297658,   34.895045,       48.21,
 139.302162,   34.895045,       48.15,
 139.306667,   34.895045,       48.11,
 139.311171,   34.895045,       48.07,
 139.315676,   34.895045,       48.05,
 139.320180,   34.895045,       48.05,
 139.324685,   34.895045,       48.07,
 139.329189,   34.895045,       48.08,
 139.333694,   34.895045,       48.06,
 139.338198,   34.895045,       48.03,
 139.342703,   34.895045,       48.00,
 139.347207,   34.895045,       47.96,
 139.351712,   34.895045,       47.93,
 139.356216,   34.895045,       47.89,
 139.360721,   34.895045,       47.84,
 139.365225,   34.895045,       47.79,
 139.369730,   34.895045,       47.74,
 139.374234,   34.895045,       47.63,
 139.378739,   34.895045,       47.43,
 139.383243,   34.895045,       47.21,
 139.387748,   34.895045,       46.99,
 139.392252,   34.895045,       46.78,
 139.396757,   34.895045,       46.57,
 139.401261,   34.895045,       46.36,
 139.405766,   34.895045,       46.16,
 139.410270,   34.895045,       45.96,
 139.414775,   34.895045,       45.77,
 139.419279,   34.895045,       45.57,
 139.423784,   34.895045,       45.37,
 139.428288,   34.895045,       45.13,
 139.432793,   34.895045,       44.83,
 139.437297,   34.895045,       44.52,
 139.441802,   34.895045,       44.22,
 139.446306,   34.895045,       43.92,
 139.450811,   34.895045,       43.61,
 139.455315,   34.895045,       43.29,
 139.459820,   34.895045,       42.96,
 139.464324,   34.895045,       42.64,
 139.468829,   34.895045,       42.47,
 139.473333,   34.895045,       42.41,
 139.477838,   34.895045,       42.42,
 139.482342,   34.895045,       42.44,
 139.486847,   34.895045,       42.48,
 139.491351,   34.895045,       42.51,
 139.495856,   34.895045,       42.53,
 139.500360,   34.895045,       42.52,
 139.504865,   34.895045,       42.49,
 139.509369,   34.895045,       42.46,
 139.513874,   34.895045,       42.44,
 139.518378,   34.895045,       42.43,
 139.522883,   34.895045,       42.42,
 139.527387,   34.895045,       42.41,
 139.531892,   34.895045,       42.37,
 139.536396,   34.895045,       42.31,
 139.540901,   34.895045,       42.22,
 139.545405,   34.895045,       42.11,
 139.549910,   34.895045,       42.01,
 139.554414,   34.895045,       41.92,
 139.558919,   34.895045,       41.84,
 139.563423,   34.895045,       41.76,
 139.567928,   34.895045,       41.68,
 139.572432,   34.895045,       41.59,
 139.576937,   34.895045,       41.49,
 139.581441,   34.895045,       41.40,
 139.585946,   34.895045,       41.33,
 139.590450,   34.895045,       41.28,
 139.594955,   34.895045,       41.22,
 139.599459,   34.895045,       41.17,
 139.603964,   34.895045,       41.13,
 139.608468,   34.895045,       41.08,
 139.612973,   34.895045,       40.99,
 139.617477,   34.895045,       40.83,
 139.621982,   34.895045,       40.71,
 139.626486,   34.895045,       40.63,
 139.630991,   34.895045,       40.60,
 139.635495,   34.895045,       40.59,
 139.640000,   34.895045,       40.59,
 139.644505,   34.895045,       40.58,
 139.649009,   34.895045,       40.55,
 139.653514,   34.895045,       40.51,
 139.658018,   34.895045,       40.49,
 139.662523,   34.895045,       40.49,
 139.667027,   34.895045,       40.52,
 139.671532,   34.895045,       40.55,
 139.676036,   34.895045,       40.54,
 139.680541,   34.895045,       40.54,
 139.685045,   34.895045,       40.59,
 139.689550,   34.895045,       40.68,
 139.694054,   34.895045,       40.74,
 139.698559,   34.895045,       40.81,
 139.703063,   34.895045,       40.92,
 139.707568,   34.895045,       40.96,
 139.712072,   34.895045,       40.92,
 139.716577,   34.895045,       40.93,
 139.721081,   34.895045,       40.95,
 139.725586,   34.895045,       40.99,
 139.730090,   34.895045,       41.12,
 139.734595,   34.895045,       41.29,
 139.739099,   34.895045,       41.39,
 139.743604,   34.895045,       41.45,
 139.748108,   34.895045,       41.52,
 139.752613,   34.895045,       41.61,
 139.757117,   34.895045,       41.69,
 139.761622,   34.895045,       41.63,
 139.766126,   34.895045,       41.53,
 139.770631,   34.895045,       41.48,
 139.775135,   34.895045,       41.30,
 139.779640,   34.895045,       41.15,
 139.784144,   34.895045,       41.07,
 139.788649,   34.895045,       41.09,
 139.793153,   34.895045,       41.17,
 139.797658,   34.895045,       41.61,
 139.802162,   34.895045,       42.20,
 139.806667,   34.895045,       42.81,
 139.811171,   34.895045,       43.20,
 139.815676,   34.895045,       43.50,
 139.820180,   34.895045,       43.67,
 139.824685,   34.895045,       43.73,
 139.829189,   34.895045,       43.80,
 139.833694,   34.895045,       44.15,
 139.838198,   34.895045,       44.73,
 139.842703,   34.895045,       45.18,
 139.847207,   34.895045,       45.32,
 139.851712,   34.895045,       45.16,
 139.856216,   34.895045,       44.58,
 139.860721,   34.895045,       44.03,
 139.865225,   34.895045,       43.86,
 139.869730,   34.895045,       43.83,
 139.874234,   34.895045,       43.83,
 139.878739,   34.895045,       43.92,
 139.883243,   34.895045,       44.01,
 139.887748,   34.895045,       44.11,
 139.892252,   34.895045,       44.25,
 139.896757,   34.895045,       44.38,
 139.901261,   34.895045,       44.45,
 139.905766,   34.895045,       44.52,
 139.910270,   34.895045,       44.58,
 139.914775,   34.895045,       44.64,
 139.919279,   34.895045,       44.71,
 139.923784,   34.895045,       44.77,
 139.928288,   34.895045,       44.82,
 139.932793,   34.895045,       44.89,
 139.937297,   34.895045,       44.94,
 139.941802,   34.895045,       44.98,
 139.946306,   34.895045,       45.04,
 139.950811,   34.895045,       45.08,
 139.955315,   34.895045,       45.13,
 139.959820,   34.895045,       45.15,
 139.964324,   34.895045,       45.17,
 139.968829,   34.895045,       45.21,
 139.973333,   34.895045,       45.16,
 139.977838,   34.895045,       45.06,
 139.982342,   34.895045,       44.87,
 139.986847,   34.895045,       44.57,
 139.991351,   34.895045,       44.19,
 139.995856,   34.895045,       43.74,
 140.000360,   34.895045,       43.30,
 140.004865,   34.895045,       42.88,
 140.009369,   34.895045,       42.64,
 140.013874,   34.895045,       42.44,
 140.018378,   34.895045,       42.25,
 140.022883,   34.895045,       42.08,
 140.027387,   34.895045,       42.00,
 140.031892,   34.895045,       42.03,
 140.036396,   34.895045,       42.12,
 140.040901,   34.895045,       42.29,
 140.045405,   34.895045,       42.49,
 140.049910,   34.895045,       42.70,
 140.054414,   34.895045,       42.91,
 140.058919,   34.895045,       43.12,
 140.063423,   34.895045,       43.32,
 140.067928,   34.895045,       43.53,
 140.072432,   34.895045,       43.76,
 140.076937,   34.895045,       44.00,
 140.081441,   34.895045,       44.26,
 140.085946,   34.895045,       44.51,
 140.090450,   34.895045,       44.77,
 140.094955,   34.895045,       45.04,
 140.099459,   34.895045,       45.31,
 140.103964,   34.895045,       45.56,
 140.108468,   34.895045,       45.74,
 140.112973,   34.895045,       45.91,
 140.117477,   34.895045,       46.09,
 140.121982,   34.895045,       46.29,
 140.126486,   34.895045,       46.50,
 140.130991,   34.895045,       46.72,
 140.135495,   34.895045,       46.92,
 140.140000,   34.895045,       47.00,
 140.144505,   34.895045,       46.95,
 140.149009,   34.895045,       46.88,
 140.153514,   34.895045,       46.82,
 140.158018,   34.895045,       46.76,
 140.162523,   34.895045,       46.71,
 140.167027,   34.895045,       46.66,
 140.171532,   34.895045,       46.62,
 140.176036,   34.895045,       46.60,
 140.180541,   34.895045,       46.58,
 140.185045,   34.895045,       46.57,
 140.189550,   34.895045,       46.55,
 140.194054,   34.895045,       46.54,
 140.198559,   34.895045,       46.54,
 140.203063,   34.895045,       46.53,
 140.207568,   34.895045,       46.53,
 140.212072,   34.895045,       46.52,
 140.216577,   34.895045,       46.54,
 140.221081,   34.895045,       46.58,
 140.225586,   34.895045,       46.63,
 140.230090,   34.895045,       46.69,
 140.234595,   34.895045,       46.77,
 140.239099,   34.895045,       46.85,
 140.243604,   34.895045,       46.80,
 140.248108,   34.895045,       46.60,
 140.252613,   34.895045,       46.38,
 140.257117,   34.895045,       46.15,
 140.261622,   34.895045,       45.91,
 140.266126,   34.895045,       45.65,
 140.270631,   34.895045,       45.38,
 140.275135,   34.895045,       45.10,
 140.279640,   34.895045,       44.81,
 140.284144,   34.895045,       44.50,
 140.288649,   34.895045,       44.18,
 140.293153,   34.895045,       43.84,
 140.297658,   34.895045,       43.50,
 140.302162,   34.895045,       43.13,
 140.306667,   34.895045,       42.76,
 140.311171,   34.895045,       42.37,
 140.315676,   34.895045,       41.97,
 140.320180,   34.895045,       41.56,
 140.324685,   34.895045,       41.39,
 140.329189,   34.895045,       41.21,
 140.333694,   34.895045,       41.14,
 140.338198,   34.895045,       41.13,
 140.342703,   34.895045,       41.14,
 140.347207,   34.895045,       41.15,
 140.351712,   34.895045,       41.18,
 140.356216,   34.895045,       41.21,
 140.360721,   34.895045,       41.25,
 140.365225,   34.895045,       41.30,
 140.369730,   34.895045,       41.37,
 140.374234,   34.895045,       41.44,
 140.378739,   34.895045,       41.52,
 140.383243,   34.895045,       41.61,
 140.387748,   34.895045,       41.53,
 139.140000,   34.899550,       45.95,
 139.144505,   34.899550,       45.82,
 139.149009,   34.899550,       45.70,
 139.153514,   34.899550,       45.59,
 139.158018,   34.899550,       45.48,
 139.162523,   34.899550,       45.37,
 139.167027,   34.899550,       45.27,
 139.171532,   34.899550,       45.18,
 139.176036,   34.899550,       45.09,
 139.180541,   34.899550,       45.00,
 139.185045,   34.899550,       44.92,
 139.189550,   34.899550,       44.85,
 139.194054,   34.899550,       44.78,
 139.198559,   34.899550,       44.74,
 139.203063,   34.899550,       44.82,
 139.207568,   34.899550,       44.91,
 139.212072,   34.899550,       45.23,
 139.216577,   34.899550,       45.59,
 139.221081,   34.899550,       45.93,
 139.225586,   34.899550,       46.26,
 139.230090,   34.899550,       46.57,
 139.234595,   34.899550,       46.87,
 139.239099,   34.899550,       47.15,
 139.243604,   34.899550,       47.42,
 139.248108,   34.899550,       47.66,
 139.252613,   34.899550,       47.90,
 139.257117,   34.899550,       48.11,
 139.261622,   34.899550,       48.31,
 139.266126,   34.899550,       48.50,
 139.270631,   34.899550,       48.63,
 139.275135,   34.899550,       48.58,
 139.279640,   34.899550,       48.47,
 139.284144,   34.899550,       48.37,
 139.288649,   34.899550,       48.29,
 139.293153,   34.899550,       48.21,
 139.297658,   34.899550,       48.14,
 139.302162,   34.899550,       48.09,
 139.306667,   34.899550,       48.05,
 139.311171,   34.899550,       48.02,
 139.315676,   34.899550,       48.02,
 139.320180,   34.899550,       48.04,
 139.324685,   34.899550,       48.06,
 139.329189,   34.899550,       48.08,
 139.333694,   34.899550,       48.07,
 139.338198,   34.899550,       48.05,
 139.342703,   34.899550,       48.01,
 139.347207,   34.899550,       47.98,
 139.351712,   34.899550,       47.94,
 139.356216,   34.899550,       47.88,
 139.360721,   34.899550,       47.81,
 139.365225,   34.899550,       47.74,
 139.369730,   34.899550,       47.65,
 139.374234,   34.899550,       47.51,
 139.378739,   34.899550,       47.33,
 139.383243,   34.899550,       47.13,
 139.387748,   34.899550,       46.92,
 139.392252,   34.899550,       46.71,
 139.396757,   34.899550,       46.50,
 139.401261,   34.899550,       46.30,
 139.405766,   34.899550,       46.10,
 139.410270,   34.899550,       45.90,
 139.414775,   34.899550,       45.71,
 139.419279,   34.899550,       45.52,
 139.423784,   34.899550,       45.33,
 139.428288,   34.899550,       45.11,
 139.432793,   34.899550,       44.81,
 139.437297,   34.899550,       44.55,
 139.441802,   34.899550,       44.29,
 139.446306,   34.899550,       44.02,
 139.450811,   34.899550,       43.76,
 139.455315,   34.899550,       43.49,
 139.459820,   34.899550,       43.23,
 139.464324,   34.899550,       43.00,
 139.468829,   34.899550,       42.84,
 139.473333,   34.899550,       42.74,
 139.477838,   34.899550,       42.73,
 139.482342,   34.899550,       42.76,
 139.486847,   34.899550,       42.78,
 139.491351,   34.899550,       42.78,
 139.495856,   34.899550,       42.77,
 139.500360,   34.899550,       42.75,
 139.504865,   34.899550,       42.72,
 139.509369,   34.899550,       42.68,
 139.513874,   34.899550,       42.65,
 139.518378,   34.899550,       42.63,
 139.522883,   34.899550,       42.62,
 139.527387,   34.899550,       42.58,
 139.531892,   34.899550,       42.53,
 139.536396,   34.899550,       42.45,
 139.540901,   34.899550,       42.33,
 139.545405,   34.899550,       42.21,
 139.549910,   34.899550,       42.10,
 139.554414,   34.899550,       42.01,
 139.558919,   34.899550,       41.92,
 139.563423,   34.899550,       41.84,
 139.567928,   34.899550,       41.75,
 139.572432,   34.899550,       41.64,
 139.576937,   34.899550,       41.53,
 139.581441,   34.899550,       41.44,
 139.585946,   34.899550,       41.36,
 139.590450,   34.899550,       41.30,
 139.594955,   34.899550,       41.26,
 139.599459,   34.899550,       41.21,
 139.603964,   34.899550,       41.18,
 139.608468,   34.899550,       41.14,
 139.612973,   34.899550,       41.10,
 139.617477,   34.899550,       41.05,
 139.621982,   34.899550,       41.01,
 139.626486,   34.899550,       40.98,
 139.630991,   34.899550,       40.95,
 139.635495,   34.899550,       40.94,
 139.640000,   34.899550,       40.93,
 139.644505,   34.899550,       40.94,
 139.649009,   34.899550,       40.92,
 139.653514,   34.899550,       40.87,
 139.658018,   34.899550,       40.84,
 139.662523,   34.899550,       40.84,
 139.667027,   34.899550,       40.86,
 139.671532,   34.899550,       40.86,
 139.676036,   34.899550,       40.84,
 139.680541,   34.899550,       40.83,
 139.685045,   34.899550,       40.86,
 139.689550,   34.899550,       40.92,
 139.694054,   34.899550,       41.03,
 139.698559,   34.899550,       41.15,
 139.703063,   34.899550,       41.22,
 139.707568,   34.899550,       41.20,
 139.712072,   34.899550,       41.14,
 139.716577,   34.899550,       41.05,
 139.721081,   34.899550,       40.88,
 139.725586,   34.899550,       40.86,
 139.730090,   34.899550,       40.91,
 139.734595,   34.899550,       41.03,
 139.739099,   34.899550,       41.18,
 139.743604,   34.899550,       41.33,
 139.748108,   34.899550,       41.41,
 139.752613,   34.899550,       41.44,
 139.757117,   34.899550,       41.52,
 139.761622,   34.899550,       41.56,
 139.766126,   34.899550,       41.52,
 139.770631,   34.899550,       41.55,
 139.775135,   34.899550,       41.54,
 139.779640,   34.899550,       41.40,
 139.784144,   34.899550,       41.28,
 139.788649,   34.899550,       41.27,
 139.793153,   34.899550,       41.46,
 139.797658,   34.899550,       41.89,
 139.802162,   34.899550,       42.46,
 139.806667,   34.899550,       43.06,
 139.811171,   34.899550,       43.51,
 139.815676,   34.899550,       43.79,
 139.820180,   34.899550,       43.91,
 139.824685,   34.899550,       43.97,
 139.829189,   34.899550,       44.02,
 139.833694,   34.899550,       44.28,
 139.838198,   34.899550,       44.69,
 139.842703,   34.899550,       45.11,
 139.847207,   34.899550,       45.35,
 139.851712,   34.899550,       45.49,
 139.856216,   34.899550,       44.91,
 139.860721,   34.899550,       44.31,
 139.865225,   34.899550,       43.98,
 139.869730,   34.899550,       43.96,
 139.874234,   34.899550,       43.93,
 139.878739,   34.899550,       43.99,
 139.883243,   34.899550,       44.09,
 139.887748,   34.899550,       44.31,
 139.892252,   34.899550,       44.52,
 139.896757,   34.899550,       44.59,
 139.901261,   34.899550,       44.60,
 139.905766,   34.899550,       44.66,
 139.910270,   34.899550,       44.72,
 139.914775,   34.899550,       44.76,
 139.919279,   34.899550,       44.83,
 139.923784,   34.899550,       44.89,
 139.928288,   34.899550,       44.95,
 139.932793,   34.899550,       45.02,
 139.937297,   34.899550,       45.09,
 139.941802,   34.899550,       45.14,
 139.946306,   34.899550,       45.21,
 139.950811,   34.899550,       45.25,
 139.955315,   34.899550,       45.29,
 139.959820,   34.899550,       45.33,
 139.964324,   34.899550,       45.37,
 139.968829,   34.899550,       45.35,
 139.973333,   34.899550,       45.34,
 139.977838,   34.899550,       45.26,
 139.982342,   34.899550,       45.03,
 139.986847,   34.899550,       44.79,
 139.991351,   34.899550,       44.45,
 139.995856,   34.899550,       44.00,
 140.000360,   34.899550,       43.53,
 140.004865,   34.899550,       43.07,
 140.009369,   34.899550,       42.70,
 140.013874,   34.899550,       42.42,
 140.018378,   34.899550,       42.22,
 140.022883,   34.899550,       42.05,
 140.027387,   34.899550,       41.89,
 140.031892,   34.899550,       41.77,
 140.036396,   34.899550,       41.69,
 140.040901,   34.899550,       41.83,
 140.045405,   34.899550,       42.04,
 140.049910,   34.899550,       42.25,
 140.054414,   34.899550,       42.46,
 140.058919,   34.899550,       42.67,
 140.063423,   34.899550,       42.88,
 140.067928,   34.899550,       43.09,
 140.072432,   34.899550,       43.33,
 140.076937,   34.899550,       43.57,
 140.081441,   34.899550,       43.82,
 140.085946,   34.899550,       44.08,
 140.090450,   34.899550,       44.34,
 140.094955,   34.899550,       44.60,
 140.099459,   34.899550,       44.87,
 140.103964,   34.899550,       45.13,
 140.108468,   34.899550,       45.34,
 140.112973,   34.899550,       45.52,
 140.117477,   34.899550,       45.71,
 140.121982,   34.899550,       45.91,
 140.126486,   34.899550,       46.13,
 140.130991,   34.899550,       46.36,
 140.135495,   34.899550,       46.60,
 140.140000,   34.899550,       46.82,
 140.144505,   34.899550,       46.84,
 140.149009,   34.899550,       46.78,
 140.153514,   34.899550,       46.72,
 140.158018,   34.899550,       46.67,
 140.162523,   34.899550,       46.64,
 140.167027,   34.899550,       46.61,
 140.171532,   34.899550,       46.60,
 140.176036,   34.899550,       46.58,
 140.180541,   34.899550,       46.56,
 140.185045,   34.899550,       46.54,
 140.189550,   34.899550,       46.53,
 140.194054,   34.899550,       46.52,
 140.198559,   34.899550,       46.51,
 140.203063,   34.899550,       46.51,
 140.207568,   34.899550,       46.50,
 140.212072,   34.899550,       46.49,
 140.216577,   34.899550,       46.49,
 140.221081,   34.899550,       46.50,
 140.225586,   34.899550,       46.55,
 140.230090,   34.899550,       46.61,
 140.234595,   34.899550,       46.68,
 140.239099,   34.899550,       46.67,
 140.243604,   34.899550,       46.48,
 140.248108,   34.899550,       46.28,
 140.252613,   34.899550,       46.06,
 140.257117,   34.899550,       45.83,
 140.261622,   34.899550,       45.59,
 140.266126,   34.899550,       45.34,
 140.270631,   34.899550,       45.07,
 140.275135,   34.899550,       44.79,
 140.279640,   34.899550,       44.49,
 140.284144,   34.899550,       44.19,
 140.288649,   34.899550,       43.87,
 140.293153,   34.899550,       43.53,
 140.297658,   34.899550,       43.19,
 140.302162,   34.899550,       42.83,
 140.306667,   34.899550,       42.45,
 140.311171,   34.899550,       42.07,
 140.315676,   34.899550,       41.67,
 140.320180,   34.899550,       41.48,
 140.324685,   34.899550,       41.30,
 140.329189,   34.899550,       41.25,
 140.333694,   34.899550,       41.23,
 140.338198,   34.899550,       41.23,
 140.342703,   34.899550,       41.23,
 140.347207,   34.899550,       41.25,
 140.351712,   34.899550,       41.27,
 140.356216,   34.899550,       41.31,
 140.360721,   34.899550,       41.35,
 140.365225,   34.899550,       41.41,
 140.369730,   34.899550,       41.47,
 140.374234,   34.899550,       41.54,
 140.378739,   34.899550,       41.60,
 140.383243,   34.899550,       41.52,
 140.387748,   34.899550,       41.44,
 139.140000,   34.904054,       46.10,
 139.144505,   34.904054,       45.97,
 139.149009,   34.904054,       45.85,
 139.153514,   34.904054,       45.73,
 139.158018,   34.904054,       45.62,
 139.162523,   34.904054,       45.52,
 139.167027,   34.904054,       45.42,
 139.171532,   34.904054,       45.32,
 139.176036,   34.904054,       45.23,
 139.180541,   34.904054,       45.14,
 139.185045,   34.904054,       45.06,
 139.189550,   34.904054,       44.99,
 139.194054,   34.904054,       44.92,
 139.198559,   34.904054,       44.85,
 139.203063,   34.904054,       44.79,
 139.207568,   34.904054,       44.87,
 139.212072,   34.904054,       44.95,
 139.216577,   34.904054,       45.26,
 139.221081,   34.904054,       45.60,
 139.225586,   34.904054,       45.93,
 139.230090,   34.904054,       46.24,
 139.234595,   34.904054,       46.54,
 139.239099,   34.904054,       46.82,
 139.243604,   34.904054,       47.09,
 139.248108,   34.904054,       47.33,
 139.252613,   34.904054,       47.57,
 139.257117,   34.904054,       47.78,
 139.261622,   34.904054,       47.98,
 139.266126,   34.904054,       48.17,
 139.270631,   34.904054,       48.34,
 139.275135,   34.904054,       48.46,
 139.279640,   34.904054,       48.39,
 139.284144,   34.904054,       48.29,
 139.288649,   34.904054,       48.21,
 139.293153,   34.904054,       48.13,
 139.297658,   34.904054,       48.07,
 139.302162,   34.904054,       48.02,
 139.306667,   34.904054,       47.98,
 139.311171,   34.904054,       47.98,
 139.315676,   34.904054,       48.00,
 139.320180,   34.904054,       48.03,
 139.324685,   34.904054,       48.05,
 139.329189,   34.904054,       48.07,
 139.333694,   34.904054,       48.08,
 139.338198,   34.904054,       48.06,
 139.342703,   34.904054,       48.03,
 139.347207,   34.904054,       47.99,
 139.351712,   34.904054,       47.92,
 139.356216,   34.904054,       47.84,
 139.360721,   34.904054,       47.76,
 139.365225,   34.904054,       47.66,
 139.369730,   34.904054,       47.55,
 139.374234,   34.904054,       47.40,
 139.378739,   34.904054,       47.22,
 139.383243,   34.904054,       47.03,
 139.387748,   34.904054,       46.83,
 139.392252,   34.904054,       46.63,
 139.396757,   34.904054,       46.42,
 139.401261,   34.904054,       46.23,
 139.405766,   34.904054,       46.03,
 139.410270,   34.904054,       45.85,
 139.414775,   34.904054,       45.66,
 139.419279,   34.904054,       45.47,
 139.423784,   34.904054,       45.29,
 139.428288,   34.904054,       45.10,
 139.432793,   34.904054,       44.86,
 139.437297,   34.904054,       44.62,
 139.441802,   34.904054,       44.39,
 139.446306,   34.904054,       44.15,
 139.450811,   34.904054,       43.93,
 139.455315,   34.904054,       43.71,
 139.459820,   34.904054,       43.50,
 139.464324,   34.904054,       43.33,
 139.468829,   34.904054,       43.19,
 139.473333,   34.904054,       43.09,
 139.477838,   34.904054,       43.03,
 139.482342,   34.904054,       43.04,
 139.486847,   34.904054,       43.05,
 139.491351,   34.904054,       43.04,
 139.495856,   34.904054,       43.02,
 139.500360,   34.904054,       42.98,
 139.504865,   34.904054,       42.93,
 139.509369,   34.904054,       42.89,
 139.513874,   34.904054,       42.85,
 139.518378,   34.904054,       42.82,
 139.522883,   34.904054,       42.80,
 139.527387,   34.904054,       42.76,
 139.531892,   34.904054,       42.67,
 139.536396,   34.904054,       42.56,
 139.540901,   34.904054,       42.43,
 139.545405,   34.904054,       42.31,
 139.549910,   34.904054,       42.20,
 139.554414,   34.904054,       42.09,
 139.558919,   34.904054,       42.00,
 139.563423,   34.904054,       41.91,
 139.567928,   34.904054,       41.80,
 139.572432,   34.904054,       41.69,
 139.576937,   34.904054,       41.57,
 139.581441,   34.904054,       41.46,
 139.585946,   34.904054,       41.38,
 139.590450,   34.904054,       41.32,
 139.594955,   34.904054,       41.29,
 139.599459,   34.904054,       41.27,
 139.603964,   34.904054,       41.25,
 139.608468,   34.904054,       41.24,
 139.612973,   34.904054,       41.24,
 139.617477,   34.904054,       41.28,
 139.621982,   34.904054,       41.28,
 139.626486,   34.904054,       41.27,
 139.630991,   34.904054,       41.27,
 139.635495,   34.904054,       41.26,
 139.640000,   34.904054,       41.25,
 139.644505,   34.904054,       41.23,
 139.649009,   34.904054,       41.20,
 139.653514,   34.904054,       41.16,
 139.658018,   34.904054,       41.14,
 139.662523,   34.904054,       41.13,
 139.667027,   34.904054,       41.11,
 139.671532,   34.904054,       41.08,
 139.676036,   34.904054,       41.06,
 139.680541,   34.904054,       41.04,
 139.685045,   34.904054,       41.05,
 139.689550,   34.904054,       41.13,
 139.694054,   34.904054,       41.27,
 139.698559,   34.904054,       41.41,
 139.703063,   34.904054,       41.51,
 139.707568,   34.904054,       41.42,
 139.712072,   34.904054,       41.33,
 139.716577,   34.904054,       41.12,
 139.721081,   34.904054,       40.84,
 139.725586,   34.904054,       40.83,
 139.730090,   34.904054,       40.85,
 139.734595,   34.904054,       40.80,
 139.739099,   34.904054,       40.89,
 139.743604,   34.904054,       41.01,
 139.748108,   34.904054,       41.08,
 139.752613,   34.904054,       41.16,
 139.757117,   34.904054,       41.30,
 139.761622,   34.904054,       41.47,
 139.766126,   34.904054,       41.53,
 139.770631,   34.904054,       41.61,
 139.775135,   34.904054,       41.69,
 139.779640,   34.904054,       41.60,
 139.784144,   34.904054,       41.47,
 139.788649,   34.904054,       41.44,
 139.793153,   34.904054,       41.80,
 139.797658,   34.904054,       42.18,
 139.802162,   34.904054,       42.71,
 139.806667,   34.904054,       43.33,
 139.811171,   34.904054,       43.90,
 139.815676,   34.904054,       44.06,
 139.820180,   34.904054,       44.13,
 139.824685,   34.904054,       44.20,
 139.829189,   34.904054,       44.26,
 139.833694,   34.904054,       44.42,
 139.838198,   34.904054,       44.65,
 139.842703,   34.904054,       44.95,
 139.847207,   34.904054,       45.12,
 139.851712,   34.904054,       45.22,
 139.856216,   34.904054,       44.99,
 139.860721,   34.904054,       44.51,
 139.865225,   34.904054,       44.22,
 139.869730,   34.904054,       44.12,
 139.874234,   34.904054,       44.13,
 139.878739,   34.904054,       44.17,
 139.883243,   34.904054,       44.23,
 139.887748,   34.904054,       44.65,
 139.892252,   34.904054,       44.90,
 139.896757,   34.904054,       44.86,
 139.901261,   34.904054,       44.78,
 139.905766,   34.904054,       44.79,
 139.910270,   34.904054,       44.83,
 139.914775,   34.904054,       44.86,
 139.919279,   34.904054,       44.91,
 139.923784,   34.904054,       44.97,
 139.928288,   34.904054,       45.03,
 139.932793,   34.904054,       45.10,
 139.937297,   34.904054,       45.19,
 139.941802,   34.904054,       45.24,
 139.946306,   34.904054,       45.29,
 139.950811,   34.904054,       45.38,
 139.955315,   34.904054,       45.41,
 139.959820,   34.904054,       45.44,
 139.964324,   34.904054,       45.46,
 139.968829,   34.904054,       45.45,
 139.973333,   34.904054,       45.42,
 139.977838,   34.904054,       45.34,
 139.982342,   34.904054,       45.17,
 139.986847,   34.904054,       44.91,
 139.991351,   34.904054,       44.58,
 139.995856,   34.904054,       44.19,
 140.000360,   34.904054,       43.74,
 140.004865,   34.904054,       43.26,
 140.009369,   34.904054,       42.80,
 140.013874,   34.904054,       42.42,
 140.018378,   34.904054,       42.17,
 140.022883,   34.904054,       41.98,
 140.027387,   34.904054,       41.81,
 140.031892,   34.904054,       41.65,
 140.036396,   34.904054,       41.51,
 140.040901,   34.904054,       41.44,
 140.045405,   34.904054,       41.59,
 140.049910,   34.904054,       41.80,
 140.054414,   34.904054,       42.02,
 140.058919,   34.904054,       42.24,
 140.063423,   34.904054,       42.46,
 140.067928,   34.904054,       42.68,
 140.072432,   34.904054,       42.90,
 140.076937,   34.904054,       43.14,
 140.081441,   34.904054,       43.38,
 140.085946,   34.904054,       43.63,
 140.090450,   34.904054,       43.89,
 140.094955,   34.904054,       44.14,
 140.099459,   34.904054,       44.40,
 140.103964,   34.904054,       44.65,
 140.108468,   34.904054,       44.88,
 140.112973,   34.904054,       45.10,
 140.117477,   34.904054,       45.30,
 140.121982,   34.904054,       45.51,
 140.126486,   34.904054,       45.73,
 140.130991,   34.904054,       45.96,
 140.135495,   34.904054,       46.21,
 140.140000,   34.904054,       46.47,
 140.144505,   34.904054,       46.65,
 140.149009,   34.904054,       46.61,
 140.153514,   34.904054,       46.57,
 140.158018,   34.904054,       46.54,
 140.162523,   34.904054,       46.54,
 140.167027,   34.904054,       46.54,
 140.171532,   34.904054,       46.55,
 140.176036,   34.904054,       46.55,
 140.180541,   34.904054,       46.53,
 140.185045,   34.904054,       46.52,
 140.189550,   34.904054,       46.50,
 140.194054,   34.904054,       46.49,
 140.198559,   34.904054,       46.48,
 140.203063,   34.904054,       46.47,
 140.207568,   34.904054,       46.46,
 140.212072,   34.904054,       46.45,
 140.216577,   34.904054,       46.45,
 140.221081,   34.904054,       46.45,
 140.225586,   34.904054,       46.46,
 140.230090,   34.904054,       46.51,
 140.234595,   34.904054,       46.53,
 140.239099,   34.904054,       46.36,
 140.243604,   34.904054,       46.17,
 140.248108,   34.904054,       45.97,
 140.252613,   34.904054,       45.75,
 140.257117,   34.904054,       45.53,
 140.261622,   34.904054,       45.29,
 140.266126,   34.904054,       45.03,
 140.270631,   34.904054,       44.77,
 140.275135,   34.904054,       44.49,
 140.279640,   34.904054,       44.19,
 140.284144,   34.904054,       43.89,
 140.288649,   34.904054,       43.57,
 140.293153,   34.904054,       43.23,
 140.297658,   34.904054,       42.89,
 140.302162,   34.904054,       42.53,
 140.306667,   34.904054,       42.16,
 140.311171,   34.904054,       41.77,
 140.315676,   34.904054,       41.57,
 140.320180,   34.904054,       41.39,
 140.324685,   34.904054,       41.35,
 140.329189,   34.904054,       41.33,
 140.333694,   34.904054,       41.32,
 140.338198,   34.904054,       41.31,
 140.342703,   34.904054,       41.32,
 140.347207,   34.904054,       41.34,
 140.351712,   34.904054,       41.36,
 140.356216,   34.904054,       41.40,
 140.360721,   34.904054,       41.45,
 140.365225,   34.904054,       41.50,
 140.369730,   34.904054,       41.57,
 140.374234,   34.904054,       41.59,
 140.378739,   34.904054,       41.51,
 140.383243,   34.904054,       41.44,
 140.387748,   34.904054,       41.31,
 139.140000,   34.908559,       46.24,
 139.144505,   34.908559,       46.11,
 139.149009,   34.908559,       45.99,
 139.153514,   34.908559,       45.87,
 139.158018,   34.908559,       45.76,
 139.162523,   34.908559,       45.65,
 139.167027,   34.908559,       45.55,
 139.171532,   34.908559,       45.46,
 139.176036,   34.908559,       45.36,
 139.180541,   34.908559,       45.28,
 139.185045,   34.908559,       45.20,
 139.189550,   34.908559,       45.12,
 139.194054,   34.908559,       45.05,
 139.198559,   34.908559,       44.98,
 139.203063,   34.908559,       44.92,
 139.207568,   34.908559,       44.86,
 139.212072,   34.908559,       44.91,
 139.216577,   34.908559,       45.00,
 139.221081,   34.908559,       45.29,
 139.225586,   34.908559,       45.62,
 139.230090,   34.908559,       45.93,
 139.234595,   34.908559,       46.23,
 139.239099,   34.908559,       46.51,
 139.243604,   34.908559,       46.77,
 139.248108,   34.908559,       47.02,
 139.252613,   34.908559,       47.25,
 139.257117,   34.908559,       47.47,
 139.261622,   34.908559,       47.67,
 139.266126,   34.908559,       47.86,
 139.270631,   34.908559,       48.03,
 139.275135,   34.908559,       48.18,
 139.279640,   34.908559,       48.29,
 139.284144,   34.908559,       48.20,
 139.288649,   34.908559,       48.12,
 139.293153,   34.908559,       48.05,
 139.297658,   34.908559,       47.99,
 139.302162,   34.908559,       47.94,
 139.306667,   34.908559,       47.95,
 139.311171,   34.908559,       47.97,
 139.315676,   34.908559,       47.99,
 139.320180,   34.908559,       48.01,
 139.324685,   34.908559,       48.03,
 139.329189,   34.908559,       48.06,
 139.333694,   34.908559,       48.08,
 139.338198,   34.908559,       48.08,
 139.342703,   34.908559,       48.05,
 139.347207,   34.908559,       47.98,
 139.351712,   34.908559,       47.89,
 139.356216,   34.908559,       47.79,
 139.360721,   34.908559,       47.69,
 139.365225,   34.908559,       47.57,
 139.369730,   34.908559,       47.44,
 139.374234,   34.908559,       47.28,
 139.378739,   34.908559,       47.12,
 139.383243,   34.908559,       46.93,
 139.387748,   34.908559,       46.74,
 139.392252,   34.908559,       46.54,
 139.396757,   34.908559,       46.35,
 139.401261,   34.908559,       46.16,
 139.405766,   34.908559,       45.98,
 139.410270,   34.908559,       45.80,
 139.414775,   34.908559,       45.63,
 139.419279,   34.908559,       45.45,
 139.423784,   34.908559,       45.28,
 139.428288,   34.908559,       45.13,
 139.432793,   34.908559,       44.94,
 139.437297,   34.908559,       44.72,
 139.441802,   34.908559,       44.51,
 139.446306,   34.908559,       44.30,
 139.450811,   34.908559,       44.10,
 139.455315,   34.908559,       43.92,
 139.459820,   34.908559,       43.77,
 139.464324,   34.908559,       43.62,
 139.468829,   34.908559,       43.50,
 139.473333,   34.908559,       43.41,
 139.477838,   34.908559,       43.33,
 139.482342,   34.908559,       43.32,
 139.486847,   34.908559,       43.32,
 139.491351,   34.908559,       43.28,
 139.495856,   34.908559,       43.23,
 139.500360,   34.908559,       43.17,
 139.504865,   34.908559,       43.12,
 139.509369,   34.908559,       43.07,
 139.513874,   34.908559,       43.04,
 139.518378,   34.908559,       43.02,
 139.522883,   34.908559,       42.99,
 139.527387,   34.908559,       42.92,
 139.531892,   34.908559,       42.79,
 139.536396,   34.908559,       42.64,
 139.540901,   34.908559,       42.50,
 139.545405,   34.908559,       42.38,
 139.549910,   34.908559,       42.27,
 139.554414,   34.908559,       42.18,
 139.558919,   34.908559,       42.08,
 139.563423,   34.908559,       41.97,
 139.567928,   34.908559,       41.85,
 139.572432,   34.908559,       41.72,
 139.576937,   34.908559,       41.60,
 139.581441,   34.908559,       41.49,
 139.585946,   34.908559,       41.40,
 139.590450,   34.908559,       41.34,
 139.594955,   34.908559,       41.34,
 139.599459,   34.908559,       41.34,
 139.603964,   34.908559,       41.35,
 139.608468,   34.908559,       41.37,
 139.612973,   34.908559,       41.42,
 139.617477,   34.908559,       41.48,
 139.621982,   34.908559,       41.51,
 139.626486,   34.908559,       41.53,
 139.630991,   34.908559,       41.54,
 139.635495,   34.908559,       41.56,
 139.640000,   34.908559,       41.55,
 139.644505,   34.908559,       41.52,
 139.649009,   34.908559,       41.48,
 139.653514,   34.908559,       41.43,
 139.658018,   34.908559,       41.40,
 139.662523,   34.908559,       41.37,
 139.667027,   34.908559,       41.34,
 139.671532,   34.908559,       41.30,
 139.676036,   34.908559,       41.27,
 139.680541,   34.908559,       41.24,
 139.685045,   34.908559,       41.23,
 139.689550,   34.908559,       41.34,
 139.694054,   34.908559,       41.46,
 139.698559,   34.908559,       41.60,
 139.703063,   34.908559,       41.68,
 139.707568,   34.908559,       41.61,
 139.712072,   34.908559,       41.51,
 139.716577,   34.908559,       41.35,
 139.721081,   34.908559,       41.16,
 139.725586,   34.908559,       40.99,
 139.730090,   34.908559,       40.94,
 139.734595,   34.908559,       40.79,
 139.739099,   34.908559,       40.61,
 139.743604,   34.908559,       40.69,
 139.748108,   34.908559,       40.72,
 139.752613,   34.908559,       40.85,
 139.757117,   34.908559,       41.10,
 139.761622,   34.908559,       41.35,
 139.766126,   34.908559,       41.52,
 139.770631,   34.908559,       41.65,
 139.775135,   34.908559,       41.71,
 139.779640,   34.908559,       41.67,
 139.784144,   34.908559,       41.60,
 139.788649,   34.908559,       41.79,
 139.793153,   34.908559,       42.08,
 139.797658,   34.908559,       42.54,
 139.802162,   34.908559,       43.11,
 139.806667,   34.908559,       43.69,
 139.811171,   34.908559,       44.07,
 139.815676,   34.908559,       44.24,
 139.820180,   34.908559,       44.32,
 139.824685,   34.908559,       44.39,
 139.829189,   34.908559,       44.47,
 139.833694,   34.908559,       44.58,
 139.838198,   34.908559,       44.70,
 139.842703,   34.908559,       44.79,
 139.847207,   34.908559,       44.89,
 139.851712,   34.908559,       44.97,
 139.856216,   34.908559,       45.02,
 139.860721,   34.908559,       44.75,
 139.865225,   34.908559,       44.50,
 139.869730,   34.908559,       44.29,
 139.874234,   34.908559,       44.54,
 139.878739,   34.908559,       44.82,
 139.883243,   34.908559,       45.10,
 139.887748,   34.908559,       45.34,
 139.892252,   34.908559,       45.41,
 139.896757,   34.908559,       45.27,
 139.901261,   34.908559,       45.08,
 139.905766,   34.908559,       44.92,
 139.910270,   34.908559,       44.93,
 139.914775,   34.908559,       44.96,
 139.919279,   34.908559,       45.00,
 139.923784,   34.908559,       45.04,
 139.928288,   34.908559,       45.08,
 139.932793,   34.908559,       45.15,
 139.937297,   34.908559,       45.21,
 139.941802,   34.908559,       45.27,
 139.946306,   34.908559,       45.32,
 139.950811,   34.908559,       45.39,
 139.955315,   34.908559,       45.45,
 139.959820,   34.908559,       45.49,
 139.964324,   34.908559,       45.50,
 139.968829,   34.908559,       45.50,
 139.973333,   34.908559,       45.47,
 139.977838,   34.908559,       45.36,
 139.982342,   34.908559,       45.26,
 139.986847,   34.908559,       45.02,
 139.991351,   34.908559,       44.68,
 139.995856,   34.908559,       44.32,
 140.000360,   34.908559,       43.91,
 140.004865,   34.908559,       43.43,
 140.009369,   34.908559,       42.96,
 140.013874,   34.908559,       42.50,
 140.018378,   34.908559,       42.13,
 140.022883,   34.908559,       41.90,
 140.027387,   34.908559,       41.69,
 140.031892,   34.908559,       41.51,
 140.036396,   34.908559,       41.36,
 140.040901,   34.908559,       41.22,
 140.045405,   34.908559,       41.21,
 140.049910,   34.908559,       41.36,
 140.054414,   34.908559,       41.59,
 140.058919,   34.908559,       41.82,
 140.063423,   34.908559,       42.07,
 140.067928,   34.908559,       42.29,
 140.072432,   34.908559,       42.49,
 140.076937,   34.908559,       42.71,
 140.081441,   34.908559,       42.93,
 140.085946,   34.908559,       43.17,
 140.090450,   34.908559,       43.42,
 140.094955,   34.908559,       43.67,
 140.099459,   34.908559,       43.92,
 140.103964,   34.908559,       44.17,
 140.108468,   34.908559,       44.40,
 140.112973,   34.908559,       44.64,
 140.117477,   34.908559,       44.86,
 140.121982,   34.908559,       45.08,
 140.126486,   34.908559,       45.30,
 140.130991,   34.908559,       45.54,
 140.135495,   34.908559,       45.78,
 140.140000,   34.908559,       46.02,
 140.144505,   34.908559,       46.23,
 140.149009,   34.908559,       46.34,
 140.153514,   34.908559,       46.36,
 140.158018,   34.908559,       46.37,
 140.162523,   34.908559,       46.39,
 140.167027,   34.908559,       46.43,
 140.171532,   34.908559,       46.47,
 140.176036,   34.908559,       46.50,
 140.180541,   34.908559,       46.50,
 140.185045,   34.908559,       46.49,
 140.189550,   34.908559,       46.47,
 140.194054,   34.908559,       46.45,
 140.198559,   34.908559,       46.43,
 140.203063,   34.908559,       46.41,
 140.207568,   34.908559,       46.40,
 140.212072,   34.908559,       46.39,
 140.216577,   34.908559,       46.39,
 140.221081,   34.908559,       46.39,
 140.225586,   34.908559,       46.40,
 140.230090,   34.908559,       46.40,
 140.234595,   34.908559,       46.24,
 140.239099,   34.908559,       46.06,
 140.243604,   34.908559,       45.87,
 140.248108,   34.908559,       45.67,
 140.252613,   34.908559,       45.46,
 140.257117,   34.908559,       45.23,
 140.261622,   34.908559,       45.00,
 140.266126,   34.908559,       44.74,
 140.270631,   34.908559,       44.48,
 140.275135,   34.908559,       44.20,
 140.279640,   34.908559,       43.90,
 140.284144,   34.908559,       43.60,
 140.288649,   34.908559,       43.28,
 140.293153,   34.908559,       42.95,
 140.297658,   34.908559,       42.60,
 140.302162,   34.908559,       42.25,
 140.306667,   34.908559,       41.87,
 140.311171,   34.908559,       41.66,
 140.315676,   34.908559,       41.49,
 140.320180,   34.908559,       41.45,
 140.324685,   34.908559,       41.42,
 140.329189,   34.908559,       41.40,
 140.333694,   34.908559,       41.39,
 140.338198,   34.908559,       41.39,
 140.342703,   34.908559,       41.40,
 140.347207,   34.908559,       41.42,
 140.351712,   34.908559,       41.44,
 140.356216,   34.908559,       41.48,
 140.360721,   34.908559,       41.53,
 140.365225,   34.908559,       41.58,
 140.369730,   34.908559,       41.58,
 140.374234,   34.908559,       41.51,
 140.378739,   34.908559,       41.43,
 140.383243,   34.908559,       41.26,
 140.387748,   34.908559,       41.03,
 139.140000,   34.913063,       46.38,
 139.144505,   34.913063,       46.25,
 139.149009,   34.913063,       46.13,
 139.153514,   34.913063,       46.01,
 139.158018,   34.913063,       45.90,
 139.162523,   34.913063,       45.79,
 139.167027,   34.913063,       45.68,
 139.171532,   34.913063,       45.59,
 139.176036,   34.913063,       45.49,
 139.180541,   34.913063,       45.41,
 139.185045,   34.913063,       45.32,
 139.189550,   34.913063,       45.25,
 139.194054,   34.913063,       45.17,
 139.198559,   34.913063,       45.11,
 139.203063,   34.913063,       45.04,
 139.207568,   34.913063,       44.99,
 139.212072,   34.913063,       44.93,
 139.216577,   34.913063,       44.96,
 139.221081,   34.913063,       45.04,
 139.225586,   34.913063,       45.32,
 139.230090,   34.913063,       45.63,
 139.234595,   34.913063,       45.93,
 139.239099,   34.913063,       46.21,
 139.243604,   34.913063,       46.48,
 139.248108,   34.913063,       46.72,
 139.252613,   34.913063,       46.96,
 139.257117,   34.913063,       47.17,
 139.261622,   34.913063,       47.37,
 139.266126,   34.913063,       47.56,
 139.270631,   34.913063,       47.73,
 139.275135,   34.913063,       47.88,
 139.279640,   34.913063,       48.02,
 139.284144,   34.913063,       48.10,
 139.288649,   34.913063,       48.02,
 139.293153,   34.913063,       47.95,
 139.297658,   34.913063,       47.89,
 139.302162,   34.913063,       47.91,
 139.306667,   34.913063,       47.93,
 139.311171,   34.913063,       47.95,
 139.315676,   34.913063,       47.97,
 139.320180,   34.913063,       47.99,
 139.324685,   34.913063,       48.02,
 139.329189,   34.913063,       48.04,
 139.333694,   34.913063,       48.07,
 139.338198,   34.913063,       48.09,
 139.342703,   34.913063,       48.06,
 139.347207,   34.913063,       47.96,
 139.351712,   34.913063,       47.84,
 139.356216,   34.913063,       47.72,
 139.360721,   34.913063,       47.60,
 139.365225,   34.913063,       47.47,
 139.369730,   34.913063,       47.33,
 139.374234,   34.913063,       47.17,
 139.378739,   34.913063,       47.01,
 139.383243,   34.913063,       46.83,
 139.387748,   34.913063,       46.64,
 139.392252,   34.913063,       46.46,
 139.396757,   34.913063,       46.28,
 139.401261,   34.913063,       46.10,
 139.405766,   34.913063,       45.93,
 139.410270,   34.913063,       45.77,
 139.414775,   34.913063,       45.60,
 139.419279,   34.913063,       45.44,
 139.423784,   34.913063,       45.29,
 139.428288,   34.913063,       45.16,
 139.432793,   34.913063,       45.01,
 139.437297,   34.913063,       44.83,
 139.441802,   34.913063,       44.64,
 139.446306,   34.913063,       44.45,
 139.450811,   34.913063,       44.28,
 139.455315,   34.913063,       44.13,
 139.459820,   34.913063,       44.00,
 139.464324,   34.913063,       43.88,
 139.468829,   34.913063,       43.78,
 139.473333,   34.913063,       43.70,
 139.477838,   34.913063,       43.64,
 139.482342,   34.913063,       43.60,
 139.486847,   34.913063,       43.57,
 139.491351,   34.913063,       43.49,
 139.495856,   34.913063,       43.41,
 139.500360,   34.913063,       43.33,
 139.504865,   34.913063,       43.26,
 139.509369,   34.913063,       43.20,
 139.513874,   34.913063,       43.17,
 139.518378,   34.913063,       43.17,
 139.522883,   34.913063,       43.19,
 139.527387,   34.913063,       43.02,
 139.531892,   34.913063,       42.84,
 139.536396,   34.913063,       42.68,
 139.540901,   34.913063,       42.54,
 139.545405,   34.913063,       42.41,
 139.549910,   34.913063,       42.31,
 139.554414,   34.913063,       42.22,
 139.558919,   34.913063,       42.12,
 139.563423,   34.913063,       41.99,
 139.567928,   34.913063,       41.87,
 139.572432,   34.913063,       41.74,
 139.576937,   34.913063,       41.63,
 139.581441,   34.913063,       41.51,
 139.585946,   34.913063,       41.41,
 139.590450,   34.913063,       41.37,
 139.594955,   34.913063,       41.40,
 139.599459,   34.913063,       41.44,
 139.603964,   34.913063,       41.48,
 139.608468,   34.913063,       41.54,
 139.612973,   34.913063,       41.60,
 139.617477,   34.913063,       41.67,
 139.621982,   34.913063,       41.72,
 139.626486,   34.913063,       41.76,
 139.630991,   34.913063,       41.79,
 139.635495,   34.913063,       41.83,
 139.640000,   34.913063,       41.84,
 139.644505,   34.913063,       41.80,
 139.649009,   34.913063,       41.74,
 139.653514,   34.913063,       41.69,
 139.658018,   34.913063,       41.64,
 139.662523,   34.913063,       41.61,
 139.667027,   34.913063,       41.56,
 139.671532,   34.913063,       41.51,
 139.676036,   34.913063,       41.47,
 139.680541,   34.913063,       41.44,
 139.685045,   34.913063,       41.41,
 139.689550,   34.913063,       41.50,
 139.694054,   34.913063,       41.62,
 139.698559,   34.913063,       41.75,
 139.703063,   34.913063,       41.84,
 139.707568,   34.913063,       41.81,
 139.712072,   34.913063,       41.78,
 139.716577,   34.913063,       41.80,
 139.721081,   34.913063,       41.61,
 139.725586,   34.913063,       41.37,
 139.730090,   34.913063,       41.15,
 139.734595,   34.913063,       40.97,
 139.739099,   34.913063,       40.81,
 139.743604,   34.913063,       40.66,
 139.748108,   34.913063,       40.68,
 139.752613,   34.913063,       40.79,
 139.757117,   34.913063,       40.99,
 139.761622,   34.913063,       41.26,
 139.766126,   34.913063,       41.51,
 139.770631,   34.913063,       41.67,
 139.775135,   34.913063,       41.75,
 139.779640,   34.913063,       41.84,
 139.784144,   34.913063,       41.95,
 139.788649,   34.913063,       42.19,
 139.793153,   34.913063,       42.48,
 139.797658,   34.913063,       43.01,
 139.802162,   34.913063,       43.58,
 139.806667,   34.913063,       43.98,
 139.811171,   34.913063,       44.18,
 139.815676,   34.913063,       44.38,
 139.820180,   34.913063,       44.47,
 139.824685,   34.913063,       44.52,
 139.829189,   34.913063,       44.60,
 139.833694,   34.913063,       44.64,
 139.838198,   34.913063,       44.69,
 139.842703,   34.913063,       44.76,
 139.847207,   34.913063,       44.83,
 139.851712,   34.913063,       45.00,
 139.856216,   34.913063,       45.21,
 139.860721,   34.913063,       45.43,
 139.865225,   34.913063,       45.68,
 139.869730,   34.913063,       45.93,
 139.874234,   34.913063,       46.17,
 139.878739,   34.913063,       46.34,
 139.883243,   34.913063,       46.45,
 139.887748,   34.913063,       46.50,
 139.892252,   34.913063,       46.48,
 139.896757,   34.913063,       46.39,
 139.901261,   34.913063,       46.21,
 139.905766,   34.913063,       45.95,
 139.910270,   34.913063,       45.64,
 139.914775,   34.913063,       45.34,
 139.919279,   34.913063,       45.09,
 139.923784,   34.913063,       45.10,
 139.928288,   34.913063,       45.11,
 139.932793,   34.913063,       45.16,
 139.937297,   34.913063,       45.20,
 139.941802,   34.913063,       45.25,
 139.946306,   34.913063,       45.32,
 139.950811,   34.913063,       45.38,
 139.955315,   34.913063,       45.46,
 139.959820,   34.913063,       45.51,
 139.964324,   34.913063,       45.51,
 139.968829,   34.913063,       45.51,
 139.973333,   34.913063,       45.47,
 139.977838,   34.913063,       45.38,
 139.982342,   34.913063,       45.26,
 139.986847,   34.913063,       45.08,
 139.991351,   34.913063,       44.79,
 139.995856,   34.913063,       44.42,
 140.000360,   34.913063,       44.03,
 140.004865,   34.913063,       43.57,
 140.009369,   34.913063,       43.09,
 140.013874,   34.913063,       42.61,
 140.018378,   34.913063,       42.18,
 140.022883,   34.913063,       41.86,
 140.027387,   34.913063,       41.57,
 140.031892,   34.913063,       41.35,
 140.036396,   34.913063,       41.19,
 140.040901,   34.913063,       41.07,
 140.045405,   34.913063,       40.93,
 140.049910,   34.913063,       40.92,
 140.054414,   34.913063,       41.17,
 140.058919,   34.913063,       41.43,
 140.063423,   34.913063,       41.68,
 140.067928,   34.913063,       41.90,
 140.072432,   34.913063,       42.09,
 140.076937,   34.913063,       42.28,
 140.081441,   34.913063,       42.49,
 140.085946,   34.913063,       42.71,
 140.090450,   34.913063,       42.94,
 140.094955,   34.913063,       43.19,
 140.099459,   34.913063,       43.44,
 140.103964,   34.913063,       43.69,
 140.108468,   34.913063,       43.93,
 140.112973,   34.913063,       44.16,
 140.117477,   34.913063,       44.39,
 140.121982,   34.913063,       44.62,
 140.126486,   34.913063,       44.85,
 140.130991,   34.913063,       45.09,
 140.135495,   34.913063,       45.33,
 140.140000,   34.913063,       45.57,
 140.144505,   34.913063,       45.78,
 140.149009,   34.913063,       45.95,
 140.153514,   34.913063,       46.06,
 140.158018,   34.913063,       46.13,
 140.162523,   34.913063,       46.19,
 140.167027,   34.913063,       46.26,
 140.171532,   34.913063,       46.34,
 140.176036,   34.913063,       46.42,
 140.180541,   34.913063,       46.47,
 140.185045,   34.913063,       46.46,
 140.189550,   34.913063,       46.43,
 140.194054,   34.913063,       46.40,
 140.198559,   34.913063,       46.37,
 140.203063,   34.913063,       46.34,
 140.207568,   34.913063,       46.32,
 140.212072,   34.913063,       46.30,
 140.216577,   34.913063,       46.29,
 140.221081,   34.913063,       46.29,
 140.225586,   34.913063,       46.26,
 140.230090,   34.913063,       46.16,
 140.234595,   34.913063,       45.97,
 140.239099,   34.913063,       45.78,
 140.243604,   34.913063,       45.59,
 140.248108,   34.913063,       45.39,
 140.252613,   34.913063,       45.18,
 140.257117,   34.913063,       44.96,
 140.261622,   34.913063,       44.72,
 140.266126,   34.913063,       44.47,
 140.270631,   34.913063,       44.20,
 140.275135,   34.913063,       43.92,
 140.279640,   34.913063,       43.63,
 140.284144,   34.913063,       43.33,
 140.288649,   34.913063,       43.01,
 140.293153,   34.913063,       42.68,
 140.297658,   34.913063,       42.33,
 140.302162,   34.913063,       41.98,
 140.306667,   34.913063,       41.75,
 140.311171,   34.913063,       41.60,
 140.315676,   34.913063,       41.55,
 140.320180,   34.913063,       41.51,
 140.324685,   34.913063,       41.49,
 140.329189,   34.913063,       41.47,
 140.333694,   34.913063,       41.46,
 140.338198,   34.913063,       41.46,
 140.342703,   34.913063,       41.47,
 140.347207,   34.913063,       41.48,
 140.351712,   34.913063,       41.51,
 140.356216,   34.913063,       41.55,
 140.360721,   34.913063,       41.60,
 140.365225,   34.913063,       41.58,
 140.369730,   34.913063,       41.50,
 140.374234,   34.913063,       41.42,
 140.378739,   34.913063,       41.21,
 140.383243,   34.913063,       40.99,
 140.387748,   34.913063,       40.77,
 139.140000,   34.917568,       46.51,
 139.144505,   34.917568,       46.38,
 139.149009,   34.917568,       46.26,
 139.153514,   34.917568,       46.14,
 139.158018,   34.917568,       46.02,
 139.162523,   34.917568,       45.92,
 139.167027,   34.917568,       45.81,
 139.171532,   34.917568,       45.71,
 139.176036,   34.917568,       45.62,
 139.180541,   34.917568,       45.53,
 139.185045,   34.917568,       45.45,
 139.189550,   34.917568,       45.37,
 139.194054,   34.917568,       45.30,
 139.198559,   34.917568,       45.23,
 139.203063,   34.917568,       45.16,
 139.207568,   34.917568,       45.10,
 139.212072,   34.917568,       45.05,
 139.216577,   34.917568,       45.00,
 139.221081,   34.917568,       45.00,
 139.225586,   34.917568,       45.09,
 139.230090,   34.917568,       45.35,
 139.234595,   34.917568,       45.65,
 139.239099,   34.917568,       45.93,
 139.243604,   34.917568,       46.20,
 139.248108,   34.917568,       46.44,
 139.252613,   34.917568,       46.68,
 139.257117,   34.917568,       46.89,
 139.261622,   34.917568,       47.09,
 139.266126,   34.917568,       47.28,
 139.270631,   34.917568,       47.45,
 139.275135,   34.917568,       47.60,
 139.279640,   34.917568,       47.74,
 139.284144,   34.917568,       47.86,
 139.288649,   34.917568,       47.91,
 139.293153,   34.917568,       47.86,
 139.297658,   34.917568,       47.87,
 139.302162,   34.917568,       47.88,
 139.306667,   34.917568,       47.90,
 139.311171,   34.917568,       47.92,
 139.315676,   34.917568,       47.95,
 139.320180,   34.917568,       47.97,
 139.324685,   34.917568,       47.99,
 139.329189,   34.917568,       48.02,
 139.333694,   34.917568,       48.05,
 139.338198,   34.917568,       48.08,
 139.342703,   34.917568,       48.04,
 139.347207,   34.917568,       47.91,
 139.351712,   34.917568,       47.77,
 139.356216,   34.917568,       47.64,
 139.360721,   34.917568,       47.50,
 139.365225,   34.917568,       47.36,
 139.369730,   34.917568,       47.22,
 139.374234,   34.917568,       47.07,
 139.378739,   34.917568,       46.90,
 139.383243,   34.917568,       46.73,
 139.387748,   34.917568,       46.55,
 139.392252,   34.917568,       46.38,
 139.396757,   34.917568,       46.21,
 139.401261,   34.917568,       46.05,
 139.405766,   34.917568,       45.89,
 139.410270,   34.917568,       45.74,
 139.414775,   34.917568,       45.59,
 139.419279,   34.917568,       45.44,
 139.423784,   34.917568,       45.30,
 139.428288,   34.917568,       45.19,
 139.432793,   34.917568,       45.06,
 139.437297,   34.917568,       44.91,
 139.441802,   34.917568,       44.75,
 139.446306,   34.917568,       44.59,
 139.450811,   34.917568,       44.44,
 139.455315,   34.917568,       44.31,
 139.459820,   34.917568,       44.19,
 139.464324,   34.917568,       44.10,
 139.468829,   34.917568,       44.02,
 139.473333,   34.917568,       43.96,
 139.477838,   34.917568,       43.92,
 139.482342,   34.917568,       43.88,
 139.486847,   34.917568,       43.78,
 139.491351,   34.917568,       43.66,
 139.495856,   34.917568,       43.55,
 139.500360,   34.917568,       43.45,
 139.504865,   34.917568,       43.36,
 139.509369,   34.917568,       43.29,
 139.513874,   34.917568,       43.25,
 139.518378,   34.917568,       43.22,
 139.522883,   34.917568,       43.15,
 139.527387,   34.917568,       43.00,
 139.531892,   34.917568,       42.84,
 139.536396,   34.917568,       42.68,
 139.540901,   34.917568,       42.53,
 139.545405,   34.917568,       42.40,
 139.549910,   34.917568,       42.29,
 139.554414,   34.917568,       42.18,
 139.558919,   34.917568,       42.09,
 139.563423,   34.917568,       41.99,
 139.567928,   34.917568,       41.88,
 139.572432,   34.917568,       41.76,
 139.576937,   34.917568,       41.64,
 139.581441,   34.917568,       41.54,
 139.585946,   34.917568,       41.44,
 139.590450,   34.917568,       41.45,
 139.594955,   34.917568,       41.52,
 139.599459,   34.917568,       41.58,
 139.603964,   34.917568,       41.65,
 139.608468,   34.917568,       41.72,
 139.612973,   34.917568,       41.79,
 139.617477,   34.917568,       41.85,
 139.621982,   34.917568,       41.92,
 139.626486,   34.917568,       41.97,
 139.630991,   34.917568,       42.02,
 139.635495,   34.917568,       42.08,
 139.640000,   34.917568,       42.13,
 139.644505,   34.917568,       42.06,
 139.649009,   34.917568,       41.98,
 139.653514,   34.917568,       41.91,
 139.658018,   34.917568,       41.85,
 139.662523,   34.917568,       41.79,
 139.667027,   34.917568,       41.75,
 139.671532,   34.917568,       41.71,
 139.676036,   34.917568,       41.67,
 139.680541,   34.917568,       41.63,
 139.685045,   34.917568,       41.58,
 139.689550,   34.917568,       41.64,
 139.694054,   34.917568,       41.76,
 139.698559,   34.917568,       41.89,
 139.703063,   34.917568,       42.02,
 139.707568,   34.917568,       42.07,
 139.712072,   34.917568,       42.16,
 139.716577,   34.917568,       42.27,
 139.721081,   34.917568,       42.18,
 139.725586,   34.917568,       42.01,
 139.730090,   34.917568,       41.77,
 139.734595,   34.917568,       41.41,
 139.739099,   34.917568,       41.17,
 139.743604,   34.917568,       40.94,
 139.748108,   34.917568,       40.86,
 139.752613,   34.917568,       41.03,
 139.757117,   34.917568,       41.12,
 139.761622,   34.917568,       41.39,
 139.766126,   34.917568,       41.67,
 139.770631,   34.917568,       41.89,
 139.775135,   34.917568,       42.11,
 139.779640,   34.917568,       42.27,
 139.784144,   34.917568,       42.43,
 139.788649,   34.917568,       42.71,
 139.793153,   34.917568,       43.11,
 139.797658,   34.917568,       43.56,
 139.802162,   34.917568,       43.95,
 139.806667,   34.917568,       44.13,
 139.811171,   34.917568,       44.31,
 139.815676,   34.917568,       44.44,
 139.820180,   34.917568,       44.48,
 139.824685,   34.917568,       44.53,
 139.829189,   34.917568,       44.56,
 139.833694,   34.917568,       44.60,
 139.838198,   34.917568,       44.65,
 139.842703,   34.917568,       44.93,
 139.847207,   34.917568,       45.39,
 139.851712,   34.917568,       45.87,
 139.856216,   34.917568,       46.32,
 139.860721,   34.917568,       46.73,
 139.865225,   34.917568,       47.11,
 139.869730,   34.917568,       47.41,
 139.874234,   34.917568,       47.62,
 139.878739,   34.917568,       47.75,
 139.883243,   34.917568,       47.80,
 139.887748,   34.917568,       47.75,
 139.892252,   34.917568,       47.62,
 139.896757,   34.917568,       47.42,
 139.901261,   34.917568,       47.17,
 139.905766,   34.917568,       46.88,
 139.910270,   34.917568,       46.54,
 139.914775,   34.917568,       46.16,
 139.919279,   34.917568,       45.80,
 139.923784,   34.917568,       45.45,
 139.928288,   34.917568,       45.14,
 139.932793,   34.917568,       45.14,
 139.937297,   34.917568,       45.18,
 139.941802,   34.917568,       45.22,
 139.946306,   34.917568,       45.29,
 139.950811,   34.917568,       45.37,
 139.955315,   34.917568,       45.43,
 139.959820,   34.917568,       45.47,
 139.964324,   34.917568,       45.51,
 139.968829,   34.917568,       45.49,
 139.973333,   34.917568,       45.45,
 139.977838,   34.917568,       45.39,
 139.982342,   34.917568,       45.26,
 139.986847,   34.917568,       45.09,
 139.991351,   34.917568,       44.89,
 139.995856,   34.917568,       44.50,
 140.000360,   34.917568,       44.11,
 140.004865,   34.917568,       43.68,
 140.009369,   34.917568,       43.19,
 140.013874,   34.917568,       42.71,
 140.018378,   34.917568,       42.29,
 140.022883,   34.917568,       41.90,
 140.027387,   34.917568,       41.52,
 140.031892,   34.917568,       41.16,
 140.036396,   34.917568,       41.10,
 140.040901,   34.917568,       41.01,
 140.045405,   34.917568,       40.90,
 140.049910,   34.917568,       40.82,
 140.054414,   34.917568,       40.90,
 140.058919,   34.917568,       41.08,
 140.063423,   34.917568,       41.31,
 140.067928,   34.917568,       41.52,
 140.072432,   34.917568,       41.71,
 140.076937,   34.917568,       41.89,
 140.081441,   34.917568,       42.07,
 140.085946,   34.917568,       42.25,
 140.090450,   34.917568,       42.47,
 140.094955,   34.917568,       42.73,
 140.099459,   34.917568,       42.99,
 140.103964,   34.917568,       43.23,
 140.108468,   34.917568,       43.46,
 140.112973,   34.917568,       43.69,
 140.117477,   34.917568,       43.91,
 140.121982,   34.917568,       44.15,
 140.126486,   34.917568,       44.39,
 140.130991,   34.917568,       44.64,
 140.135495,   34.917568,       44.88,
 140.140000,   34.917568,       45.13,
 140.144505,   34.917568,       45.34,
 140.149009,   34.917568,       45.52,
 140.153514,   34.917568,       45.67,
 140.158018,   34.917568,       45.80,
 140.162523,   34.917568,       45.91,
 140.167027,   34.917568,       46.03,
 140.171532,   34.917568,       46.15,
 140.176036,   34.917568,       46.28,
 140.180541,   34.917568,       46.41,
 140.185045,   34.917568,       46.41,
 140.189550,   34.917568,       46.35,
 140.194054,   34.917568,       46.31,
 140.198559,   34.917568,       46.27,
 140.203063,   34.917568,       46.24,
 140.207568,   34.917568,       46.21,
 140.212072,   34.917568,       46.19,
 140.216577,   34.917568,       46.17,
 140.221081,   34.917568,       46.14,
 140.225586,   34.917568,       46.06,
 140.230090,   34.917568,       45.93,
 140.234595,   34.917568,       45.74,
 140.239099,   34.917568,       45.52,
 140.243604,   34.917568,       45.32,
 140.248108,   34.917568,       45.13,
 140.252613,   34.917568,       44.91,
 140.257117,   34.917568,       44.69,
 140.261622,   34.917568,       44.45,
 140.266126,   34.917568,       44.20,
 140.270631,   34.917568,       43.94,
 140.275135,   34.917568,       43.66,
 140.279640,   34.917568,       43.37,
 140.284144,   34.917568,       43.07,
 140.288649,   34.917568,       42.75,
 140.293153,   34.917568,       42.42,
 140.297658,   34.917568,       42.08,
 140.302162,   34.917568,       41.84,
 140.306667,   34.917568,       41.71,
 140.311171,   34.917568,       41.65,
 140.315676,   34.917568,       41.60,
 140.320180,   34.917568,       41.57,
 140.324685,   34.917568,       41.54,
 140.329189,   34.917568,       41.52,
 140.333694,   34.917568,       41.51,
 140.338198,   34.917568,       41.51,
 140.342703,   34.917568,       41.52,
 140.347207,   34.917568,       41.54,
 140.351712,   34.917568,       41.57,
 140.356216,   34.917568,       41.61,
 140.360721,   34.917568,       41.57,
 140.365225,   34.917568,       41.49,
 140.369730,   34.917568,       41.37,
 140.374234,   34.917568,       41.16,
 140.378739,   34.917568,       40.95,
 140.383243,   34.917568,       40.73,
 140.387748,   34.917568,       40.51,
 139.140000,   34.922072,       46.64,
 139.144505,   34.922072,       46.51,
 139.149009,   34.922072,       46.38,
 139.153514,   34.922072,       46.26,
 139.158018,   34.922072,       46.15,
 139.162523,   34.922072,       46.04,
 139.167027,   34.922072,       45.93,
 139.171532,   34.922072,       45.84,
 139.176036,   34.922072,       45.74,
 139.180541,   34.922072,       45.65,
 139.185045,   34.922072,       45.57,
 139.189550,   34.922072,       45.49,
 139.194054,   34.922072,       45.41,
 139.198559,   34.922072,       45.34,
 139.203063,   34.922072,       45.28,
 139.207568,   34.922072,       45.22,
 139.212072,   34.922072,       45.16,
 139.216577,   34.922072,       45.11,
 139.221081,   34.922072,       45.07,
 139.225586,   34.922072,       45.04,
 139.230090,   34.922072,       45.13,
 139.234595,   34.922072,       45.38,
 139.239099,   34.922072,       45.67,
 139.243604,   34.922072,       45.93,
 139.248108,   34.922072,       46.18,
 139.252613,   34.922072,       46.41,
 139.257117,   34.922072,       46.63,
 139.261622,   34.922072,       46.83,
 139.266126,   34.922072,       47.01,
 139.270631,   34.922072,       47.18,
 139.275135,   34.922072,       47.33,
 139.279640,   34.922072,       47.47,
 139.284144,   34.922072,       47.59,
 139.288649,   34.922072,       47.70,
 139.293153,   34.922072,       47.76,
 139.297658,   34.922072,       47.78,
 139.302162,   34.922072,       47.80,
 139.306667,   34.922072,       47.83,
 139.311171,   34.922072,       47.86,
 139.315676,   34.922072,       47.90,
 139.320180,   34.922072,       47.94,
 139.324685,   34.922072,       47.97,
 139.329189,   34.922072,       47.99,
 139.333694,   34.922072,       48.02,
 139.338198,   34.922072,       48.04,
 139.342703,   34.922072,       47.96,
 139.347207,   34.922072,       47.82,
 139.351712,   34.922072,       47.68,
 139.356216,   34.922072,       47.54,
 139.360721,   34.922072,       47.40,
 139.365225,   34.922072,       47.26,
 139.369730,   34.922072,       47.11,
 139.374234,   34.922072,       46.96,
 139.378739,   34.922072,       46.80,
 139.383243,   34.922072,       46.63,
 139.387748,   34.922072,       46.46,
 139.392252,   34.922072,       46.30,
 139.396757,   34.922072,       46.15,
 139.401261,   34.922072,       46.00,
 139.405766,   34.922072,       45.86,
 139.410270,   34.922072,       45.72,
 139.414775,   34.922072,       45.58,
 139.419279,   34.922072,       45.44,
 139.423784,   34.922072,       45.32,
 139.428288,   34.922072,       45.22,
 139.432793,   34.922072,       45.11,
 139.437297,   34.922072,       44.98,
 139.441802,   34.922072,       44.84,
 139.446306,   34.922072,       44.70,
 139.450811,   34.922072,       44.57,
 139.455315,   34.922072,       44.46,
 139.459820,   34.922072,       44.36,
 139.464324,   34.922072,       44.28,
 139.468829,   34.922072,       44.22,
 139.473333,   34.922072,       44.18,
 139.477838,   34.922072,       44.16,
 139.482342,   34.922072,       44.08,
 139.486847,   34.922072,       43.93,
 139.491351,   34.922072,       43.78,
 139.495856,   34.922072,       43.65,
 139.500360,   34.922072,       43.53,
 139.504865,   34.922072,       43.42,
 139.509369,   34.922072,       43.34,
 139.513874,   34.922072,       43.27,
 139.518378,   34.922072,       43.20,
 139.522883,   34.922072,       43.08,
 139.527387,   34.922072,       42.93,
 139.531892,   34.922072,       42.78,
 139.536396,   34.922072,       42.63,
 139.540901,   34.922072,       42.48,
 139.545405,   34.922072,       42.35,
 139.549910,   34.922072,       42.23,
 139.554414,   34.922072,       42.13,
 139.558919,   34.922072,       42.05,
 139.563423,   34.922072,       41.97,
 139.567928,   34.922072,       41.87,
 139.572432,   34.922072,       41.76,
 139.576937,   34.922072,       41.67,
 139.581441,   34.922072,       41.60,
 139.585946,   34.922072,       41.57,
 139.590450,   34.922072,       41.62,
 139.594955,   34.922072,       41.69,
 139.599459,   34.922072,       41.76,
 139.603964,   34.922072,       41.84,
 139.608468,   34.922072,       41.91,
 139.612973,   34.922072,       41.98,
 139.617477,   34.922072,       42.04,
 139.621982,   34.922072,       42.08,
 139.626486,   34.922072,       42.10,
 139.630991,   34.922072,       42.14,
 139.635495,   34.922072,       42.18,
 139.640000,   34.922072,       42.19,
 139.644505,   34.922072,       42.18,
 139.649009,   34.922072,       42.14,
 139.653514,   34.922072,       42.09,
 139.658018,   34.922072,       42.03,
 139.662523,   34.922072,       41.97,
 139.667027,   34.922072,       41.93,
 139.671532,   34.922072,       41.90,
 139.676036,   34.922072,       41.86,
 139.680541,   34.922072,       41.80,
 139.685045,   34.922072,       41.73,
 139.689550,   34.922072,       41.76,
 139.694054,   34.922072,       41.89,
 139.698559,   34.922072,       42.05,
 139.703063,   34.922072,       42.21,
 139.707568,   34.922072,       42.39,
 139.712072,   34.922072,       42.54,
 139.716577,   34.922072,       42.67,
 139.721081,   34.922072,       42.69,
 139.725586,   34.922072,       42.62,
 139.730090,   34.922072,       42.48,
 139.734595,   34.922072,       42.15,
 139.739099,   34.922072,       41.87,
 139.743604,   34.922072,       41.65,
 139.748108,   34.922072,       41.47,
 139.752613,   34.922072,       41.49,
 139.757117,   34.922072,       41.65,
 139.761622,   34.922072,       41.84,
 139.766126,   34.922072,       42.09,
 139.770631,   34.922072,       42.34,
 139.775135,   34.922072,       42.57,
 139.779640,   34.922072,       42.76,
 139.784144,   34.922072,       42.99,
 139.788649,   34.922072,       43.32,
 139.793153,   34.922072,       43.72,
 139.797658,   34.922072,       44.05,
 139.802162,   34.922072,       44.21,
 139.806667,   34.922072,       44.35,
 139.811171,   34.922072,       44.40,
 139.815676,   34.922072,       44.41,
 139.820180,   34.922072,       44.45,
 139.824685,   34.922072,       44.51,
 139.829189,   34.922072,       44.50,
 139.833694,   34.922072,       44.54,
 139.838198,   34.922072,       45.08,
 139.842703,   34.922072,       45.80,
 139.847207,   34.922072,       46.48,
 139.851712,   34.922072,       47.11,
 139.856216,   34.922072,       47.66,
 139.860721,   34.922072,       48.15,
 139.865225,   34.922072,       48.53,
 139.869730,   34.922072,       48.82,
 139.874234,   34.922072,       49.01,
 139.878739,   34.922072,       49.08,
 139.883243,   34.922072,       49.04,
 139.887748,   34.922072,       48.92,
 139.892252,   34.922072,       48.72,
 139.896757,   34.922072,       48.45,
 139.901261,   34.922072,       48.13,
 139.905766,   34.922072,       47.78,
 139.910270,   34.922072,       47.40,
 139.914775,   34.922072,       46.98,
 139.919279,   34.922072,       46.54,
 139.923784,   34.922072,       46.12,
 139.928288,   34.922072,       45.71,
 139.932793,   34.922072,       45.31,
 139.937297,   34.922072,       45.12,
 139.941802,   34.922072,       45.16,
 139.946306,   34.922072,       45.23,
 139.950811,   34.922072,       45.31,
 139.955315,   34.922072,       45.40,
 139.959820,   34.922072,       45.44,
 139.964324,   34.922072,       45.48,
 139.968829,   34.922072,       45.47,
 139.973333,   34.922072,       45.43,
 139.977838,   34.922072,       45.37,
 139.982342,   34.922072,       45.28,
 139.986847,   34.922072,       45.12,
 139.991351,   34.922072,       44.88,
 139.995856,   34.922072,       44.57,
 140.000360,   34.922072,       44.17,
 140.004865,   34.922072,       43.73,
 140.009369,   34.922072,       43.27,
 140.013874,   34.922072,       42.79,
 140.018378,   34.922072,       42.41,
 140.022883,   34.922072,       42.04,
 140.027387,   34.922072,       41.66,
 140.031892,   34.922072,       41.35,
 140.036396,   34.922072,       41.18,
 140.040901,   34.922072,       41.06,
 140.045405,   34.922072,       40.97,
 140.049910,   34.922072,       40.92,
 140.054414,   34.922072,       40.89,
 140.058919,   34.922072,       40.90,
 140.063423,   34.922072,       40.96,
 140.067928,   34.922072,       41.17,
 140.072432,   34.922072,       41.38,
 140.076937,   34.922072,       41.57,
 140.081441,   34.922072,       41.75,
 140.085946,   34.922072,       41.90,
 140.090450,   34.922072,       42.05,
 140.094955,   34.922072,       42.30,
 140.099459,   34.922072,       42.56,
 140.103964,   34.922072,       42.80,
 140.108468,   34.922072,       43.02,
 140.112973,   34.922072,       43.23,
 140.117477,   34.922072,       43.44,
 140.121982,   34.922072,       43.69,
 140.126486,   34.922072,       43.95,
 140.130991,   34.922072,       44.20,
 140.135495,   34.922072,       44.45,
 140.140000,   34.922072,       44.69,
 140.144505,   34.922072,       44.91,
 140.149009,   34.922072,       45.09,
 140.153514,   34.922072,       45.25,
 140.158018,   34.922072,       45.40,
 140.162523,   34.922072,       45.55,
 140.167027,   34.922072,       45.69,
 140.171532,   34.922072,       45.84,
 140.176036,   34.922072,       45.98,
 140.180541,   34.922072,       46.13,
 140.185045,   34.922072,       46.20,
 140.189550,   34.922072,       46.18,
 140.194054,   34.922072,       46.15,
 140.198559,   34.922072,       46.12,
 140.203063,   34.922072,       46.10,
 140.207568,   34.922072,       46.07,
 140.212072,   34.922072,       46.04,
 140.216577,   34.922072,       46.01,
 140.221081,   34.922072,       45.95,
 140.225586,   34.922072,       45.85,
 140.230090,   34.922072,       45.70,
 140.234595,   34.922072,       45.51,
 140.239099,   34.922072,       45.30,
 140.243604,   34.922072,       45.08,
 140.248108,   34.922072,       44.87,
 140.252613,   34.922072,       44.66,
 140.257117,   34.922072,       44.44,
 140.261622,   34.922072,       44.20,
 140.266126,   34.922072,       43.95,
 140.270631,   34.922072,       43.69,
 140.275135,   34.922072,       43.41,
 140.279640,   34.922072,       43.12,
 140.284144,   34.922072,       42.82,
 140.288649,   34.922072,       42.50,
 140.293153,   34.922072,       42.17,
 140.297658,   34.922072,       41.94,
 140.302162,   34.922072,       41.81,
 140.306667,   34.922072,       41.75,
 140.311171,   34.922072,       41.69,
 140.315676,   34.922072,       41.64,
 140.320180,   34.922072,       41.61,
 140.324685,   34.922072,       41.58,
 140.329189,   34.922072,       41.56,
 140.333694,   34.922072,       41.56,
 140.338198,   34.922072,       41.56,
 140.342703,   34.922072,       41.57,
 140.347207,   34.922072,       41.59,
 140.351712,   34.922072,       41.62,
 140.356216,   34.922072,       41.56,
 140.360721,   34.922072,       41.48,
 140.365225,   34.922072,       41.32,
 140.369730,   34.922072,       41.12,
 140.374234,   34.922072,       40.91,
 140.378739,   34.922072,       40.70,
 140.383243,   34.922072,       40.48,
 140.387748,   34.922072,       40.25,
 139.140000,   34.926577,       46.76,
 139.144505,   34.926577,       46.63,
 139.149009,   34.926577,       46.50,
 139.153514,   34.926577,       46.38,
 139.158018,   34.926577,       46.27,
 139.162523,   34.926577,       46.16,
 139.167027,   34.926577,       46.05,
 139.171532,   34.926577,       45.95,
 139.176036,   34.926577,       45.86,
 139.180541,   34.926577,       45.77,
 139.185045,   34.926577,       45.68,
 139.189550,   34.926577,       45.60,
 139.194054,   34.926577,       45.52,
 139.198559,   34.926577,       45.45,
 139.203063,   34.926577,       45.39,
 139.207568,   34.926577,       45.33,
 139.212072,   34.926577,       45.27,
 139.216577,   34.926577,       45.22,
 139.221081,   34.926577,       45.18,
 139.225586,   34.926577,       45.13,
 139.230090,   34.926577,       45.10,
 139.234595,   34.926577,       45.17,
 139.239099,   34.926577,       45.42,
 139.243604,   34.926577,       45.68,
 139.248108,   34.926577,       45.93,
 139.252613,   34.926577,       46.16,
 139.257117,   34.926577,       46.38,
 139.261622,   34.926577,       46.58,
 139.266126,   34.926577,       46.76,
 139.270631,   34.926577,       46.93,
 139.275135,   34.926577,       47.08,
 139.279640,   34.926577,       47.22,
 139.284144,   34.926577,       47.34,
 139.288649,   34.926577,       47.46,
 139.293153,   34.926577,       47.56,
 139.297658,   34.926577,       47.62,
 139.302162,   34.926577,       47.67,
 139.306667,   34.926577,       47.72,
 139.311171,   34.926577,       47.77,
 139.315676,   34.926577,       47.82,
 139.320180,   34.926577,       47.88,
 139.324685,   34.926577,       47.93,
 139.329189,   34.926577,       47.96,
 139.333694,   34.926577,       47.99,
 139.338198,   34.926577,       47.98,
 139.342703,   34.926577,       47.87,
 139.347207,   34.926577,       47.73,
 139.351712,   34.926577,       47.58,
 139.356216,   34.926577,       47.44,
 139.360721,   34.926577,       47.29,
 139.365225,   34.926577,       47.15,
 139.369730,   34.926577,       47.01,
 139.374234,   34.926577,       46.86,
 139.378739,   34.926577,       46.70,
 139.383243,   34.926577,       46.53,
 139.387748,   34.926577,       46.38,
 139.392252,   34.926577,       46.23,
 139.396757,   34.926577,       46.11,
 139.401261,   34.926577,       45.99,
 139.405766,   34.926577,       45.86,
 139.410270,   34.926577,       45.74,
 139.414775,   34.926577,       45.60,
 139.419279,   34.926577,       45.47,
 139.423784,   34.926577,       45.35,
 139.428288,   34.926577,       45.25,
 139.432793,   34.926577,       45.15,
 139.437297,   34.926577,       45.04,
 139.441802,   34.926577,       44.92,
 139.446306,   34.926577,       44.79,
 139.450811,   34.926577,       44.68,
 139.455315,   34.926577,       44.58,
 139.459820,   34.926577,       44.50,
 139.464324,   34.926577,       44.43,
 139.468829,   34.926577,       44.38,
 139.473333,   34.926577,       44.34,
 139.477838,   34.926577,       44.29,
 139.482342,   34.926577,       44.18,
 139.486847,   34.926577,       44.04,
 139.491351,   34.926577,       43.88,
 139.495856,   34.926577,       43.73,
 139.500360,   34.926577,       43.59,
 139.504865,   34.926577,       43.46,
 139.509369,   34.926577,       43.35,
 139.513874,   34.926577,       43.25,
 139.518378,   34.926577,       43.14,
 139.522883,   34.926577,       43.01,
 139.527387,   34.926577,       42.85,
 139.531892,   34.926577,       42.70,
 139.536396,   34.926577,       42.55,
 139.540901,   34.926577,       42.40,
 139.545405,   34.926577,       42.26,
 139.549910,   34.926577,       42.16,
 139.554414,   34.926577,       42.08,
 139.558919,   34.926577,       42.02,
 139.563423,   34.926577,       41.94,
 139.567928,   34.926577,       41.85,
 139.572432,   34.926577,       41.76,
 139.576937,   34.926577,       41.72,
 139.581441,   34.926577,       41.71,
 139.585946,   34.926577,       41.74,
 139.590450,   34.926577,       41.80,
 139.594955,   34.926577,       41.87,
 139.599459,   34.926577,       41.94,
 139.603964,   34.926577,       42.01,
 139.608468,   34.926577,       42.09,
 139.612973,   34.926577,       42.16,
 139.617477,   34.926577,       42.20,
 139.621982,   34.926577,       42.18,
 139.626486,   34.926577,       42.16,
 139.630991,   34.926577,       42.15,
 139.635495,   34.926577,       42.14,
 139.640000,   34.926577,       42.14,
 139.644505,   34.926577,       42.16,
 139.649009,   34.926577,       42.17,
 139.653514,   34.926577,       42.18,
 139.658018,   34.926577,       42.19,
 139.662523,   34.926577,       42.13,
 139.667027,   34.926577,       42.11,
 139.671532,   34.926577,       42.09,
 139.676036,   34.926577,       42.06,
 139.680541,   34.926577,       41.99,
 139.685045,   34.926577,       41.92,
 139.689550,   34.926577,       41.86,
 139.694054,   34.926577,       42.05,
 139.698559,   34.926577,       42.23,
 139.703063,   34.926577,       42.43,
 139.707568,   34.926577,       42.65,
 139.712072,   34.926577,       42.87,
 139.716577,   34.926577,       43.06,
 139.721081,   34.926577,       43.08,
 139.725586,   34.926577,       43.04,
 139.730090,   34.926577,       42.98,
 139.734595,   34.926577,       42.75,
 139.739099,   34.926577,       42.51,
 139.743604,   34.926577,       42.29,
 139.748108,   34.926577,       42.11,
 139.752613,   34.926577,       42.00,
 139.757117,   34.926577,       42.13,
 139.761622,   34.926577,       42.31,
 139.766126,   34.926577,       42.54,
 139.770631,   34.926577,       42.79,
 139.775135,   34.926577,       43.03,
 139.779640,   34.926577,       43.32,
 139.784144,   34.926577,       43.65,
 139.788649,   34.926577,       43.95,
 139.793153,   34.926577,       44.24,
 139.797658,   34.926577,       44.39,
 139.802162,   34.926577,       44.51,
 139.806667,   34.926577,       44.54,
 139.811171,   34.926577,       44.41,
 139.815676,   34.926577,       44.34,
 139.820180,   34.926577,       44.38,
 139.824685,   34.926577,       44.42,
 139.829189,   34.926577,       44.43,
 139.833694,   34.926577,       45.13,
 139.838198,   34.926577,       46.08,
 139.842703,   34.926577,       46.96,
 139.847207,   34.926577,       47.76,
 139.851712,   34.926577,       48.47,
 139.856216,   34.926577,       49.09,
 139.860721,   34.926577,       49.58,
 139.865225,   34.926577,       49.97,
 139.869730,   34.926577,       50.23,
 139.874234,   34.926577,       50.34,
 139.878739,   34.926577,       50.33,
 139.883243,   34.926577,       50.24,
 139.887748,   34.926577,       50.06,
 139.892252,   34.926577,       49.82,
 139.896757,   34.926577,       49.51,
 139.901261,   34.926577,       49.14,
 139.905766,   34.926577,       48.73,
 139.910270,   34.926577,       48.29,
 139.914775,   34.926577,       47.82,
 139.919279,   34.926577,       47.32,
 139.923784,   34.926577,       46.80,
 139.928288,   34.926577,       46.31,
 139.932793,   34.926577,       45.83,
 139.937297,   34.926577,       45.37,
 139.941802,   34.926577,       45.11,
 139.946306,   34.926577,       45.15,
 139.950811,   34.926577,       45.23,
 139.955315,   34.926577,       45.33,
 139.959820,   34.926577,       45.42,
 139.964324,   34.926577,       45.44,
 139.968829,   34.926577,       45.43,
 139.973333,   34.926577,       45.42,
 139.977838,   34.926577,       45.35,
 139.982342,   34.926577,       45.27,
 139.986847,   34.926577,       45.11,
 139.991351,   34.926577,       44.87,
 139.995856,   34.926577,       44.62,
 140.000360,   34.926577,       44.25,
 140.004865,   34.926577,       43.82,
 140.009369,   34.926577,       43.37,
 140.013874,   34.926577,       42.94,
 140.018378,   34.926577,       42.58,
 140.022883,   34.926577,       42.21,
 140.027387,   34.926577,       41.86,
 140.031892,   34.926577,       41.58,
 140.036396,   34.926577,       41.37,
 140.040901,   34.926577,       41.18,
 140.045405,   34.926577,       41.05,
 140.049910,   34.926577,       41.01,
 140.054414,   34.926577,       40.97,
 140.058919,   34.926577,       40.95,
 140.063423,   34.926577,       40.92,
 140.067928,   34.926577,       40.97,
 140.072432,   34.926577,       41.14,
 140.076937,   34.926577,       41.33,
 140.081441,   34.926577,       41.51,
 140.085946,   34.926577,       41.67,
 140.090450,   34.926577,       41.79,
 140.094955,   34.926577,       41.94,
 140.099459,   34.926577,       42.16,
 140.103964,   34.926577,       42.39,
 140.108468,   34.926577,       42.62,
 140.112973,   34.926577,       42.84,
 140.117477,   34.926577,       43.09,
 140.121982,   34.926577,       43.33,
 140.126486,   34.926577,       43.57,
 140.130991,   34.926577,       43.81,
 140.135495,   34.926577,       44.04,
 140.140000,   34.926577,       44.26,
 140.144505,   34.926577,       44.48,
 140.149009,   34.926577,       44.67,
 140.153514,   34.926577,       44.84,
 140.158018,   34.926577,       45.00,
 140.162523,   34.926577,       45.16,
 140.167027,   34.926577,       45.32,
 140.171532,   34.926577,       45.48,
 140.176036,   34.926577,       45.64,
 140.180541,   34.926577,       45.79,
 140.185045,   34.926577,       45.90,
 140.189550,   34.926577,       45.92,
 140.194054,   34.926577,       45.92,
 140.198559,   34.926577,       45.91,
 140.203063,   34.926577,       45.90,
 140.207568,   34.926577,       45.89,
 140.212072,   34.926577,       45.87,
 140.216577,   34.926577,       45.83,
 140.221081,   34.926577,       45.76,
 140.225586,   34.926577,       45.64,
 140.230090,   34.926577,       45.48,
 140.234595,   34.926577,       45.28,
 140.239099,   34.926577,       45.07,
 140.243604,   34.926577,       44.85,
 140.248108,   34.926577,       44.64,
 140.252613,   34.926577,       44.42,
 140.257117,   34.926577,       44.20,
 140.261622,   34.926577,       43.96,
 140.266126,   34.926577,       43.71,
 140.270631,   34.926577,       43.45,
 140.275135,   34.926577,       43.17,
 140.279640,   34.926577,       42.89,
 140.284144,   34.926577,       42.58,
 140.288649,   34.926577,       42.27,
 140.293153,   34.926577,       42.03,
 140.297658,   34.926577,       41.91,
 140.302162,   34.926577,       41.84,
 140.306667,   34.926577,       41.77,
 140.311171,   34.926577,       41.72,
 140.315676,   34.926577,       41.67,
 140.320180,   34.926577,       41.64,
 140.324685,   34.926577,       41.61,
 140.329189,   34.926577,       41.60,
 140.333694,   34.926577,       41.59,
 140.338198,   34.926577,       41.60,
 140.342703,   34.926577,       41.61,
 140.347207,   34.926577,       41.63,
 140.351712,   34.926577,       41.55,
 140.356216,   34.926577,       41.47,
 140.360721,   34.926577,       41.28,
 140.365225,   34.926577,       41.08,
 140.369730,   34.926577,       40.88,
 140.374234,   34.926577,       40.67,
 140.378739,   34.926577,       40.45,
 140.383243,   34.926577,       40.23,
 140.387748,   34.926577,       40.01,
 139.140000,   34.931081,       46.83,
 139.144505,   34.931081,       46.75,
 139.149009,   34.931081,       46.62,
 139.153514,   34.931081,       46.50,
 139.158018,   34.931081,       46.38,
 139.162523,   34.931081,       46.27,
 139.167027,   34.931081,       46.16,
 139.171532,   34.931081,       46.06,
 139.176036,   34.931081,       45.97,
 139.180541,   34.931081,       45.87,
 139.185045,   34.931081,       45.79,
 139.189550,   34.931081,       45.71,
 139.194054,   34.931081,       45.63,
 139.198559,   34.931081,       45.56,
 139.203063,   34.931081,       45.49,
 139.207568,   34.931081,       45.43,
 139.212072,   34.931081,       45.37,
 139.216577,   34.931081,       45.32,
 139.221081,   34.931081,       45.28,
 139.225586,   34.931081,       45.23,
 139.230090,   34.931081,       45.20,
 139.234595,   34.931081,       45.17,
 139.239099,   34.931081,       45.22,
 139.243604,   34.931081,       45.45,
 139.248108,   34.931081,       45.70,
 139.252613,   34.931081,       45.93,
 139.257117,   34.931081,       46.15,
 139.261622,   34.931081,       46.35,
 139.266126,   34.931081,       46.53,
 139.270631,   34.931081,       46.70,
 139.275135,   34.931081,       46.85,
 139.279640,   34.931081,       46.98,
 139.284144,   34.931081,       47.09,
 139.288649,   34.931081,       47.22,
 139.293153,   34.931081,       47.33,
 139.297658,   34.931081,       47.43,
 139.302162,   34.931081,       47.51,
 139.306667,   34.931081,       47.58,
 139.311171,   34.931081,       47.65,
 139.315676,   34.931081,       47.72,
 139.320180,   34.931081,       47.79,
 139.324685,   34.931081,       47.87,
 139.329189,   34.931081,       47.93,
 139.333694,   34.931081,       47.95,
 139.338198,   34.931081,       47.91,
 139.342703,   34.931081,       47.79,
 139.347207,   34.931081,       47.64,
 139.351712,   34.931081,       47.49,
 139.356216,   34.931081,       47.34,
 139.360721,   34.931081,       47.20,
 139.365225,   34.931081,       47.05,
 139.369730,   34.931081,       46.90,
 139.374234,   34.931081,       46.76,
 139.378739,   34.931081,       46.60,
 139.383243,   34.931081,       46.44,
 139.387748,   34.931081,       46.30,
 139.392252,   34.931081,       46.20,
 139.396757,   34.931081,       46.11,
 139.401261,   34.931081,       46.01,
 139.405766,   34.931081,       45.90,
 139.410270,   34.931081,       45.79,
 139.414775,   34.931081,       45.66,
 139.419279,   34.931081,       45.53,
 139.423784,   34.931081,       45.41,
 139.428288,   34.931081,       45.29,
 139.432793,   34.931081,       45.18,
 139.437297,   34.931081,       45.08,
 139.441802,   34.931081,       44.97,
 139.446306,   34.931081,       44.87,
 139.450811,   34.931081,       44.78,
 139.455315,   34.931081,       44.69,
 139.459820,   34.931081,       44.62,
 139.464324,   34.931081,       44.56,
 139.468829,   34.931081,       44.51,
 139.473333,   34.931081,       44.46,
 139.477838,   34.931081,       44.38,
 139.482342,   34.931081,       44.28,
 139.486847,   34.931081,       44.14,
 139.491351,   34.931081,       43.98,
 139.495856,   34.931081,       43.81,
 139.500360,   34.931081,       43.65,
 139.504865,   34.931081,       43.49,
 139.509369,   34.931081,       43.34,
 139.513874,   34.931081,       43.20,
 139.518378,   34.931081,       43.08,
 139.522883,   34.931081,       42.94,
 139.527387,   34.931081,       42.79,
 139.531892,   34.931081,       42.63,
 139.536396,   34.931081,       42.47,
 139.540901,   34.931081,       42.31,
 139.545405,   34.931081,       42.18,
 139.549910,   34.931081,       42.11,
 139.554414,   34.931081,       42.06,
 139.558919,   34.931081,       41.99,
 139.563423,   34.931081,       41.92,
 139.567928,   34.931081,       41.83,
 139.572432,   34.931081,       41.79,
 139.576937,   34.931081,       41.82,
 139.581441,   34.931081,       41.86,
 139.585946,   34.931081,       41.91,
 139.590450,   34.931081,       41.97,
 139.594955,   34.931081,       42.04,
 139.599459,   34.931081,       42.10,
 139.603964,   34.931081,       42.16,
 139.608468,   34.931081,       42.23,
 139.612973,   34.931081,       42.28,
 139.617477,   34.931081,       42.25,
 139.621982,   34.931081,       42.20,
 139.626486,   34.931081,       42.16,
 139.630991,   34.931081,       42.12,
 139.635495,   34.931081,       42.08,
 139.640000,   34.931081,       42.08,
 139.644505,   34.931081,       42.10,
 139.649009,   34.931081,       42.15,
 139.653514,   34.931081,       42.20,
 139.658018,   34.931081,       42.25,
 139.662523,   34.931081,       42.27,
 139.667027,   34.931081,       42.25,
 139.671532,   34.931081,       42.26,
 139.676036,   34.931081,       42.29,
 139.680541,   34.931081,       42.23,
 139.685045,   34.931081,       42.18,
 139.689550,   34.931081,       42.17,
 139.694054,   34.931081,       42.30,
 139.698559,   34.931081,       42.46,
 139.703063,   34.931081,       42.64,
 139.707568,   34.931081,       42.93,
 139.712072,   34.931081,       43.20,
 139.716577,   34.931081,       43.44,
 139.721081,   34.931081,       43.43,
 139.725586,   34.931081,       43.39,
 139.730090,   34.931081,       43.39,
 139.734595,   34.931081,       43.25,
 139.739099,   34.931081,       42.99,
 139.743604,   34.931081,       42.79,
 139.748108,   34.931081,       42.62,
 139.752613,   34.931081,       42.52,
 139.757117,   34.931081,       42.53,
 139.761622,   34.931081,       42.73,
 139.766126,   34.931081,       42.98,
 139.770631,   34.931081,       43.24,
 139.775135,   34.931081,       43.59,
 139.779640,   34.931081,       44.06,
 139.784144,   34.931081,       44.41,
 139.788649,   34.931081,       44.61,
 139.793153,   34.931081,       44.66,
 139.797658,   34.931081,       44.77,
 139.802162,   34.931081,       44.81,
 139.806667,   34.931081,       44.66,
 139.811171,   34.931081,       44.49,
 139.815676,   34.931081,       44.27,
 139.820180,   34.931081,       44.29,
 139.824685,   34.931081,       44.32,
 139.829189,   34.931081,       44.94,
 139.833694,   34.931081,       46.16,
 139.838198,   34.931081,       47.26,
 139.842703,   34.931081,       48.26,
 139.847207,   34.931081,       49.14,
 139.851712,   34.931081,       49.92,
 139.856216,   34.931081,       50.55,
 139.860721,   34.931081,       51.05,
 139.865225,   34.931081,       51.40,
 139.869730,   34.931081,       51.59,
 139.874234,   34.931081,       51.64,
 139.878739,   34.931081,       51.59,
 139.883243,   34.931081,       51.45,
 139.887748,   34.931081,       51.24,
 139.892252,   34.931081,       50.96,
 139.896757,   34.931081,       50.61,
 139.901261,   34.931081,       50.19,
 139.905766,   34.931081,       49.72,
 139.910270,   34.931081,       49.22,
 139.914775,   34.931081,       48.69,
 139.919279,   34.931081,       48.14,
 139.923784,   34.931081,       47.55,
 139.928288,   34.931081,       46.96,
 139.932793,   34.931081,       46.38,
 139.937297,   34.931081,       45.83,
 139.941802,   34.931081,       45.34,
 139.946306,   34.931081,       45.08,
 139.950811,   34.931081,       45.15,
 139.955315,   34.931081,       45.25,
 139.959820,   34.931081,       45.35,
 139.964324,   34.931081,       45.39,
 139.968829,   34.931081,       45.39,
 139.973333,   34.931081,       45.37,
 139.977838,   34.931081,       45.33,
 139.982342,   34.931081,       45.27,
 139.986847,   34.931081,       45.09,
 139.991351,   34.931081,       44.87,
 139.995856,   34.931081,       44.64,
 140.000360,   34.931081,       44.32,
 140.004865,   34.931081,       43.92,
 140.009369,   34.931081,       43.51,
 140.013874,   34.931081,       43.11,
 140.018378,   34.931081,       42.75,
 140.022883,   34.931081,       42.39,
 140.027387,   34.931081,       42.05,
 140.031892,   34.931081,       41.81,
 140.036396,   34.931081,       41.58,
 140.040901,   34.931081,       41.36,
 140.045405,   34.931081,       41.15,
 140.049910,   34.931081,       41.10,
 140.054414,   34.931081,       41.05,
 140.058919,   34.931081,       41.02,
 140.063423,   34.931081,       40.97,
 140.067928,   34.931081,       40.95,
 140.072432,   34.931081,       41.03,
 140.076937,   34.931081,       41.16,
 140.081441,   34.931081,       41.32,
 140.085946,   34.931081,       41.45,
 140.090450,   34.931081,       41.54,
 140.094955,   34.931081,       41.64,
 140.099459,   34.931081,       41.81,
 140.103964,   34.931081,       42.04,
 140.108468,   34.931081,       42.29,
 140.112973,   34.931081,       42.55,
 140.117477,   34.931081,       42.80,
 140.121982,   34.931081,       43.02,
 140.126486,   34.931081,       43.24,
 140.130991,   34.931081,       43.46,
 140.135495,   34.931081,       43.67,
 140.140000,   34.931081,       43.87,
 140.144505,   34.931081,       44.07,
 140.149009,   34.931081,       44.26,
 140.153514,   34.931081,       44.44,
 140.158018,   34.931081,       44.62,
 140.162523,   34.931081,       44.80,
 140.167027,   34.931081,       44.97,
 140.171532,   34.931081,       45.14,
 140.176036,   34.931081,       45.32,
 140.180541,   34.931081,       45.47,
 140.185045,   34.931081,       45.58,
 140.189550,   34.931081,       45.64,
 140.194054,   34.931081,       45.66,
 140.198559,   34.931081,       45.67,
 140.203063,   34.931081,       45.68,
 140.207568,   34.931081,       45.69,
 140.212072,   34.931081,       45.68,
 140.216577,   34.931081,       45.66,
 140.221081,   34.931081,       45.57,
 140.225586,   34.931081,       45.43,
 140.230090,   34.931081,       45.26,
 140.234595,   34.931081,       45.06,
 140.239099,   34.931081,       44.84,
 140.243604,   34.931081,       44.63,
 140.248108,   34.931081,       44.41,
 140.252613,   34.931081,       44.19,
 140.257117,   34.931081,       43.97,
 140.261622,   34.931081,       43.74,
 140.266126,   34.931081,       43.49,
 140.270631,   34.931081,       43.23,
 140.275135,   34.931081,       42.95,
 140.279640,   34.931081,       42.66,
 140.284144,   34.931081,       42.36,
 140.288649,   34.931081,       42.12,
 140.293153,   34.931081,       42.01,
 140.297658,   34.931081,       41.93,
 140.302162,   34.931081,       41.85,
 140.306667,   34.931081,       41.79,
 140.311171,   34.931081,       41.74,
 140.315676,   34.931081,       41.70,
 140.320180,   34.931081,       41.66,
 140.324685,   34.931081,       41.64,
 140.329189,   34.931081,       41.62,
 140.333694,   34.931081,       41.62,
 140.338198,   34.931081,       41.62,
 140.342703,   34.931081,       41.62,
 140.347207,   34.931081,       41.54,
 140.351712,   34.931081,       41.43,
 140.356216,   34.931081,       41.24,
 140.360721,   34.931081,       41.05,
 140.365225,   34.931081,       40.85,
 140.369730,   34.931081,       40.64,
 140.374234,   34.931081,       40.43,
 140.378739,   34.931081,       40.22,
 140.383243,   34.931081,       39.99,
 140.387748,   34.931081,       39.76,
 139.140000,   34.935586,       46.88,
 139.144505,   34.935586,       46.80,
 139.149009,   34.935586,       46.72,
 139.153514,   34.935586,       46.61,
 139.158018,   34.935586,       46.49,
 139.162523,   34.935586,       46.38,
 139.167027,   34.935586,       46.27,
 139.171532,   34.935586,       46.17,
 139.176036,   34.935586,       46.07,
 139.180541,   34.935586,       45.98,
 139.185045,   34.935586,       45.89,
 139.189550,   34.935586,       45.81,
 139.194054,   34.935586,       45.73,
 139.198559,   34.935586,       45.66,
 139.203063,   34.935586,       45.59,
 139.207568,   34.935586,       45.53,
 139.212072,   34.935586,       45.47,
 139.216577,   34.935586,       45.42,
 139.221081,   34.935586,       45.37,
 139.225586,   34.935586,       45.33,
 139.230090,   34.935586,       45.29,
 139.234595,   34.935586,       45.26,
 139.239099,   34.935586,       45.23,
 139.243604,   34.935586,       45.26,
 139.248108,   34.935586,       45.48,
 139.252613,   34.935586,       45.71,
 139.257117,   34.935586,       45.93,
 139.261622,   34.935586,       46.13,
 139.266126,   34.935586,       46.31,
 139.270631,   34.935586,       46.48,
 139.275135,   34.935586,       46.62,
 139.279640,   34.935586,       46.73,
 139.284144,   34.935586,       46.85,
 139.288649,   34.935586,       46.97,
 139.293153,   34.935586,       47.10,
 139.297658,   34.935586,       47.21,
 139.302162,   34.935586,       47.31,
 139.306667,   34.935586,       47.41,
 139.311171,   34.935586,       47.50,
 139.315676,   34.935586,       47.59,
 139.320180,   34.935586,       47.69,
 139.324685,   34.935586,       47.78,
 139.329189,   34.935586,       47.87,
 139.333694,   34.935586,       47.91,
 139.338198,   34.935586,       47.84,
 139.342703,   34.935586,       47.71,
 139.347207,   34.935586,       47.56,
 139.351712,   34.935586,       47.42,
 139.356216,   34.935586,       47.28,
 139.360721,   34.935586,       47.13,
 139.365225,   34.935586,       46.98,
 139.369730,   34.935586,       46.82,
 139.374234,   34.935586,       46.66,
 139.378739,   34.935586,       46.51,
 139.383243,   34.935586,       46.35,
 139.387748,   34.935586,       46.27,
 139.392252,   34.935586,       46.22,
 139.396757,   34.935586,       46.16,
 139.401261,   34.935586,       46.08,
 139.405766,   34.935586,       45.99,
 139.410270,   34.935586,       45.88,
 139.414775,   34.935586,       45.76,
 139.419279,   34.935586,       45.63,
 139.423784,   34.935586,       45.49,
 139.428288,   34.935586,       45.35,
 139.432793,   34.935586,       45.22,
 139.437297,   34.935586,       45.11,
 139.441802,   34.935586,       45.02,
 139.446306,   34.935586,       44.93,
 139.450811,   34.935586,       44.85,
 139.455315,   34.935586,       44.79,
 139.459820,   34.935586,       44.73,
 139.464324,   34.935586,       44.67,
 139.468829,   34.935586,       44.62,
 139.473333,   34.935586,       44.56,
 139.477838,   34.935586,       44.48,
 139.482342,   34.935586,       44.38,
 139.486847,   34.935586,       44.24,
 139.491351,   34.935586,       44.08,
 139.495856,   34.935586,       43.89,
 139.500360,   34.935586,       43.71,
 139.504865,   34.935586,       43.52,
 139.509369,   34.935586,       43.33,
 139.513874,   34.935586,       43.15,
 139.518378,   34.935586,       43.02,
 139.522883,   34.935586,       42.88,
 139.527387,   34.935586,       42.73,
 139.531892,   34.935586,       42.58,
 139.536396,   34.935586,       42.42,
 139.540901,   34.935586,       42.26,
 139.545405,   34.935586,       42.15,
 139.549910,   34.935586,       42.10,
 139.554414,   34.935586,       42.05,
 139.558919,   34.935586,       41.98,
 139.563423,   34.935586,       41.91,
 139.567928,   34.935586,       41.87,
 139.572432,   34.935586,       41.95,
 139.576937,   34.935586,       42.01,
 139.581441,   34.935586,       42.06,
 139.585946,   34.935586,       42.10,
 139.590450,   34.935586,       42.15,
 139.594955,   34.935586,       42.20,
 139.599459,   34.935586,       42.25,
 139.603964,   34.935586,       42.29,
 139.608468,   34.935586,       42.33,
 139.612973,   34.935586,       42.33,
 139.617477,   34.935586,       42.27,
 139.621982,   34.935586,       42.21,
 139.626486,   34.935586,       42.14,
 139.630991,   34.935586,       42.08,
 139.635495,   34.935586,       42.02,
 139.640000,   34.935586,       42.01,
 139.644505,   34.935586,       42.03,
 139.649009,   34.935586,       42.08,
 139.653514,   34.935586,       42.12,
 139.658018,   34.935586,       42.16,
 139.662523,   34.935586,       42.20,
 139.667027,   34.935586,       42.24,
 139.671532,   34.935586,       42.31,
 139.676036,   34.935586,       42.43,
 139.680541,   34.935586,       42.49,
 139.685045,   34.935586,       42.47,
 139.689550,   34.935586,       42.47,
 139.694054,   34.935586,       42.60,
 139.698559,   34.935586,       42.78,
 139.703063,   34.935586,       43.00,
 139.707568,   34.935586,       43.29,
 139.712072,   34.935586,       43.59,
 139.716577,   34.935586,       43.73,
 139.721081,   34.935586,       43.69,
 139.725586,   34.935586,       43.66,
 139.730090,   34.935586,       43.63,
 139.734595,   34.935586,       43.51,
 139.739099,   34.935586,       43.30,
 139.743604,   34.935586,       43.15,
 139.748108,   34.935586,       43.09,
 139.752613,   34.935586,       43.00,
 139.757117,   34.935586,       42.94,
 139.761622,   34.935586,       43.14,
 139.766126,   34.935586,       43.40,
 139.770631,   34.935586,       43.71,
 139.775135,   34.935586,       44.27,
 139.779640,   34.935586,       44.80,
 139.784144,   34.935586,       45.17,
 139.788649,   34.935586,       45.15,
 139.793153,   34.935586,       45.14,
 139.797658,   34.935586,       45.13,
 139.802162,   34.935586,       45.01,
 139.806667,   34.935586,       44.84,
 139.811171,   34.935586,       44.62,
 139.815676,   34.935586,       44.37,
 139.820180,   34.935586,       44.24,
 139.824685,   34.935586,       44.66,
 139.829189,   34.935586,       46.10,
 139.833694,   34.935586,       47.41,
 139.838198,   34.935586,       48.61,
 139.842703,   34.935586,       49.68,
 139.847207,   34.935586,       50.62,
 139.851712,   34.935586,       51.42,
 139.856216,   34.935586,       52.06,
 139.860721,   34.935586,       52.54,
 139.865225,   34.935586,       52.54,
 139.869730,   34.935586,       52.54,
 139.874234,   34.935586,       52.46,
 139.878739,   34.935586,       52.46,
 139.883243,   34.935586,       52.46,
 139.887748,   34.935586,       52.46,
 139.892252,   34.935586,       52.14,
 139.896757,   34.935586,       51.74,
 139.901261,   34.935586,       51.29,
 139.905766,   34.935586,       50.76,
 139.910270,   34.935586,       50.20,
 139.914775,   34.935586,       49.61,
 139.919279,   34.935586,       48.99,
 139.923784,   34.935586,       48.35,
 139.928288,   34.935586,       47.68,
 139.932793,   34.935586,       47.01,
 139.937297,   34.935586,       46.36,
 139.941802,   34.935586,       45.74,
 139.946306,   34.935586,       45.25,
 139.950811,   34.935586,       45.07,
 139.955315,   34.935586,       45.16,
 139.959820,   34.935586,       45.25,
 139.964324,   34.935586,       45.31,
 139.968829,   34.935586,       45.35,
 139.973333,   34.935586,       45.33,
 139.977838,   34.935586,       45.29,
 139.982342,   34.935586,       45.25,
 139.986847,   34.935586,       45.10,
 139.991351,   34.935586,       44.89,
 139.995856,   34.935586,       44.67,
 140.000360,   34.935586,       44.36,
 140.004865,   34.935586,       44.01,
 140.009369,   34.935586,       43.65,
 140.013874,   34.935586,       43.28,
 140.018378,   34.935586,       42.93,
 140.022883,   34.935586,       42.58,
 140.027387,   34.935586,       42.28,
 140.031892,   34.935586,       42.04,
 140.036396,   34.935586,       41.82,
 140.040901,   34.935586,       41.59,
 140.045405,   34.935586,       41.40,
 140.049910,   34.935586,       41.26,
 140.054414,   34.935586,       41.16,
 140.058919,   34.935586,       41.08,
 140.063423,   34.935586,       41.02,
 140.067928,   34.935586,       40.96,
 140.072432,   34.935586,       40.94,
 140.076937,   34.935586,       41.01,
 140.081441,   34.935586,       41.13,
 140.085946,   34.935586,       41.24,
 140.090450,   34.935586,       41.32,
 140.094955,   34.935586,       41.38,
 140.099459,   34.935586,       41.47,
 140.103964,   34.935586,       41.72,
 140.108468,   34.935586,       41.99,
 140.112973,   34.935586,       42.27,
 140.117477,   34.935586,       42.52,
 140.121982,   34.935586,       42.75,
 140.126486,   34.935586,       42.95,
 140.130991,   34.935586,       43.14,
 140.135495,   34.935586,       43.34,
 140.140000,   34.935586,       43.52,
 140.144505,   34.935586,       43.70,
 140.149009,   34.935586,       43.88,
 140.153514,   34.935586,       44.08,
 140.158018,   34.935586,       44.27,
 140.162523,   34.935586,       44.46,
 140.167027,   34.935586,       44.64,
 140.171532,   34.935586,       44.83,
 140.176036,   34.935586,       45.00,
 140.180541,   34.935586,       45.15,
 140.185045,   34.935586,       45.26,
 140.189550,   34.935586,       45.34,
 140.194054,   34.935586,       45.39,
 140.198559,   34.935586,       45.42,
 140.203063,   34.935586,       45.45,
 140.207568,   34.935586,       45.48,
 140.212072,   34.935586,       45.49,
 140.216577,   34.935586,       45.48,
 140.221081,   34.935586,       45.38,
 140.225586,   34.935586,       45.23,
 140.230090,   34.935586,       45.05,
 140.234595,   34.935586,       44.84,
 140.239099,   34.935586,       44.62,
 140.243604,   34.935586,       44.41,
 140.248108,   34.935586,       44.19,
 140.252613,   34.935586,       43.97,
 140.257117,   34.935586,       43.75,
 140.261622,   34.935586,       43.52,
 140.266126,   34.935586,       43.28,
 140.270631,   34.935586,       43.02,
 140.275135,   34.935586,       42.74,
 140.279640,   34.935586,       42.46,
 140.284144,   34.935586,       42.21,
 140.288649,   34.935586,       42.10,
 140.293153,   34.935586,       42.01,
 140.297658,   34.935586,       41.93,
 140.302162,   34.935586,       41.86,
 140.306667,   34.935586,       41.80,
 140.311171,   34.935586,       41.75,
 140.315676,   34.935586,       41.71,
 140.320180,   34.935586,       41.67,
 140.324685,   34.935586,       41.65,
 140.329189,   34.935586,       41.64,
 140.333694,   34.935586,       41.64,
 140.338198,   34.935586,       41.61,
 140.342703,   34.935586,       41.54,
 140.347207,   34.935586,       41.39,
 140.351712,   34.935586,       41.21,
 140.356216,   34.935586,       41.02,
 140.360721,   34.935586,       40.82,
 140.365225,   34.935586,       40.62,
 140.369730,   34.935586,       40.42,
 140.374234,   34.935586,       40.20,
 140.378739,   34.935586,       39.98,
 140.383243,   34.935586,       39.76,
 140.387748,   34.935586,       39.53,
 139.140000,   34.940090,       46.89,
 139.144505,   34.940090,       46.85,
 139.149009,   34.940090,       46.78,
 139.153514,   34.940090,       46.70,
 139.158018,   34.940090,       46.60,
 139.162523,   34.940090,       46.48,
 139.167027,   34.940090,       46.37,
 139.171532,   34.940090,       46.27,
 139.176036,   34.940090,       46.17,
 139.180541,   34.940090,       46.08,
 139.185045,   34.940090,       45.99,
 139.189550,   34.940090,       45.91,
 139.194054,   34.940090,       45.83,
 139.198559,   34.940090,       45.76,
 139.203063,   34.940090,       45.69,
 139.207568,   34.940090,       45.62,
 139.212072,   34.940090,       45.56,
 139.216577,   34.940090,       45.51,
 139.221081,   34.940090,       45.46,
 139.225586,   34.940090,       45.42,
 139.230090,   34.940090,       45.38,
 139.234595,   34.940090,       45.35,
 139.239099,   34.940090,       45.32,
 139.243604,   34.940090,       45.30,
 139.248108,   34.940090,       45.31,
 139.252613,   34.940090,       45.51,
 139.257117,   34.940090,       45.73,
 139.261622,   34.940090,       45.93,
 139.266126,   34.940090,       46.11,
 139.270631,   34.940090,       46.26,
 139.275135,   34.940090,       46.37,
 139.279640,   34.940090,       46.48,
 139.284144,   34.940090,       46.60,
 139.288649,   34.940090,       46.72,
 139.293153,   34.940090,       46.85,
 139.297658,   34.940090,       46.98,
 139.302162,   34.940090,       47.10,
 139.306667,   34.940090,       47.21,
 139.311171,   34.940090,       47.32,
 139.315676,   34.940090,       47.44,
 139.320180,   34.940090,       47.56,
 139.324685,   34.940090,       47.68,
 139.329189,   34.940090,       47.80,
 139.333694,   34.940090,       47.87,
 139.338198,   34.940090,       47.78,
 139.342703,   34.940090,       47.65,
 139.347207,   34.940090,       47.52,
 139.351712,   34.940090,       47.39,
 139.356216,   34.940090,       47.25,
 139.360721,   34.940090,       47.11,
 139.365225,   34.940090,       46.95,
 139.369730,   34.940090,       46.79,
 139.374234,   34.940090,       46.62,
 139.378739,   34.940090,       46.45,
 139.383243,   34.940090,       46.34,
 139.387748,   34.940090,       46.35,
 139.392252,   34.940090,       46.33,
 139.396757,   34.940090,       46.28,
 139.401261,   34.940090,       46.21,
 139.405766,   34.940090,       46.13,
 139.410270,   34.940090,       46.02,
 139.414775,   34.940090,       45.90,
 139.419279,   34.940090,       45.76,
 139.423784,   34.940090,       45.61,
 139.428288,   34.940090,       45.44,
 139.432793,   34.940090,       45.27,
 139.437297,   34.940090,       45.14,
 139.441802,   34.940090,       45.05,
 139.446306,   34.940090,       44.98,
 139.450811,   34.940090,       44.92,
 139.455315,   34.940090,       44.87,
 139.459820,   34.940090,       44.81,
 139.464324,   34.940090,       44.76,
 139.468829,   34.940090,       44.72,
 139.473333,   34.940090,       44.67,
 139.477838,   34.940090,       44.60,
 139.482342,   34.940090,       44.50,
 139.486847,   34.940090,       44.37,
 139.491351,   34.940090,       44.20,
 139.495856,   34.940090,       43.99,
 139.500360,   34.940090,       43.78,
 139.504865,   34.940090,       43.57,
 139.509369,   34.940090,       43.35,
 139.513874,   34.940090,       43.13,
 139.518378,   34.940090,       42.96,
 139.522883,   34.940090,       42.82,
 139.527387,   34.940090,       42.68,
 139.531892,   34.940090,       42.54,
 139.536396,   34.940090,       42.39,
 139.540901,   34.940090,       42.25,
 139.545405,   34.940090,       42.16,
 139.549910,   34.940090,       42.11,
 139.554414,   34.940090,       42.06,
 139.558919,   34.940090,       41.99,
 139.563423,   34.940090,       41.98,
 139.567928,   34.940090,       42.06,
 139.572432,   34.940090,       42.16,
 139.576937,   34.940090,       42.23,
 139.581441,   34.940090,       42.27,
 139.585946,   34.940090,       42.31,
 139.590450,   34.940090,       42.34,
 139.594955,   34.940090,       42.36,
 139.599459,   34.940090,       42.38,
 139.603964,   34.940090,       42.39,
 139.608468,   34.940090,       42.40,
 139.612973,   34.940090,       42.39,
 139.617477,   34.940090,       42.31,
 139.621982,   34.940090,       42.20,
 139.626486,   34.940090,       42.10,
 139.630991,   34.940090,       42.03,
 139.635495,   34.940090,       41.96,
 139.640000,   34.940090,       41.93,
 139.644505,   34.940090,       41.95,
 139.649009,   34.940090,       41.96,
 139.653514,   34.940090,       41.99,
 139.658018,   34.940090,       42.03,
 139.662523,   34.940090,       42.09,
 139.667027,   34.940090,       42.15,
 139.671532,   34.940090,       42.27,
 139.676036,   34.940090,       42.45,
 139.680541,   34.940090,       42.65,
 139.685045,   34.940090,       42.72,
 139.689550,   34.940090,       42.77,
 139.694054,   34.940090,       43.01,
 139.698559,   34.940090,       43.24,
 139.703063,   34.940090,       43.48,
 139.707568,   34.940090,       43.75,
 139.712072,   34.940090,       44.03,
 139.716577,   34.940090,       44.00,
 139.721081,   34.940090,       43.91,
 139.725586,   34.940090,       43.87,
 139.730090,   34.940090,       43.75,
 139.734595,   34.940090,       43.62,
 139.739099,   34.940090,       43.47,
 139.743604,   34.940090,       43.43,
 139.748108,   34.940090,       43.44,
 139.752613,   34.940090,       43.41,
 139.757117,   34.940090,       43.43,
 139.761622,   34.940090,       43.54,
 139.766126,   34.940090,       43.86,
 139.770631,   34.940090,       44.47,
 139.775135,   34.940090,       45.09,
 139.779640,   34.940090,       45.51,
 139.784144,   34.940090,       45.60,
 139.788649,   34.940090,       45.56,
 139.793153,   34.940090,       45.50,
 139.797658,   34.940090,       45.37,
 139.802162,   34.940090,       45.21,
 139.806667,   34.940090,       44.96,
 139.811171,   34.940090,       44.65,
 139.815676,   34.940090,       44.41,
 139.820180,   34.940090,       44.21,
 139.824685,   34.940090,       46.12,
 139.829189,   34.940090,       47.65,
 139.833694,   34.940090,       48.96,
 139.838198,   34.940090,       50.17,
 139.842703,   34.940090,       51.24,
 139.847207,   34.940090,       52.19,
 139.851712,   34.940090,       52.98,
 139.856216,   34.940090,       52.98,
 139.860721,   34.940090,       52.98,
 139.865225,   34.940090,       52.98,
 139.869730,   34.940090,       52.98,
 139.874234,   34.940090,       53.35,
 139.878739,   34.940090,       53.35,
 139.883243,   34.940090,       53.35,
 139.887748,   34.940090,       53.35,
 139.892252,   34.940090,       53.35,
 139.896757,   34.940090,       52.92,
 139.901261,   34.940090,       52.41,
 139.905766,   34.940090,       51.84,
 139.910270,   34.940090,       51.22,
 139.914775,   34.940090,       50.57,
 139.919279,   34.940090,       49.89,
 139.923784,   34.940090,       49.18,
 139.928288,   34.940090,       48.44,
 139.932793,   34.940090,       47.70,
 139.937297,   34.940090,       46.96,
 139.941802,   34.940090,       46.24,
 139.946306,   34.940090,       45.57,
 139.950811,   34.940090,       45.13,
 139.955315,   34.940090,       45.08,
 139.959820,   34.940090,       45.15,
 139.964324,   34.940090,       45.22,
 139.968829,   34.940090,       45.28,
 139.973333,   34.940090,       45.29,
 139.977838,   34.940090,       45.26,
 139.982342,   34.940090,       45.24,
 139.986847,   34.940090,       45.13,
 139.991351,   34.940090,       44.93,
 139.995856,   34.940090,       44.73,
 140.000360,   34.940090,       44.42,
 140.004865,   34.940090,       44.09,
 140.009369,   34.940090,       43.77,
 140.013874,   34.940090,       43.45,
 140.018378,   34.940090,       43.12,
 140.022883,   34.940090,       42.79,
 140.027387,   34.940090,       42.51,
 140.031892,   34.940090,       42.27,
 140.036396,   34.940090,       42.04,
 140.040901,   34.940090,       41.84,
 140.045405,   34.940090,       41.64,
 140.049910,   34.940090,       41.49,
 140.054414,   34.940090,       41.35,
 140.058919,   34.940090,       41.21,
 140.063423,   34.940090,       41.12,
 140.067928,   34.940090,       41.05,
 140.072432,   34.940090,       40.97,
 140.076937,   34.940090,       40.87,
 140.081441,   34.940090,       40.97,
 140.085946,   34.940090,       41.08,
 140.090450,   34.940090,       41.18,
 140.094955,   34.940090,       41.24,
 140.099459,   34.940090,       41.32,
 140.103964,   34.940090,       41.52,
 140.108468,   34.940090,       41.76,
 140.112973,   34.940090,       42.01,
 140.117477,   34.940090,       42.26,
 140.121982,   34.940090,       42.48,
 140.126486,   34.940090,       42.68,
 140.130991,   34.940090,       42.87,
 140.135495,   34.940090,       43.05,
 140.140000,   34.940090,       43.24,
 140.144505,   34.940090,       43.42,
 140.149009,   34.940090,       43.60,
 140.153514,   34.940090,       43.78,
 140.158018,   34.940090,       43.97,
 140.162523,   34.940090,       44.15,
 140.167027,   34.940090,       44.34,
 140.171532,   34.940090,       44.52,
 140.176036,   34.940090,       44.70,
 140.180541,   34.940090,       44.83,
 140.185045,   34.940090,       44.94,
 140.189550,   34.940090,       45.03,
 140.194054,   34.940090,       45.10,
 140.198559,   34.940090,       45.16,
 140.203063,   34.940090,       45.21,
 140.207568,   34.940090,       45.26,
 140.212072,   34.940090,       45.29,
 140.216577,   34.940090,       45.31,
 140.221081,   34.940090,       45.20,
 140.225586,   34.940090,       45.03,
 140.230090,   34.940090,       44.83,
 140.234595,   34.940090,       44.62,
 140.239099,   34.940090,       44.41,
 140.243604,   34.940090,       44.19,
 140.248108,   34.940090,       43.98,
 140.252613,   34.940090,       43.76,
 140.257117,   34.940090,       43.53,
 140.261622,   34.940090,       43.31,
 140.266126,   34.940090,       43.08,
 140.270631,   34.940090,       42.82,
 140.275135,   34.940090,       42.55,
 140.279640,   34.940090,       42.31,
 140.284144,   34.940090,       42.20,
 140.288649,   34.940090,       42.10,
 140.293153,   34.940090,       42.01,
 140.297658,   34.940090,       41.93,
 140.302162,   34.940090,       41.86,
 140.306667,   34.940090,       41.80,
 140.311171,   34.940090,       41.75,
 140.315676,   34.940090,       41.71,
 140.320180,   34.940090,       41.68,
 140.324685,   34.940090,       41.66,
 140.329189,   34.940090,       41.64,
 140.333694,   34.940090,       41.61,
 140.338198,   34.940090,       41.52,
 140.342703,   34.940090,       41.35,
 140.347207,   34.940090,       41.17,
 140.351712,   34.940090,       40.99,
 140.356216,   34.940090,       40.80,
 140.360721,   34.940090,       40.60,
 140.365225,   34.940090,       40.40,
 140.369730,   34.940090,       40.19,
 140.374234,   34.940090,       39.98,
 140.378739,   34.940090,       39.76,
 140.383243,   34.940090,       39.53,
 140.387748,   34.940090,       39.30,
 139.140000,   34.944595,       46.64,
 139.144505,   34.944595,       46.78,
 139.149009,   34.944595,       46.83,
 139.153514,   34.944595,       46.75,
 139.158018,   34.944595,       46.67,
 139.162523,   34.944595,       46.58,
 139.167027,   34.944595,       46.47,
 139.171532,   34.944595,       46.37,
 139.176036,   34.944595,       46.27,
 139.180541,   34.944595,       46.17,
 139.185045,   34.944595,       46.08,
 139.189550,   34.944595,       46.00,
 139.194054,   34.944595,       45.92,
 139.198559,   34.944595,       45.85,
 139.203063,   34.944595,       45.78,
 139.207568,   34.944595,       45.71,
 139.212072,   34.944595,       45.65,
 139.216577,   34.944595,       45.60,
 139.221081,   34.944595,       45.55,
 139.225586,   34.944595,       45.50,
 139.230090,   34.944595,       45.47,
 139.234595,   34.944595,       45.43,
 139.239099,   34.944595,       45.40,
 139.243604,   34.944595,       45.38,
 139.248108,   34.944595,       45.36,
 139.252613,   34.944595,       45.35,
 139.257117,   34.944595,       45.54,
 139.261622,   34.944595,       45.74,
 139.266126,   34.944595,       45.90,
 139.270631,   34.944595,       46.01,
 139.275135,   34.944595,       46.12,
 139.279640,   34.944595,       46.23,
 139.284144,   34.944595,       46.35,
 139.288649,   34.944595,       46.47,
 139.293153,   34.944595,       46.60,
 139.297658,   34.944595,       46.74,
 139.302162,   34.944595,       46.87,
 139.306667,   34.944595,       47.00,
 139.311171,   34.944595,       47.13,
 139.315676,   34.944595,       47.27,
 139.320180,   34.944595,       47.41,
 139.324685,   34.944595,       47.56,
 139.329189,   34.944595,       47.72,
 139.333694,   34.944595,       47.83,
 139.338198,   34.944595,       47.73,
 139.342703,   34.944595,       47.63,
 139.347207,   34.944595,       47.52,
 139.351712,   34.944595,       47.40,
 139.356216,   34.944595,       47.26,
 139.360721,   34.944595,       47.12,
 139.365225,   34.944595,       46.99,
 139.369730,   34.944595,       46.86,
 139.374234,   34.944595,       46.73,
 139.378739,   34.944595,       46.63,
 139.383243,   34.944595,       46.60,
 139.387748,   34.944595,       46.58,
 139.392252,   34.944595,       46.55,
 139.396757,   34.944595,       46.49,
 139.401261,   34.944595,       46.42,
 139.405766,   34.944595,       46.32,
 139.410270,   34.944595,       46.21,
 139.414775,   34.944595,       46.08,
 139.419279,   34.944595,       45.93,
 139.423784,   34.944595,       45.76,
 139.428288,   34.944595,       45.56,
 139.432793,   34.944595,       45.35,
 139.437297,   34.944595,       45.17,
 139.441802,   34.944595,       45.08,
 139.446306,   34.944595,       45.03,
 139.450811,   34.944595,       45.01,
 139.455315,   34.944595,       44.98,
 139.459820,   34.944595,       44.94,
 139.464324,   34.944595,       44.89,
 139.468829,   34.944595,       44.84,
 139.473333,   34.944595,       44.79,
 139.477838,   34.944595,       44.72,
 139.482342,   34.944595,       44.63,
 139.486847,   34.944595,       44.50,
 139.491351,   34.944595,       44.34,
 139.495856,   34.944595,       44.12,
 139.500360,   34.944595,       43.89,
 139.504865,   34.944595,       43.65,
 139.509369,   34.944595,       43.42,
 139.513874,   34.944595,       43.18,
 139.518378,   34.944595,       42.95,
 139.522883,   34.944595,       42.80,
 139.527387,   34.944595,       42.66,
 139.531892,   34.944595,       42.51,
 139.536396,   34.944595,       42.37,
 139.540901,   34.944595,       42.24,
 139.545405,   34.944595,       42.17,
 139.549910,   34.944595,       42.12,
 139.554414,   34.944595,       42.08,
 139.558919,   34.944595,       42.04,
 139.563423,   34.944595,       42.13,
 139.567928,   34.944595,       42.27,
 139.572432,   34.944595,       42.39,
 139.576937,   34.944595,       42.47,
 139.581441,   34.944595,       42.51,
 139.585946,   34.944595,       42.54,
 139.590450,   34.944595,       42.56,
 139.594955,   34.944595,       42.56,
 139.599459,   34.944595,       42.53,
 139.603964,   34.944595,       42.51,
 139.608468,   34.944595,       42.49,
 139.612973,   34.944595,       42.46,
 139.617477,   34.944595,       42.31,
 139.621982,   34.944595,       42.15,
 139.626486,   34.944595,       42.03,
 139.630991,   34.944595,       41.94,
 139.635495,   34.944595,       41.88,
 139.640000,   34.944595,       41.84,
 139.644505,   34.944595,       41.80,
 139.649009,   34.944595,       41.78,
 139.653514,   34.944595,       41.79,
 139.658018,   34.944595,       41.83,
 139.662523,   34.944595,       41.92,
 139.667027,   34.944595,       42.02,
 139.671532,   34.944595,       42.21,
 139.676036,   34.944595,       42.45,
 139.680541,   34.944595,       42.73,
 139.685045,   34.944595,       42.93,
 139.689550,   34.944595,       43.10,
 139.694054,   34.944595,       43.36,
 139.698559,   34.944595,       43.69,
 139.703063,   34.944595,       43.87,
 139.707568,   34.944595,       44.08,
 139.712072,   34.944595,       44.21,
 139.716577,   34.944595,       44.09,
 139.721081,   34.944595,       43.99,
 139.725586,   34.944595,       43.92,
 139.730090,   34.944595,       43.83,
 139.734595,   34.944595,       43.71,
 139.739099,   34.944595,       43.70,
 139.743604,   34.944595,       43.76,
 139.748108,   34.944595,       43.78,
 139.752613,   34.944595,       43.90,
 139.757117,   34.944595,       43.99,
 139.761622,   34.944595,       44.02,
 139.766126,   34.944595,       44.49,
 139.770631,   34.944595,       45.24,
 139.775135,   34.944595,       45.96,
 139.779640,   34.944595,       46.02,
 139.784144,   34.944595,       45.94,
 139.788649,   34.944595,       45.89,
 139.793153,   34.944595,       45.71,
 139.797658,   34.944595,       45.57,
 139.802162,   34.944595,       45.29,
 139.806667,   34.944595,       44.90,
 139.811171,   34.944595,       44.56,
 139.815676,   34.944595,       44.97,
 139.820180,   34.944595,       46.33,
 139.824685,   34.944595,       48.02,
 139.829189,   34.944595,       49.43,
 139.833694,   34.944595,       50.69,
 139.838198,   34.944595,       51.86,
 139.842703,   34.944595,       52.91,
 139.847207,   34.944595,       53.85,
 139.851712,   34.944595,       54.62,
 139.856216,   34.944595,       54.62,
 139.860721,   34.944595,       54.62,
 139.865225,   34.944595,       54.62,
 139.869730,   34.944595,       54.62,
 139.874234,   34.944595,       54.61,
 139.878739,   34.944595,       54.61,
 139.883243,   34.944595,       54.61,
 139.887748,   34.944595,       54.61,
 139.892252,   34.944595,       54.61,
 139.896757,   34.944595,       54.12,
 139.901261,   34.944595,       53.57,
 139.905766,   34.944595,       52.94,
 139.910270,   34.944595,       52.26,
 139.914775,   34.944595,       51.55,
 139.919279,   34.944595,       50.81,
 139.923784,   34.944595,       50.04,
 139.928288,   34.944595,       49.25,
 139.932793,   34.944595,       48.43,
 139.937297,   34.944595,       47.61,
 139.941802,   34.944595,       46.79,
 139.946306,   34.944595,       46.00,
 139.950811,   34.944595,       45.34,
 139.955315,   34.944595,       45.02,
 139.959820,   34.944595,       45.08,
 139.964324,   34.944595,       45.14,
 139.968829,   34.944595,       45.19,
 139.973333,   34.944595,       45.24,
 139.977838,   34.944595,       45.25,
 139.982342,   34.944595,       45.23,
 139.986847,   34.944595,       45.18,
 139.991351,   34.944595,       44.99,
 139.995856,   34.944595,       44.77,
 140.000360,   34.944595,       44.50,
 140.004865,   34.944595,       44.20,
 140.009369,   34.944595,       43.90,
 140.013874,   34.944595,       43.60,
 140.018378,   34.944595,       43.30,
 140.022883,   34.944595,       43.00,
 140.027387,   34.944595,       42.75,
 140.031892,   34.944595,       42.52,
 140.036396,   34.944595,       42.29,
 140.040901,   34.944595,       42.09,
 140.045405,   34.944595,       41.89,
 140.049910,   34.944595,       41.71,
 140.054414,   34.944595,       41.56,
 140.058919,   34.944595,       41.40,
 140.063423,   34.944595,       41.28,
 140.067928,   34.944595,       41.18,
 140.072432,   34.944595,       41.08,
 140.076937,   34.944595,       40.99,
 140.081441,   34.944595,       40.98,
 140.085946,   34.944595,       41.05,
 140.090450,   34.944595,       41.12,
 140.094955,   34.944595,       41.20,
 140.099459,   34.944595,       41.31,
 140.103964,   34.944595,       41.44,
 140.108468,   34.944595,       41.62,
 140.112973,   34.944595,       41.80,
 140.117477,   34.944595,       42.00,
 140.121982,   34.944595,       42.22,
 140.126486,   34.944595,       42.42,
 140.130991,   34.944595,       42.61,
 140.135495,   34.944595,       42.79,
 140.140000,   34.944595,       42.97,
 140.144505,   34.944595,       43.15,
 140.149009,   34.944595,       43.33,
 140.153514,   34.944595,       43.50,
 140.158018,   34.944595,       43.68,
 140.162523,   34.944595,       43.86,
 140.167027,   34.944595,       44.04,
 140.171532,   34.944595,       44.22,
 140.176036,   34.944595,       44.39,
 140.180541,   34.944595,       44.52,
 140.185045,   34.944595,       44.63,
 140.189550,   34.944595,       44.72,
 140.194054,   34.944595,       44.81,
 140.198559,   34.944595,       44.89,
 140.203063,   34.944595,       44.96,
 140.207568,   34.944595,       45.02,
 140.212072,   34.944595,       45.08,
 140.216577,   34.944595,       45.14,
 140.221081,   34.944595,       45.02,
 140.225586,   34.944595,       44.82,
 140.230090,   34.944595,       44.62,
 140.234595,   34.944595,       44.41,
 140.239099,   34.944595,       44.20,
 140.243604,   34.944595,       43.98,
 140.248108,   34.944595,       43.77,
 140.252613,   34.944595,       43.55,
 140.257117,   34.944595,       43.32,
 140.261622,   34.944595,       43.10,
 140.266126,   34.944595,       42.87,
 140.270631,   34.944595,       42.64,
 140.275135,   34.944595,       42.40,
 140.279640,   34.944595,       42.29,
 140.284144,   34.944595,       42.18,
 140.288649,   34.944595,       42.08,
 140.293153,   34.944595,       41.99,
 140.297658,   34.944595,       41.92,
 140.302162,   34.944595,       41.85,
 140.306667,   34.944595,       41.79,
 140.311171,   34.944595,       41.74,
 140.315676,   34.944595,       41.70,
 140.320180,   34.944595,       41.67,
 140.324685,   34.944595,       41.65,
 140.329189,   34.944595,       41.60,
 140.333694,   34.944595,       41.49,
 140.338198,   34.944595,       41.32,
 140.342703,   34.944595,       41.15,
 140.347207,   34.944595,       40.97,
 140.351712,   34.944595,       40.78,
 140.356216,   34.944595,       40.59,
 140.360721,   34.944595,       40.39,
 140.365225,   34.944595,       40.19,
 140.369730,   34.944595,       39.98,
 140.374234,   34.944595,       39.76,
 140.378739,   34.944595,       39.54,
 140.383243,   34.944595,       39.31,
 140.387748,   34.944595,       39.08,
 139.140000,   34.949099,       46.40,
 139.144505,   34.949099,       46.54,
 139.149009,   34.949099,       46.67,
 139.153514,   34.949099,       46.78,
 139.158018,   34.949099,       46.73,
 139.162523,   34.949099,       46.65,
 139.167027,   34.949099,       46.56,
 139.171532,   34.949099,       46.46,
 139.176036,   34.949099,       46.36,
 139.180541,   34.949099,       46.26,
 139.185045,   34.949099,       46.17,
 139.189550,   34.949099,       46.09,
 139.194054,   34.949099,       46.01,
 139.198559,   34.949099,       45.93,
 139.203063,   34.949099,       45.86,
 139.207568,   34.949099,       45.80,
 139.212072,   34.949099,       45.74,
 139.216577,   34.949099,       45.68,
 139.221081,   34.949099,       45.63,
 139.225586,   34.949099,       45.58,
 139.230090,   34.949099,       45.54,
 139.234595,   34.949099,       45.51,
 139.239099,   34.949099,       45.48,
 139.243604,   34.949099,       45.45,
 139.248108,   34.949099,       45.43,
 139.252613,   34.949099,       45.42,
 139.257117,   34.949099,       45.41,
 139.261622,   34.949099,       45.55,
 139.266126,   34.949099,       45.67,
 139.270631,   34.949099,       45.79,
 139.275135,   34.949099,       45.90,
 139.279640,   34.949099,       46.00,
 139.284144,   34.949099,       46.10,
 139.288649,   34.949099,       46.22,
 139.293153,   34.949099,       46.35,
 139.297658,   34.949099,       46.48,
 139.302162,   34.949099,       46.62,
 139.306667,   34.949099,       46.77,
 139.311171,   34.949099,       46.91,
 139.315676,   34.949099,       47.07,
 139.320180,   34.949099,       47.23,
 139.324685,   34.949099,       47.41,
 139.329189,   34.949099,       47.60,
 139.333694,   34.949099,       47.78,
 139.338198,   34.949099,       47.75,
 139.342703,   34.949099,       47.65,
 139.347207,   34.949099,       47.55,
 139.351712,   34.949099,       47.43,
 139.356216,   34.949099,       47.30,
 139.360721,   34.949099,       47.19,
 139.365225,   34.949099,       47.08,
 139.369730,   34.949099,       46.99,
 139.374234,   34.949099,       46.91,
 139.378739,   34.949099,       46.87,
 139.383243,   34.949099,       46.87,
 139.387748,   34.949099,       46.86,
 139.392252,   34.949099,       46.83,
 139.396757,   34.949099,       46.77,
 139.401261,   34.949099,       46.68,
 139.405766,   34.949099,       46.57,
 139.410270,   34.949099,       46.45,
 139.414775,   34.949099,       46.30,
 139.419279,   34.949099,       46.14,
 139.423784,   34.949099,       45.95,
 139.428288,   34.949099,       45.73,
 139.432793,   34.949099,       45.49,
 139.437297,   34.949099,       45.23,
 139.441802,   34.949099,       45.16,
 139.446306,   34.949099,       45.20,
 139.450811,   34.949099,       45.21,
 139.455315,   34.949099,       45.19,
 139.459820,   34.949099,       45.15,
 139.464324,   34.949099,       45.10,
 139.468829,   34.949099,       45.03,
 139.473333,   34.949099,       44.95,
 139.477838,   34.949099,       44.86,
 139.482342,   34.949099,       44.77,
 139.486847,   34.949099,       44.65,
 139.491351,   34.949099,       44.48,
 139.495856,   34.949099,       44.26,
 139.500360,   34.949099,       44.01,
 139.504865,   34.949099,       43.77,
 139.509369,   34.949099,       43.51,
 139.513874,   34.949099,       43.25,
 139.518378,   34.949099,       42.99,
 139.522883,   34.949099,       42.81,
 139.527387,   34.949099,       42.66,
 139.531892,   34.949099,       42.51,
 139.536396,   34.949099,       42.36,
 139.540901,   34.949099,       42.23,
 139.545405,   34.949099,       42.19,
 139.549910,   34.949099,       42.18,
 139.554414,   34.949099,       42.16,
 139.558919,   34.949099,       42.20,
 139.563423,   34.949099,       42.34,
 139.567928,   34.949099,       42.48,
 139.572432,   34.949099,       42.62,
 139.576937,   34.949099,       42.71,
 139.581441,   34.949099,       42.74,
 139.585946,   34.949099,       42.75,
 139.590450,   34.949099,       42.77,
 139.594955,   34.949099,       42.78,
 139.599459,   34.949099,       42.72,
 139.603964,   34.949099,       42.63,
 139.608468,   34.949099,       42.56,
 139.612973,   34.949099,       42.47,
 139.617477,   34.949099,       42.22,
 139.621982,   34.949099,       42.04,
 139.626486,   34.949099,       41.89,
 139.630991,   34.949099,       41.77,
 139.635495,   34.949099,       41.66,
 139.640000,   34.949099,       41.53,
 139.644505,   34.949099,       41.50,
 139.649009,   34.949099,       41.49,
 139.653514,   34.949099,       41.51,
 139.658018,   34.949099,       41.56,
 139.662523,   34.949099,       41.65,
 139.667027,   34.949099,       41.84,
 139.671532,   34.949099,       42.08,
 139.676036,   34.949099,       42.33,
 139.680541,   34.949099,       42.63,
 139.685045,   34.949099,       42.98,
 139.689550,   34.949099,       43.26,
 139.694054,   34.949099,       43.52,
 139.698559,   34.949099,       43.76,
 139.703063,   34.949099,       44.01,
 139.707568,   34.949099,       44.24,
 139.712072,   34.949099,       44.19,
 139.716577,   34.949099,       44.04,
 139.721081,   34.949099,       43.94,
 139.725586,   34.949099,       43.92,
 139.730090,   34.949099,       43.88,
 139.734595,   34.949099,       43.86,
 139.739099,   34.949099,       44.00,
 139.743604,   34.949099,       44.10,
 139.748108,   34.949099,       44.23,
 139.752613,   34.949099,       44.49,
 139.757117,   34.949099,       44.65,
 139.761622,   34.949099,       44.87,
 139.766126,   34.949099,       45.32,
 139.770631,   34.949099,       45.98,
 139.775135,   34.949099,       46.00,
 139.779640,   34.949099,       45.76,
 139.784144,   34.949099,       45.70,
 139.788649,   34.949099,       45.73,
 139.793153,   34.949099,       45.69,
 139.797658,   34.949099,       45.46,
 139.802162,   34.949099,       45.19,
 139.806667,   34.949099,       45.39,
 139.811171,   34.949099,       45.97,
 139.815676,   34.949099,       47.30,
 139.820180,   34.949099,       48.54,
 139.824685,   34.949099,       49.98,
 139.829189,   34.949099,       51.27,
 139.833694,   34.949099,       52.48,
 139.838198,   34.949099,       53.62,
 139.842703,   34.949099,       54.65,
 139.847207,   34.949099,       55.56,
 139.851712,   34.949099,       55.56,
 139.856216,   34.949099,       55.56,
 139.860721,   34.949099,       55.56,
 139.865225,   34.949099,       55.56,
 139.869730,   34.949099,       55.56,
 139.874234,   34.949099,       55.36,
 139.878739,   34.949099,       55.36,
 139.883243,   34.949099,       55.36,
 139.887748,   34.949099,       55.36,
 139.892252,   34.949099,       55.36,
 139.896757,   34.949099,       55.36,
 139.901261,   34.949099,       54.75,
 139.905766,   34.949099,       54.06,
 139.910270,   34.949099,       53.32,
 139.914775,   34.949099,       52.55,
 139.919279,   34.949099,       51.76,
 139.923784,   34.949099,       50.93,
 139.928288,   34.949099,       50.07,
 139.932793,   34.949099,       49.19,
 139.937297,   34.949099,       48.29,
 139.941802,   34.949099,       47.40,
 139.946306,   34.949099,       46.50,
 139.950811,   34.949099,       45.67,
 139.955315,   34.949099,       45.07,
 139.959820,   34.949099,       45.01,
 139.964324,   34.949099,       45.07,
 139.968829,   34.949099,       45.12,
 139.973333,   34.949099,       45.17,
 139.977838,   34.949099,       45.23,
 139.982342,   34.949099,       45.25,
 139.986847,   34.949099,       45.17,
 139.991351,   34.949099,       45.04,
 139.995856,   34.949099,       44.83,
 140.000360,   34.949099,       44.57,
 140.004865,   34.949099,       44.31,
 140.009369,   34.949099,       44.03,
 140.013874,   34.949099,       43.74,
 140.018378,   34.949099,       43.45,
 140.022883,   34.949099,       43.19,
 140.027387,   34.949099,       42.97,
 140.031892,   34.949099,       42.75,
 140.036396,   34.949099,       42.53,
 140.040901,   34.949099,       42.33,
 140.045405,   34.949099,       42.12,
 140.049910,   34.949099,       41.93,
 140.054414,   34.949099,       41.76,
 140.058919,   34.949099,       41.59,
 140.063423,   34.949099,       41.44,
 140.067928,   34.949099,       41.32,
 140.072432,   34.949099,       41.20,
 140.076937,   34.949099,       41.11,
 140.081441,   34.949099,       41.07,
 140.085946,   34.949099,       41.10,
 140.090450,   34.949099,       41.13,
 140.094955,   34.949099,       41.19,
 140.099459,   34.949099,       41.30,
 140.103964,   34.949099,       41.42,
 140.108468,   34.949099,       41.55,
 140.112973,   34.949099,       41.68,
 140.117477,   34.949099,       41.80,
 140.121982,   34.949099,       41.97,
 140.126486,   34.949099,       42.18,
 140.130991,   34.949099,       42.37,
 140.135495,   34.949099,       42.54,
 140.140000,   34.949099,       42.71,
 140.144505,   34.949099,       42.88,
 140.149009,   34.949099,       43.05,
 140.153514,   34.949099,       43.23,
 140.158018,   34.949099,       43.40,
 140.162523,   34.949099,       43.58,
 140.167027,   34.949099,       43.75,
 140.171532,   34.949099,       43.92,
 140.176036,   34.949099,       44.09,
 140.180541,   34.949099,       44.22,
 140.185045,   34.949099,       44.32,
 140.189550,   34.949099,       44.41,
 140.194054,   34.949099,       44.51,
 140.198559,   34.949099,       44.59,
 140.203063,   34.949099,       44.68,
 140.207568,   34.949099,       44.76,
 140.212072,   34.949099,       44.83,
 140.216577,   34.949099,       44.90,
 140.221081,   34.949099,       44.80,
 140.225586,   34.949099,       44.61,
 140.230090,   34.949099,       44.41,
 140.234595,   34.949099,       44.21,
 140.239099,   34.949099,       44.00,
 140.243604,   34.949099,       43.78,
 140.248108,   34.949099,       43.56,
 140.252613,   34.949099,       43.34,
 140.257117,   34.949099,       43.12,
 140.261622,   34.949099,       42.90,
 140.266126,   34.949099,       42.68,
 140.270631,   34.949099,       42.48,
 140.275135,   34.949099,       42.37,
 140.279640,   34.949099,       42.26,
 140.284144,   34.949099,       42.15,
 140.288649,   34.949099,       42.06,
 140.293153,   34.949099,       41.97,
 140.297658,   34.949099,       41.89,
 140.302162,   34.949099,       41.83,
 140.306667,   34.949099,       41.77,
 140.311171,   34.949099,       41.72,
 140.315676,   34.949099,       41.68,
 140.320180,   34.949099,       41.65,
 140.324685,   34.949099,       41.59,
 140.329189,   34.949099,       41.45,
 140.333694,   34.949099,       41.29,
 140.338198,   34.949099,       41.12,
 140.342703,   34.949099,       40.95,
 140.347207,   34.949099,       40.77,
 140.351712,   34.949099,       40.58,
 140.356216,   34.949099,       40.39,
 140.360721,   34.949099,       40.19,
 140.365225,   34.949099,       39.98,
 140.369730,   34.949099,       39.77,
 140.374234,   34.949099,       39.55,
 140.378739,   34.949099,       39.33,
 140.383243,   34.949099,       39.10,
 140.387748,   34.949099,       38.86,
 139.140000,   34.953604,       46.18,
 139.144505,   34.953604,       46.33,
 139.149009,   34.953604,       46.46,
 139.153514,   34.953604,       46.58,
 139.158018,   34.953604,       46.68,
 139.162523,   34.953604,       46.70,
 139.167027,   34.953604,       46.62,
 139.171532,   34.953604,       46.55,
 139.176036,   34.953604,       46.44,
 139.180541,   34.953604,       46.35,
 139.185045,   34.953604,       46.26,
 139.189550,   34.953604,       46.17,
 139.194054,   34.953604,       46.09,
 139.198559,   34.953604,       46.01,
 139.203063,   34.953604,       45.94,
 139.207568,   34.953604,       45.87,
 139.212072,   34.953604,       45.81,
 139.216577,   34.953604,       45.76,
 139.221081,   34.953604,       45.71,
 139.225586,   34.953604,       45.66,
 139.230090,   34.953604,       45.62,
 139.234595,   34.953604,       45.58,
 139.239099,   34.953604,       45.55,
 139.243604,   34.953604,       45.52,
 139.248108,   34.953604,       45.50,
 139.252613,   34.953604,       45.49,
 139.257117,   34.953604,       45.46,
 139.261622,   34.953604,       45.44,
 139.266126,   34.953604,       45.53,
 139.270631,   34.953604,       45.62,
 139.275135,   34.953604,       45.72,
 139.279640,   34.953604,       45.80,
 139.284144,   34.953604,       45.88,
 139.288649,   34.953604,       45.98,
 139.293153,   34.953604,       46.09,
 139.297658,   34.953604,       46.22,
 139.302162,   34.953604,       46.36,
 139.306667,   34.953604,       46.51,
 139.311171,   34.953604,       46.67,
 139.315676,   34.953604,       46.85,
 139.320180,   34.953604,       47.04,
 139.324685,   34.953604,       47.25,
 139.329189,   34.953604,       47.47,
 139.333694,   34.953604,       47.68,
 139.338198,   34.953604,       47.72,
 139.342703,   34.953604,       47.69,
 139.347207,   34.953604,       47.60,
 139.351712,   34.953604,       47.48,
 139.356216,   34.953604,       47.38,
 139.360721,   34.953604,       47.29,
 139.365225,   34.953604,       47.21,
 139.369730,   34.953604,       47.15,
 139.374234,   34.953604,       47.11,
 139.378739,   34.953604,       47.11,
 139.383243,   34.953604,       47.13,
 139.387748,   34.953604,       47.14,
 139.392252,   34.953604,       47.13,
 139.396757,   34.953604,       47.08,
 139.401261,   34.953604,       46.99,
 139.405766,   34.953604,       46.87,
 139.410270,   34.953604,       46.73,
 139.414775,   34.953604,       46.57,
 139.419279,   34.953604,       46.40,
 139.423784,   34.953604,       46.21,
 139.428288,   34.953604,       46.02,
 139.432793,   34.953604,       45.81,
 139.437297,   34.953604,       45.66,
 139.441802,   34.953604,       45.58,
 139.446306,   34.953604,       45.56,
 139.450811,   34.953604,       45.55,
 139.455315,   34.953604,       45.51,
 139.459820,   34.953604,       45.46,
 139.464324,   34.953604,       45.38,
 139.468829,   34.953604,       45.28,
 139.473333,   34.953604,       45.17,
 139.477838,   34.953604,       45.04,
 139.482342,   34.953604,       44.92,
 139.486847,   34.953604,       44.81,
 139.491351,   34.953604,       44.63,
 139.495856,   34.953604,       44.39,
 139.500360,   34.953604,       44.14,
 139.504865,   34.953604,       43.88,
 139.509369,   34.953604,       43.61,
 139.513874,   34.953604,       43.31,
 139.518378,   34.953604,       43.04,
 139.522883,   34.953604,       42.82,
 139.527387,   34.953604,       42.67,
 139.531892,   34.953604,       42.53,
 139.536396,   34.953604,       42.39,
 139.540901,   34.953604,       42.28,
 139.545405,   34.953604,       42.32,
 139.549910,   34.953604,       42.35,
 139.554414,   34.953604,       42.37,
 139.558919,   34.953604,       42.43,
 139.563423,   34.953604,       42.55,
 139.567928,   34.953604,       42.68,
 139.572432,   34.953604,       42.81,
 139.576937,   34.953604,       42.92,
 139.581441,   34.953604,       42.90,
 139.585946,   34.953604,       42.90,
 139.590450,   34.953604,       42.94,
 139.594955,   34.953604,       43.01,
 139.599459,   34.953604,       42.87,
 139.603964,   34.953604,       42.69,
 139.608468,   34.953604,       42.52,
 139.612973,   34.953604,       42.26,
 139.617477,   34.953604,       42.01,
 139.621982,   34.953604,       41.82,
 139.626486,   34.953604,       41.65,
 139.630991,   34.953604,       41.49,
 139.635495,   34.953604,       41.31,
 139.640000,   34.953604,       41.17,
 139.644505,   34.953604,       41.12,
 139.649009,   34.953604,       41.14,
 139.653514,   34.953604,       41.17,
 139.658018,   34.953604,       41.21,
 139.662523,   34.953604,       41.32,
 139.667027,   34.953604,       41.55,
 139.671532,   34.953604,       41.83,
 139.676036,   34.953604,       42.10,
 139.680541,   34.953604,       42.40,
 139.685045,   34.953604,       42.76,
 139.689550,   34.953604,       43.16,
 139.694054,   34.953604,       43.52,
 139.698559,   34.953604,       43.80,
 139.703063,   34.953604,       44.00,
 139.707568,   34.953604,       44.14,
 139.712072,   34.953604,       44.07,
 139.716577,   34.953604,       43.94,
 139.721081,   34.953604,       43.98,
 139.725586,   34.953604,       43.99,
 139.730090,   34.953604,       44.04,
 139.734595,   34.953604,       44.36,
 139.739099,   34.953604,       44.52,
 139.743604,   34.953604,       44.64,
 139.748108,   34.953604,       45.00,
 139.752613,   34.953604,       45.27,
 139.757117,   34.953604,       45.44,
 139.761622,   34.953604,       45.83,
 139.766126,   34.953604,       46.24,
 139.770631,   34.953604,       46.12,
 139.775135,   34.953604,       45.51,
 139.779640,   34.953604,       45.18,
 139.784144,   34.953604,       45.15,
 139.788649,   34.953604,       45.28,
 139.793153,   34.953604,       45.46,
 139.797658,   34.953604,       46.10,
 139.802162,   34.953604,       47.14,
 139.806667,   34.953604,       47.82,
 139.811171,   34.953604,       48.75,
 139.815676,   34.953604,       49.75,
 139.820180,   34.953604,       50.75,
 139.824685,   34.953604,       51.97,
 139.829189,   34.953604,       53.16,
 139.833694,   34.953604,       54.31,
 139.838198,   34.953604,       55.41,
 139.842703,   34.953604,       56.43,
 139.847207,   34.953604,       56.43,
 139.851712,   34.953604,       56.43,
 139.856216,   34.953604,       56.43,
 139.860721,   34.953604,       56.43,
 139.865225,   34.953604,       56.43,
 139.869730,   34.953604,       57.22,
 139.874234,   34.953604,       57.22,
 139.878739,   34.953604,       57.22,
 139.883243,   34.953604,       57.22,
 139.887748,   34.953604,       57.22,
 139.892252,   34.953604,       57.22,
 139.896757,   34.953604,       56.62,
 139.901261,   34.953604,       55.95,
 139.905766,   34.953604,       55.21,
 139.910270,   34.953604,       54.41,
 139.914775,   34.953604,       53.58,
 139.919279,   34.953604,       52.72,
 139.923784,   34.953604,       51.83,
 139.928288,   34.953604,       50.92,
 139.932793,   34.953604,       49.97,
 139.937297,   34.953604,       49.00,
 139.941802,   34.953604,       48.03,
 139.946306,   34.953604,       47.04,
 139.950811,   34.953604,       46.07,
 139.955315,   34.953604,       45.23,
 139.959820,   34.953604,       44.94,
 139.964324,   34.953604,       44.98,
 139.968829,   34.953604,       45.05,
 139.973333,   34.953604,       45.13,
 139.977838,   34.953604,       45.20,
 139.982342,   34.953604,       45.25,
 139.986847,   34.953604,       45.17,
 139.991351,   34.953604,       45.06,
 139.995856,   34.953604,       44.88,
 140.000360,   34.953604,       44.65,
 140.004865,   34.953604,       44.40,
 140.009369,   34.953604,       44.15,
 140.013874,   34.953604,       43.87,
 140.018378,   34.953604,       43.61,
 140.022883,   34.953604,       43.37,
 140.027387,   34.953604,       43.16,
 140.031892,   34.953604,       42.96,
 140.036396,   34.953604,       42.76,
 140.040901,   34.953604,       42.55,
 140.045405,   34.953604,       42.34,
 140.049910,   34.953604,       42.15,
 140.054414,   34.953604,       41.97,
 140.058919,   34.953604,       41.80,
 140.063423,   34.953604,       41.62,
 140.067928,   34.953604,       41.46,
 140.072432,   34.953604,       41.31,
 140.076937,   34.953604,       41.21,
 140.081441,   34.953604,       41.18,
 140.085946,   34.953604,       41.18,
 140.090450,   34.953604,       41.18,
 140.094955,   34.953604,       41.17,
 140.099459,   34.953604,       41.30,
 140.103964,   34.953604,       41.42,
 140.108468,   34.953604,       41.54,
 140.112973,   34.953604,       41.66,
 140.117477,   34.953604,       41.76,
 140.121982,   34.953604,       41.84,
 140.126486,   34.953604,       41.99,
 140.130991,   34.953604,       42.16,
 140.135495,   34.953604,       42.32,
 140.140000,   34.953604,       42.47,
 140.144505,   34.953604,       42.62,
 140.149009,   34.953604,       42.78,
 140.153514,   34.953604,       42.96,
 140.158018,   34.953604,       43.14,
 140.162523,   34.953604,       43.32,
 140.167027,   34.953604,       43.49,
 140.171532,   34.953604,       43.65,
 140.176036,   34.953604,       43.81,
 140.180541,   34.953604,       43.92,
 140.185045,   34.953604,       44.02,
 140.189550,   34.953604,       44.12,
 140.194054,   34.953604,       44.21,
 140.198559,   34.953604,       44.30,
 140.203063,   34.953604,       44.39,
 140.207568,   34.953604,       44.47,
 140.212072,   34.953604,       44.53,
 140.216577,   34.953604,       44.57,
 140.221081,   34.953604,       44.51,
 140.225586,   34.953604,       44.36,
 140.230090,   34.953604,       44.19,
 140.234595,   34.953604,       44.00,
 140.239099,   34.953604,       43.80,
 140.243604,   34.953604,       43.59,
 140.248108,   34.953604,       43.37,
 140.252613,   34.953604,       43.15,
 140.257117,   34.953604,       42.94,
 140.261622,   34.953604,       42.74,
 140.266126,   34.953604,       42.55,
 140.270631,   34.953604,       42.40,
 140.275135,   34.953604,       42.31,
 140.279640,   34.953604,       42.22,
 140.284144,   34.953604,       42.12,
 140.288649,   34.953604,       42.02,
 140.293153,   34.953604,       41.94,
 140.297658,   34.953604,       41.86,
 140.302162,   34.953604,       41.80,
 140.306667,   34.953604,       41.74,
 140.311171,   34.953604,       41.69,
 140.315676,   34.953604,       41.66,
 140.320180,   34.953604,       41.58,
 140.324685,   34.953604,       41.43,
 140.329189,   34.953604,       41.27,
 140.333694,   34.953604,       41.10,
 140.338198,   34.953604,       40.93,
 140.342703,   34.953604,       40.76,
 140.347207,   34.953604,       40.57,
 140.351712,   34.953604,       40.38,
 140.356216,   34.953604,       40.19,
 140.360721,   34.953604,       39.99,
 140.365225,   34.953604,       39.78,
 140.369730,   34.953604,       39.56,
 140.374234,   34.953604,       39.34,
 140.378739,   34.953604,       39.12,
 140.383243,   34.953604,       38.89,
 140.387748,   34.953604,       38.65,
 139.140000,   34.958108,       45.97,
 139.144505,   34.958108,       46.12,
 139.149009,   34.958108,       46.26,
 139.153514,   34.958108,       46.38,
 139.158018,   34.958108,       46.49,
 139.162523,   34.958108,       46.59,
 139.167027,   34.958108,       46.67,
 139.171532,   34.958108,       46.60,
 139.176036,   34.958108,       46.52,
 139.180541,   34.958108,       46.43,
 139.185045,   34.958108,       46.33,
 139.189550,   34.958108,       46.25,
 139.194054,   34.958108,       46.17,
 139.198559,   34.958108,       46.09,
 139.203063,   34.958108,       46.02,
 139.207568,   34.958108,       45.95,
 139.212072,   34.958108,       45.89,
 139.216577,   34.958108,       45.83,
 139.221081,   34.958108,       45.78,
 139.225586,   34.958108,       45.73,
 139.230090,   34.958108,       45.69,
 139.234595,   34.958108,       45.65,
 139.239099,   34.958108,       45.62,
 139.243604,   34.958108,       45.59,
 139.248108,   34.958108,       45.57,
 139.252613,   34.958108,       45.55,
 139.257117,   34.958108,       45.47,
 139.261622,   34.958108,       45.43,
 139.266126,   34.958108,       45.45,
 139.270631,   34.958108,       45.51,
 139.275135,   34.958108,       45.58,
 139.279640,   34.958108,       45.64,
 139.284144,   34.958108,       45.70,
 139.288649,   34.958108,       45.76,
 139.293153,   34.958108,       45.85,
 139.297658,   34.958108,       45.96,
 139.302162,   34.958108,       46.10,
 139.306667,   34.958108,       46.25,
 139.311171,   34.958108,       46.45,
 139.315676,   34.958108,       46.66,
 139.320180,   34.958108,       46.88,
 139.324685,   34.958108,       47.12,
 139.329189,   34.958108,       47.38,
 139.333694,   34.958108,       47.59,
 139.338198,   34.958108,       47.69,
 139.342703,   34.958108,       47.70,
 139.347207,   34.958108,       47.65,
 139.351712,   34.958108,       47.56,
 139.356216,   34.958108,       47.48,
 139.360721,   34.958108,       47.41,
 139.365225,   34.958108,       47.36,
 139.369730,   34.958108,       47.33,
 139.374234,   34.958108,       47.32,
 139.378739,   34.958108,       47.34,
 139.383243,   34.958108,       47.38,
 139.387748,   34.958108,       47.42,
 139.392252,   34.958108,       47.44,
 139.396757,   34.958108,       47.41,
 139.401261,   34.958108,       47.34,
 139.405766,   34.958108,       47.21,
 139.410270,   34.958108,       47.05,
 139.414775,   34.958108,       46.89,
 139.419279,   34.958108,       46.74,
 139.423784,   34.958108,       46.58,
 139.428288,   34.958108,       46.44,
 139.432793,   34.958108,       46.32,
 139.437297,   34.958108,       46.25,
 139.441802,   34.958108,       46.15,
 139.446306,   34.958108,       46.06,
 139.450811,   34.958108,       46.00,
 139.455315,   34.958108,       45.92,
 139.459820,   34.958108,       45.83,
 139.464324,   34.958108,       45.73,
 139.468829,   34.958108,       45.60,
 139.473333,   34.958108,       45.45,
 139.477838,   34.958108,       45.28,
 139.482342,   34.958108,       45.11,
 139.486847,   34.958108,       44.97,
 139.491351,   34.958108,       44.78,
 139.495856,   34.958108,       44.56,
 139.500360,   34.958108,       44.34,
 139.504865,   34.958108,       44.09,
 139.509369,   34.958108,       43.80,
 139.513874,   34.958108,       43.45,
 139.518378,   34.958108,       43.09,
 139.522883,   34.958108,       42.84,
 139.527387,   34.958108,       42.72,
 139.531892,   34.958108,       42.63,
 139.536396,   34.958108,       42.56,
 139.540901,   34.958108,       42.57,
 139.545405,   34.958108,       42.59,
 139.549910,   34.958108,       42.60,
 139.554414,   34.958108,       42.61,
 139.558919,   34.958108,       42.64,
 139.563423,   34.958108,       42.74,
 139.567928,   34.958108,       42.85,
 139.572432,   34.958108,       42.96,
 139.576937,   34.958108,       42.99,
 139.581441,   34.958108,       42.96,
 139.585946,   34.958108,       42.97,
 139.590450,   34.958108,       43.00,
 139.594955,   34.958108,       42.97,
 139.599459,   34.958108,       42.77,
 139.603964,   34.958108,       42.56,
 139.608468,   34.958108,       42.34,
 139.612973,   34.958108,       42.05,
 139.617477,   34.958108,       41.75,
 139.621982,   34.958108,       41.51,
 139.626486,   34.958108,       41.32,
 139.630991,   34.958108,       41.13,
 139.635495,   34.958108,       40.93,
 139.640000,   34.958108,       40.78,
 139.644505,   34.958108,       40.72,
 139.649009,   34.958108,       40.74,
 139.653514,   34.958108,       40.76,
 139.658018,   34.958108,       40.79,
 139.662523,   34.958108,       40.97,
 139.667027,   34.958108,       41.22,
 139.671532,   34.958108,       41.51,
 139.676036,   34.958108,       41.81,
 139.680541,   34.958108,       42.13,
 139.685045,   34.958108,       42.58,
 139.689550,   34.958108,       43.03,
 139.694054,   34.958108,       43.45,
 139.698559,   34.958108,       43.82,
 139.703063,   34.958108,       43.95,
 139.707568,   34.958108,       43.97,
 139.712072,   34.958108,       43.84,
 139.716577,   34.958108,       43.90,
 139.721081,   34.958108,       44.06,
 139.725586,   34.958108,       44.12,
 139.730090,   34.958108,       44.52,
 139.734595,   34.958108,       45.05,
 139.739099,   34.958108,       45.35,
 139.743604,   34.958108,       45.72,
 139.748108,   34.958108,       46.13,
 139.752613,   34.958108,       46.40,
 139.757117,   34.958108,       46.59,
 139.761622,   34.958108,       46.83,
 139.766126,   34.958108,       47.00,
 139.770631,   34.958108,       46.19,
 139.775135,   34.958108,       45.25,
 139.779640,   34.958108,       44.53,
 139.784144,   34.958108,       45.57,
 139.788649,   34.958108,       46.83,
 139.793153,   34.958108,       47.89,
 139.797658,   34.958108,       49.01,
 139.802162,   34.958108,       49.87,
 139.806667,   34.958108,       50.55,
 139.811171,   34.958108,       51.44,
 139.815676,   34.958108,       52.19,
 139.820180,   34.958108,       52.98,
 139.824685,   34.958108,       54.00,
 139.829189,   34.958108,       55.07,
 139.833694,   34.958108,       56.15,
 139.838198,   34.958108,       57.22,
 139.842703,   34.958108,       58.22,
 139.847207,   34.958108,       58.22,
 139.851712,   34.958108,       58.22,
 139.856216,   34.958108,       58.22,
 139.860721,   34.958108,       58.22,
 139.865225,   34.958108,       58.22,
 139.869730,   34.958108,       58.57,
 139.874234,   34.958108,       58.57,
 139.878739,   34.958108,       58.57,
 139.883243,   34.958108,       58.57,
 139.887748,   34.958108,       58.57,
 139.892252,   34.958108,       58.57,
 139.896757,   34.958108,       57.91,
 139.901261,   34.958108,       57.17,
 139.905766,   34.958108,       56.36,
 139.910270,   34.958108,       55.50,
 139.914775,   34.958108,       54.61,
 139.919279,   34.958108,       53.69,
 139.923784,   34.958108,       52.74,
 139.928288,   34.958108,       51.77,
 139.932793,   34.958108,       50.76,
 139.937297,   34.958108,       49.73,
 139.941802,   34.958108,       48.69,
 139.946306,   34.958108,       47.62,
 139.950811,   34.958108,       46.53,
 139.955315,   34.958108,       45.50,
 139.959820,   34.958108,       44.89,
 139.964324,   34.958108,       44.91,
 139.968829,   34.958108,       45.01,
 139.973333,   34.958108,       45.11,
 139.977838,   34.958108,       45.19,
 139.982342,   34.958108,       45.20,
 139.986847,   34.958108,       45.20,
 139.991351,   34.958108,       45.08,
 139.995856,   34.958108,       44.91,
 140.000360,   34.958108,       44.73,
 140.004865,   34.958108,       44.49,
 140.009369,   34.958108,       44.24,
 140.013874,   34.958108,       44.00,
 140.018378,   34.958108,       43.77,
 140.022883,   34.958108,       43.54,
 140.027387,   34.958108,       43.34,
 140.031892,   34.958108,       43.15,
 140.036396,   34.958108,       42.95,
 140.040901,   34.958108,       42.75,
 140.045405,   34.958108,       42.56,
 140.049910,   34.958108,       42.37,
 140.054414,   34.958108,       42.19,
 140.058919,   34.958108,       42.01,
 140.063423,   34.958108,       41.83,
 140.067928,   34.958108,       41.65,
 140.072432,   34.958108,       41.47,
 140.076937,   34.958108,       41.31,
 140.081441,   34.958108,       41.31,
 140.085946,   34.958108,       41.31,
 140.090450,   34.958108,       41.31,
 140.094955,   34.958108,       41.30,
 140.099459,   34.958108,       41.34,
 140.103964,   34.958108,       41.43,
 140.108468,   34.958108,       41.55,
 140.112973,   34.958108,       41.64,
 140.117477,   34.958108,       41.72,
 140.121982,   34.958108,       41.78,
 140.126486,   34.958108,       41.86,
 140.130991,   34.958108,       41.99,
 140.135495,   34.958108,       42.13,
 140.140000,   34.958108,       42.25,
 140.144505,   34.958108,       42.37,
 140.149009,   34.958108,       42.51,
 140.153514,   34.958108,       42.70,
 140.158018,   34.958108,       42.89,
 140.162523,   34.958108,       43.07,
 140.167027,   34.958108,       43.25,
 140.171532,   34.958108,       43.43,
 140.176036,   34.958108,       43.57,
 140.180541,   34.958108,       43.66,
 140.185045,   34.958108,       43.75,
 140.189550,   34.958108,       43.84,
 140.194054,   34.958108,       43.94,
 140.198559,   34.958108,       44.03,
 140.203063,   34.958108,       44.11,
 140.207568,   34.958108,       44.18,
 140.212072,   34.958108,       44.23,
 140.216577,   34.958108,       44.24,
 140.221081,   34.958108,       44.21,
 140.225586,   34.958108,       44.10,
 140.230090,   34.958108,       43.95,
 140.234595,   34.958108,       43.79,
 140.239099,   34.958108,       43.60,
 140.243604,   34.958108,       43.40,
 140.248108,   34.958108,       43.18,
 140.252613,   34.958108,       42.97,
 140.257117,   34.958108,       42.78,
 140.261622,   34.958108,       42.60,
 140.266126,   34.958108,       42.45,
 140.270631,   34.958108,       42.33,
 140.275135,   34.958108,       42.24,
 140.279640,   34.958108,       42.16,
 140.284144,   34.958108,       42.07,
 140.288649,   34.958108,       41.98,
 140.293153,   34.958108,       41.89,
 140.297658,   34.958108,       41.82,
 140.302162,   34.958108,       41.75,
 140.306667,   34.958108,       41.70,
 140.311171,   34.958108,       41.65,
 140.315676,   34.958108,       41.55,
 140.320180,   34.958108,       41.40,
 140.324685,   34.958108,       41.25,
 140.329189,   34.958108,       41.09,
 140.333694,   34.958108,       40.92,
 140.338198,   34.958108,       40.75,
 140.342703,   34.958108,       40.57,
 140.347207,   34.958108,       40.38,
 140.351712,   34.958108,       40.19,
 140.356216,   34.958108,       40.00,
 140.360721,   34.958108,       39.79,
 140.365225,   34.958108,       39.58,
 140.369730,   34.958108,       39.37,
 140.374234,   34.958108,       39.14,
 140.378739,   34.958108,       38.92,
 140.383243,   34.958108,       38.68,
 140.387748,   34.958108,       38.44,
 139.140000,   34.962613,       45.78,
 139.144505,   34.962613,       45.94,
 139.149009,   34.962613,       46.08,
 139.153514,   34.962613,       46.21,
 139.158018,   34.962613,       46.32,
 139.162523,   34.962613,       46.42,
 139.167027,   34.962613,       46.51,
 139.171532,   34.962613,       46.58,
 139.176036,   34.962613,       46.57,
 139.180541,   34.962613,       46.49,
 139.185045,   34.962613,       46.41,
 139.189550,   34.962613,       46.32,
 139.194054,   34.962613,       46.24,
 139.198559,   34.962613,       46.16,
 139.203063,   34.962613,       46.09,
 139.207568,   34.962613,       46.02,
 139.212072,   34.962613,       45.95,
 139.216577,   34.962613,       45.90,
 139.221081,   34.962613,       45.84,
 139.225586,   34.962613,       45.79,
 139.230090,   34.962613,       45.75,
 139.234595,   34.962613,       45.71,
 139.239099,   34.962613,       45.68,
 139.243604,   34.962613,       45.65,
 139.248108,   34.962613,       45.63,
 139.252613,   34.962613,       45.56,
 139.257117,   34.962613,       45.49,
 139.261622,   34.962613,       45.44,
 139.266126,   34.962613,       45.42,
 139.270631,   34.962613,       45.44,
 139.275135,   34.962613,       45.48,
 139.279640,   34.962613,       45.52,
 139.284144,   34.962613,       45.56,
 139.288649,   34.962613,       45.59,
 139.293153,   34.962613,       45.63,
 139.297658,   34.962613,       45.70,
 139.302162,   34.962613,       45.84,
 139.306667,   34.962613,       46.03,
 139.311171,   34.962613,       46.26,
 139.315676,   34.962613,       46.51,
 139.320180,   34.962613,       46.76,
 139.324685,   34.962613,       47.03,
 139.329189,   34.962613,       47.29,
 139.333694,   34.962613,       47.52,
 139.338198,   34.962613,       47.65,
 139.342703,   34.962613,       47.71,
 139.347207,   34.962613,       47.70,
 139.351712,   34.962613,       47.66,
 139.356216,   34.962613,       47.59,
 139.360721,   34.962613,       47.54,
 139.365225,   34.962613,       47.51,
 139.369730,   34.962613,       47.51,
 139.374234,   34.962613,       47.52,
 139.378739,   34.962613,       47.56,
 139.383243,   34.962613,       47.62,
 139.387748,   34.962613,       47.69,
 139.392252,   34.962613,       47.75,
 139.396757,   34.962613,       47.77,
 139.401261,   34.962613,       47.72,
 139.405766,   34.962613,       47.61,
 139.410270,   34.962613,       47.44,
 139.414775,   34.962613,       47.30,
 139.419279,   34.962613,       47.17,
 139.423784,   34.962613,       47.06,
 139.428288,   34.962613,       46.96,
 139.432793,   34.962613,       46.89,
 139.437297,   34.962613,       46.84,
 139.441802,   34.962613,       46.75,
 139.446306,   34.962613,       46.62,
 139.450811,   34.962613,       46.52,
 139.455315,   34.962613,       46.40,
 139.459820,   34.962613,       46.28,
 139.464324,   34.962613,       46.15,
 139.468829,   34.962613,       45.99,
 139.473333,   34.962613,       45.81,
 139.477838,   34.962613,       45.61,
 139.482342,   34.962613,       45.37,
 139.486847,   34.962613,       45.15,
 139.491351,   34.962613,       44.99,
 139.495856,   34.962613,       44.84,
 139.500360,   34.962613,       44.66,
 139.504865,   34.962613,       44.44,
 139.509369,   34.962613,       44.14,
 139.513874,   34.962613,       43.75,
 139.518378,   34.962613,       43.27,
 139.522883,   34.962613,       42.86,
 139.527387,   34.962613,       42.81,
 139.531892,   34.962613,       42.84,
 139.536396,   34.962613,       42.85,
 139.540901,   34.962613,       42.87,
 139.545405,   34.962613,       42.90,
 139.549910,   34.962613,       42.96,
 139.554414,   34.962613,       42.95,
 139.558919,   34.962613,       42.85,
 139.563423,   34.962613,       42.90,
 139.567928,   34.962613,       42.98,
 139.572432,   34.962613,       43.07,
 139.576937,   34.962613,       43.06,
 139.581441,   34.962613,       42.98,
 139.585946,   34.962613,       42.95,
 139.590450,   34.962613,       42.88,
 139.594955,   34.962613,       42.67,
 139.599459,   34.962613,       42.46,
 139.603964,   34.962613,       42.30,
 139.608468,   34.962613,       42.17,
 139.612973,   34.962613,       41.89,
 139.617477,   34.962613,       41.59,
 139.621982,   34.962613,       41.27,
 139.626486,   34.962613,       41.03,
 139.630991,   34.962613,       40.83,
 139.635495,   34.962613,       40.59,
 139.640000,   34.962613,       40.37,
 139.644505,   34.962613,       40.31,
 139.649009,   34.962613,       40.30,
 139.653514,   34.962613,       40.31,
 139.658018,   34.962613,       40.36,
 139.662523,   34.962613,       40.59,
 139.667027,   34.962613,       40.85,
 139.671532,   34.962613,       41.14,
 139.676036,   34.962613,       41.48,
 139.680541,   34.962613,       41.95,
 139.685045,   34.962613,       42.45,
 139.689550,   34.962613,       42.92,
 139.694054,   34.962613,       43.37,
 139.698559,   34.962613,       43.77,
 139.703063,   34.962613,       43.99,
 139.707568,   34.962613,       44.04,
 139.712072,   34.962613,       44.03,
 139.716577,   34.962613,       44.21,
 139.721081,   34.962613,       44.36,
 139.725586,   34.962613,       44.70,
 139.730090,   34.962613,       45.33,
 139.734595,   34.962613,       45.87,
 139.739099,   34.962613,       46.57,
 139.743604,   34.962613,       47.10,
 139.748108,   34.962613,       47.42,
 139.752613,   34.962613,       47.55,
 139.757117,   34.962613,       47.71,
 139.761622,   34.962613,       47.91,
 139.766126,   34.962613,       48.05,
 139.770631,   34.962613,       47.69,
 139.775135,   34.962613,       47.19,
 139.779640,   34.962613,       46.98,
 139.784144,   34.962613,       48.28,
 139.788649,   34.962613,       49.72,
 139.793153,   34.962613,       51.08,
 139.797658,   34.962613,       52.12,
 139.802162,   34.962613,       52.85,
 139.806667,   34.962613,       53.39,
 139.811171,   34.962613,       54.10,
 139.815676,   34.962613,       54.64,
 139.820180,   34.962613,       55.22,
 139.824685,   34.962613,       56.04,
 139.829189,   34.962613,       56.99,
 139.833694,   34.962613,       58.00,
 139.838198,   34.962613,       59.03,
 139.842703,   34.962613,       60.03,
 139.847207,   34.962613,       60.03,
 139.851712,   34.962613,       60.03,
 139.856216,   34.962613,       60.03,
 139.860721,   34.962613,       60.03,
 139.865225,   34.962613,       60.60,
 139.869730,   34.962613,       60.60,
 139.874234,   34.962613,       60.60,
 139.878739,   34.962613,       60.60,
 139.883243,   34.962613,       60.60,
 139.887748,   34.962613,       60.60,
 139.892252,   34.962613,       59.94,
 139.896757,   34.962613,       59.20,
 139.901261,   34.962613,       58.38,
 139.905766,   34.962613,       57.49,
 139.910270,   34.962613,       56.57,
 139.914775,   34.962613,       55.61,
 139.919279,   34.962613,       54.64,
 139.923784,   34.962613,       53.64,
 139.928288,   34.962613,       52.61,
 139.932793,   34.962613,       51.55,
 139.937297,   34.962613,       50.47,
 139.941802,   34.962613,       49.36,
 139.946306,   34.962613,       48.22,
 139.950811,   34.962613,       47.05,
 139.955315,   34.962613,       45.85,
 139.959820,   34.962613,       44.86,
 139.964324,   34.962613,       44.89,
 139.968829,   34.962613,       44.98,
 139.973333,   34.962613,       45.08,
 139.977838,   34.962613,       45.16,
 139.982342,   34.962613,       45.19,
 139.986847,   34.962613,       45.18,
 139.991351,   34.962613,       45.10,
 139.995856,   34.962613,       44.96,
 140.000360,   34.962613,       44.78,
 140.004865,   34.962613,       44.58,
 140.009369,   34.962613,       44.34,
 140.013874,   34.962613,       44.12,
 140.018378,   34.962613,       43.91,
 140.022883,   34.962613,       43.69,
 140.027387,   34.962613,       43.51,
 140.031892,   34.962613,       43.33,
 140.036396,   34.962613,       43.14,
 140.040901,   34.962613,       42.97,
 140.045405,   34.962613,       42.79,
 140.049910,   34.962613,       42.61,
 140.054414,   34.962613,       42.42,
 140.058919,   34.962613,       42.23,
 140.063423,   34.962613,       42.05,
 140.067928,   34.962613,       41.89,
 140.072432,   34.962613,       41.72,
 140.076937,   34.962613,       41.58,
 140.081441,   34.962613,       41.51,
 140.085946,   34.962613,       41.47,
 140.090450,   34.962613,       41.46,
 140.094955,   34.962613,       41.44,
 140.099459,   34.962613,       41.42,
 140.103964,   34.962613,       41.47,
 140.108468,   34.962613,       41.55,
 140.112973,   34.962613,       41.63,
 140.117477,   34.962613,       41.69,
 140.121982,   34.962613,       41.72,
 140.126486,   34.962613,       41.78,
 140.130991,   34.962613,       41.87,
 140.135495,   34.962613,       41.99,
 140.140000,   34.962613,       42.10,
 140.144505,   34.962613,       42.21,
 140.149009,   34.962613,       42.32,
 140.153514,   34.962613,       42.49,
 140.158018,   34.962613,       42.67,
 140.162523,   34.962613,       42.85,
 140.167027,   34.962613,       43.04,
 140.171532,   34.962613,       43.20,
 140.176036,   34.962613,       43.33,
 140.180541,   34.962613,       43.41,
 140.185045,   34.962613,       43.50,
 140.189550,   34.962613,       43.58,
 140.194054,   34.962613,       43.67,
 140.198559,   34.962613,       43.76,
 140.203063,   34.962613,       43.84,
 140.207568,   34.962613,       43.89,
 140.212072,   34.962613,       43.93,
 140.216577,   34.962613,       43.93,
 140.221081,   34.962613,       43.91,
 140.225586,   34.962613,       43.83,
 140.230090,   34.962613,       43.71,
 140.234595,   34.962613,       43.57,
 140.239099,   34.962613,       43.40,
 140.243604,   34.962613,       43.22,
 140.248108,   34.962613,       43.00,
 140.252613,   34.962613,       42.81,
 140.257117,   34.962613,       42.64,
 140.261622,   34.962613,       42.49,
 140.266126,   34.962613,       42.36,
 140.270631,   34.962613,       42.26,
 140.275135,   34.962613,       42.17,
 140.279640,   34.962613,       42.09,
 140.284144,   34.962613,       42.01,
 140.288649,   34.962613,       41.92,
 140.293153,   34.962613,       41.84,
 140.297658,   34.962613,       41.77,
 140.302162,   34.962613,       41.70,
 140.306667,   34.962613,       41.65,
 140.311171,   34.962613,       41.52,
 140.315676,   34.962613,       41.38,
 140.320180,   34.962613,       41.23,
 140.324685,   34.962613,       41.07,
 140.329189,   34.962613,       40.91,
 140.333694,   34.962613,       40.74,
 140.338198,   34.962613,       40.57,
 140.342703,   34.962613,       40.39,
 140.347207,   34.962613,       40.20,
 140.351712,   34.962613,       40.01,
 140.356216,   34.962613,       39.81,
 140.360721,   34.962613,       39.60,
 140.365225,   34.962613,       39.39,
 140.369730,   34.962613,       39.18,
 140.374234,   34.962613,       38.95,
 140.378739,   34.962613,       38.72,
 140.383243,   34.962613,       38.49,
 140.387748,   34.962613,       38.24,
 139.140000,   34.967117,       45.60,
 139.144505,   34.967117,       45.76,
 139.149009,   34.967117,       45.91,
 139.153514,   34.967117,       46.05,
 139.158018,   34.967117,       46.17,
 139.162523,   34.967117,       46.27,
 139.167027,   34.967117,       46.36,
 139.171532,   34.967117,       46.44,
 139.176036,   34.967117,       46.50,
 139.180541,   34.967117,       46.55,
 139.185045,   34.967117,       46.47,
 139.189550,   34.967117,       46.39,
 139.194054,   34.967117,       46.30,
 139.198559,   34.967117,       46.22,
 139.203063,   34.967117,       46.15,
 139.207568,   34.967117,       46.08,
 139.212072,   34.967117,       46.02,
 139.216577,   34.967117,       45.96,
 139.221081,   34.967117,       45.90,
 139.225586,   34.967117,       45.85,
 139.230090,   34.967117,       45.81,
 139.234595,   34.967117,       45.77,
 139.239099,   34.967117,       45.74,
 139.243604,   34.967117,       45.71,
 139.248108,   34.967117,       45.64,
 139.252613,   34.967117,       45.56,
 139.257117,   34.967117,       45.50,
 139.261622,   34.967117,       45.45,
 139.266126,   34.967117,       45.42,
 139.270631,   34.967117,       45.41,
 139.275135,   34.967117,       45.43,
 139.279640,   34.967117,       45.44,
 139.284144,   34.967117,       45.46,
 139.288649,   34.967117,       45.47,
 139.293153,   34.967117,       45.47,
 139.297658,   34.967117,       45.46,
 139.302162,   34.967117,       45.60,
 139.306667,   34.967117,       45.88,
 139.311171,   34.967117,       46.15,
 139.315676,   34.967117,       46.42,
 139.320180,   34.967117,       46.69,
 139.324685,   34.967117,       46.96,
 139.329189,   34.967117,       47.22,
 139.333694,   34.967117,       47.46,
 139.338198,   34.967117,       47.62,
 139.342703,   34.967117,       47.72,
 139.347207,   34.967117,       47.75,
 139.351712,   34.967117,       47.75,
 139.356216,   34.967117,       47.71,
 139.360721,   34.967117,       47.68,
 139.365225,   34.967117,       47.67,
 139.369730,   34.967117,       47.68,
 139.374234,   34.967117,       47.72,
 139.378739,   34.967117,       47.77,
 139.383243,   34.967117,       47.84,
 139.387748,   34.967117,       47.95,
 139.392252,   34.967117,       48.05,
 139.396757,   34.967117,       48.10,
 139.401261,   34.967117,       48.11,
 139.405766,   34.967117,       48.03,
 139.410270,   34.967117,       47.88,
 139.414775,   34.967117,       47.77,
 139.419279,   34.967117,       47.67,
 139.423784,   34.967117,       47.59,
 139.428288,   34.967117,       47.52,
 139.432793,   34.967117,       47.49,
 139.437297,   34.967117,       47.44,
 139.441802,   34.967117,       47.35,
 139.446306,   34.967117,       47.23,
 139.450811,   34.967117,       47.09,
 139.455315,   34.967117,       46.95,
 139.459820,   34.967117,       46.79,
 139.464324,   34.967117,       46.63,
 139.468829,   34.967117,       46.46,
 139.473333,   34.967117,       46.27,
 139.477838,   34.967117,       46.05,
 139.482342,   34.967117,       45.81,
 139.486847,   34.967117,       45.62,
 139.491351,   34.967117,       45.47,
 139.495856,   34.967117,       45.33,
 139.500360,   34.967117,       45.16,
 139.504865,   34.967117,       44.94,
 139.509369,   34.967117,       44.65,
 139.513874,   34.967117,       44.25,
 139.518378,   34.967117,       43.74,
 139.522883,   34.967117,       43.30,
 139.527387,   34.967117,       43.40,
 139.531892,   34.967117,       43.49,
 139.536396,   34.967117,       43.47,
 139.540901,   34.967117,       43.27,
 139.545405,   34.967117,       43.39,
 139.549910,   34.967117,       43.58,
 139.554414,   34.967117,       43.65,
 139.558919,   34.967117,       43.33,
 139.563423,   34.967117,       43.03,
 139.567928,   34.967117,       43.04,
 139.572432,   34.967117,       43.14,
 139.576937,   34.967117,       43.04,
 139.581441,   34.967117,       42.93,
 139.585946,   34.967117,       42.84,
 139.590450,   34.967117,       42.66,
 139.594955,   34.967117,       42.43,
 139.599459,   34.967117,       42.20,
 139.603964,   34.967117,       42.13,
 139.608468,   34.967117,       42.04,
 139.612973,   34.967117,       41.81,
 139.617477,   34.967117,       41.52,
 139.621982,   34.967117,       41.25,
 139.626486,   34.967117,       40.99,
 139.630991,   34.967117,       40.70,
 139.635495,   34.967117,       40.40,
 139.640000,   34.967117,       40.08,
 139.644505,   34.967117,       39.90,
 139.649009,   34.967117,       39.82,
 139.653514,   34.967117,       39.75,
 139.658018,   34.967117,       39.86,
 139.662523,   34.967117,       40.13,
 139.667027,   34.967117,       40.41,
 139.671532,   34.967117,       40.78,
 139.676036,   34.967117,       41.28,
 139.680541,   34.967117,       41.90,
 139.685045,   34.967117,       42.39,
 139.689550,   34.967117,       42.86,
 139.694054,   34.967117,       43.32,
 139.698559,   34.967117,       43.76,
 139.703063,   34.967117,       44.12,
 139.707568,   34.967117,       44.31,
 139.712072,   34.967117,       44.57,
 139.716577,   34.967117,       44.76,
 139.721081,   34.967117,       44.96,
 139.725586,   34.967117,       45.71,
 139.730090,   34.967117,       46.37,
 139.734595,   34.967117,       47.14,
 139.739099,   34.967117,       48.19,
 139.743604,   34.967117,       48.89,
 139.748108,   34.967117,       48.88,
 139.752613,   34.967117,       48.69,
 139.757117,   34.967117,       48.82,
 139.761622,   34.967117,       49.47,
 139.766126,   34.967117,       49.92,
 139.770631,   34.967117,       50.09,
 139.775135,   34.967117,       50.17,
 139.779640,   34.967117,       50.60,
 139.784144,   34.967117,       51.76,
 139.788649,   34.967117,       53.10,
 139.793153,   34.967117,       54.38,
 139.797658,   34.967117,       55.29,
 139.802162,   34.967117,       55.88,
 139.806667,   34.967117,       56.25,
 139.811171,   34.967117,       56.76,
 139.815676,   34.967117,       57.09,
 139.820180,   34.967117,       57.47,
 139.824685,   34.967117,       58.09,
 139.829189,   34.967117,       58.91,
 139.833694,   34.967117,       59.84,
 139.838198,   34.967117,       60.84,
 139.842703,   34.967117,       61.83,
 139.847207,   34.967117,       62.72,
 139.851712,   34.967117,       62.72,
 139.856216,   34.967117,       62.72,
 139.860721,   34.967117,       62.72,
 139.865225,   34.967117,       62.70,
 139.869730,   34.967117,       62.70,
 139.874234,   34.967117,       62.70,
 139.878739,   34.967117,       62.70,
 139.883243,   34.967117,       62.70,
 139.887748,   34.967117,       62.05,
 139.892252,   34.967117,       61.28,
 139.896757,   34.967117,       60.43,
 139.901261,   34.967117,       59.52,
 139.905766,   34.967117,       58.55,
 139.910270,   34.967117,       57.56,
 139.914775,   34.967117,       56.55,
 139.919279,   34.967117,       55.53,
 139.923784,   34.967117,       54.48,
 139.928288,   34.967117,       53.40,
 139.932793,   34.967117,       52.30,
 139.937297,   34.967117,       51.19,
 139.941802,   34.967117,       50.04,
 139.946306,   34.967117,       48.84,
 139.950811,   34.967117,       47.60,
 139.955315,   34.967117,       46.30,
 139.959820,   34.967117,       44.91,
 139.964324,   34.967117,       44.88,
 139.968829,   34.967117,       44.96,
 139.973333,   34.967117,       45.05,
 139.977838,   34.967117,       45.13,
 139.982342,   34.967117,       45.19,
 139.986847,   34.967117,       45.16,
 139.991351,   34.967117,       45.10,
 139.995856,   34.967117,       45.01,
 140.000360,   34.967117,       44.83,
 140.004865,   34.967117,       44.64,
 140.009369,   34.967117,       44.44,
 140.013874,   34.967117,       44.23,
 140.018378,   34.967117,       44.03,
 140.022883,   34.967117,       43.85,
 140.027387,   34.967117,       43.66,
 140.031892,   34.967117,       43.49,
 140.036396,   34.967117,       43.34,
 140.040901,   34.967117,       43.18,
 140.045405,   34.967117,       43.02,
 140.049910,   34.967117,       42.86,
 140.054414,   34.967117,       42.68,
 140.058919,   34.967117,       42.50,
 140.063423,   34.967117,       42.33,
 140.067928,   34.967117,       42.16,
 140.072432,   34.967117,       42.00,
 140.076937,   34.967117,       41.87,
 140.081441,   34.967117,       41.76,
 140.085946,   34.967117,       41.66,
 140.090450,   34.967117,       41.62,
 140.094955,   34.967117,       41.59,
 140.099459,   34.967117,       41.55,
 140.103964,   34.967117,       41.52,
 140.108468,   34.967117,       41.56,
 140.112973,   34.967117,       41.63,
 140.117477,   34.967117,       41.67,
 140.121982,   34.967117,       41.69,
 140.126486,   34.967117,       41.70,
 140.130991,   34.967117,       41.80,
 140.135495,   34.967117,       41.93,
 140.140000,   34.967117,       42.07,
 140.144505,   34.967117,       42.20,
 140.149009,   34.967117,       42.30,
 140.153514,   34.967117,       42.40,
 140.158018,   34.967117,       42.52,
 140.162523,   34.967117,       42.66,
 140.167027,   34.967117,       42.83,
 140.171532,   34.967117,       42.98,
 140.176036,   34.967117,       43.08,
 140.180541,   34.967117,       43.16,
 140.185045,   34.967117,       43.24,
 140.189550,   34.967117,       43.33,
 140.194054,   34.967117,       43.41,
 140.198559,   34.967117,       43.50,
 140.203063,   34.967117,       43.57,
 140.207568,   34.967117,       43.61,
 140.212072,   34.967117,       43.64,
 140.216577,   34.967117,       43.64,
 140.221081,   34.967117,       43.61,
 140.225586,   34.967117,       43.56,
 140.230090,   34.967117,       43.47,
 140.234595,   34.967117,       43.35,
 140.239099,   34.967117,       43.20,
 140.243604,   34.967117,       43.03,
 140.248108,   34.967117,       42.84,
 140.252613,   34.967117,       42.67,
 140.257117,   34.967117,       42.52,
 140.261622,   34.967117,       42.38,
 140.266126,   34.967117,       42.27,
 140.270631,   34.967117,       42.19,
 140.275135,   34.967117,       42.10,
 140.279640,   34.967117,       42.02,
 140.284144,   34.967117,       41.94,
 140.288649,   34.967117,       41.86,
 140.293153,   34.967117,       41.78,
 140.297658,   34.967117,       41.71,
 140.302162,   34.967117,       41.63,
 140.306667,   34.967117,       41.50,
 140.311171,   34.967117,       41.36,
 140.315676,   34.967117,       41.22,
 140.320180,   34.967117,       41.06,
 140.324685,   34.967117,       40.91,
 140.329189,   34.967117,       40.74,
 140.333694,   34.967117,       40.57,
 140.338198,   34.967117,       40.40,
 140.342703,   34.967117,       40.21,
 140.347207,   34.967117,       40.02,
 140.351712,   34.967117,       39.83,
 140.356216,   34.967117,       39.63,
 140.360721,   34.967117,       39.42,
 140.365225,   34.967117,       39.21,
 140.369730,   34.967117,       38.99,
 140.374234,   34.967117,       38.76,
 140.378739,   34.967117,       38.53,
 140.383243,   34.967117,       38.32,
 140.387748,   34.967117,       38.22,
 139.140000,   34.971622,       45.43,
 139.144505,   34.971622,       45.60,
 139.149009,   34.971622,       45.76,
 139.153514,   34.971622,       45.90,
 139.158018,   34.971622,       46.03,
 139.162523,   34.971622,       46.14,
 139.167027,   34.971622,       46.23,
 139.171532,   34.971622,       46.32,
 139.176036,   34.971622,       46.38,
 139.180541,   34.971622,       46.43,
 139.185045,   34.971622,       46.47,
 139.189550,   34.971622,       46.44,
 139.194054,   34.971622,       46.37,
 139.198559,   34.971622,       46.29,
 139.203063,   34.971622,       46.21,
 139.207568,   34.971622,       46.14,
 139.212072,   34.971622,       46.07,
 139.216577,   34.971622,       46.01,
 139.221081,   34.971622,       45.96,
 139.225586,   34.971622,       45.91,
 139.230090,   34.971622,       45.86,
 139.234595,   34.971622,       45.82,
 139.239099,   34.971622,       45.79,
 139.243604,   34.971622,       45.73,
 139.248108,   34.971622,       45.65,
 139.252613,   34.971622,       45.57,
 139.257117,   34.971622,       45.51,
 139.261622,   34.971622,       45.46,
 139.266126,   34.971622,       45.42,
 139.270631,   34.971622,       45.41,
 139.275135,   34.971622,       45.41,
 139.279640,   34.971622,       45.41,
 139.284144,   34.971622,       45.41,
 139.288649,   34.971622,       45.42,
 139.293153,   34.971622,       45.41,
 139.297658,   34.971622,       45.42,
 139.302162,   34.971622,       45.56,
 139.306667,   34.971622,       45.83,
 139.311171,   34.971622,       46.10,
 139.315676,   34.971622,       46.37,
 139.320180,   34.971622,       46.64,
 139.324685,   34.971622,       46.90,
 139.329189,   34.971622,       47.16,
 139.333694,   34.971622,       47.41,
 139.338198,   34.971622,       47.60,
 139.342703,   34.971622,       47.73,
 139.347207,   34.971622,       47.80,
 139.351712,   34.971622,       47.83,
 139.356216,   34.971622,       47.82,
 139.360721,   34.971622,       47.81,
 139.365225,   34.971622,       47.82,
 139.369730,   34.971622,       47.85,
 139.374234,   34.971622,       47.90,
 139.378739,   34.971622,       47.97,
 139.383243,   34.971622,       48.06,
 139.387748,   34.971622,       48.17,
 139.392252,   34.971622,       48.30,
 139.396757,   34.971622,       48.41,
 139.401261,   34.971622,       48.48,
 139.405766,   34.971622,       48.46,
 139.410270,   34.971622,       48.34,
 139.414775,   34.971622,       48.26,
 139.419279,   34.971622,       48.19,
 139.423784,   34.971622,       48.14,
 139.428288,   34.971622,       48.11,
 139.432793,   34.971622,       48.08,
 139.437297,   34.971622,       48.04,
 139.441802,   34.971622,       47.96,
 139.446306,   34.971622,       47.85,
 139.450811,   34.971622,       47.72,
 139.455315,   34.971622,       47.56,
 139.459820,   34.971622,       47.38,
 139.464324,   34.971622,       47.20,
 139.468829,   34.971622,       47.01,
 139.473333,   34.971622,       46.82,
 139.477838,   34.971622,       46.64,
 139.482342,   34.971622,       46.45,
 139.486847,   34.971622,       46.30,
 139.491351,   34.971622,       46.15,
 139.495856,   34.971622,       45.98,
 139.500360,   34.971622,       45.80,
 139.504865,   34.971622,       45.58,
 139.509369,   34.971622,       45.32,
 139.513874,   34.971622,       44.96,
 139.518378,   34.971622,       44.62,
 139.522883,   34.971622,       44.50,
 139.527387,   34.971622,       44.55,
 139.531892,   34.971622,       44.57,
 139.536396,   34.971622,       44.54,
 139.540901,   34.971622,       44.50,
 139.545405,   34.971622,       44.47,
 139.549910,   34.971622,       44.55,
 139.554414,   34.971622,       44.47,
 139.558919,   34.971622,       43.80,
 139.563423,   34.971622,       43.22,
 139.567928,   34.971622,       43.01,
 139.572432,   34.971622,       42.97,
 139.576937,   34.971622,       42.81,
 139.581441,   34.971622,       42.69,
 139.585946,   34.971622,       42.62,
 139.590450,   34.971622,       42.48,
 139.594955,   34.971622,       42.28,
 139.599459,   34.971622,       42.21,
 139.603964,   34.971622,       42.14,
 139.608468,   34.971622,       41.95,
 139.612973,   34.971622,       41.75,
 139.617477,   34.971622,       41.57,
 139.621982,   34.971622,       41.30,
 139.626486,   34.971622,       40.99,
 139.630991,   34.971622,       40.71,
 139.635495,   34.971622,       40.38,
 139.640000,   34.971622,       40.04,
 139.644505,   34.971622,       39.67,
 139.649009,   34.971622,       39.39,
 139.653514,   34.971622,       39.16,
 139.658018,   34.971622,       39.43,
 139.662523,   34.971622,       39.71,
 139.667027,   34.971622,       39.91,
 139.671532,   34.971622,       40.53,
 139.676036,   34.971622,       41.24,
 139.680541,   34.971622,       41.88,
 139.685045,   34.971622,       42.42,
 139.689550,   34.971622,       42.97,
 139.694054,   34.971622,       43.52,
 139.698559,   34.971622,       44.16,
 139.703063,   34.971622,       44.65,
 139.707568,   34.971622,       45.16,
 139.712072,   34.971622,       45.56,
 139.716577,   34.971622,       45.81,
 139.721081,   34.971622,       46.36,
 139.725586,   34.971622,       47.12,
 139.730090,   34.971622,       47.85,
 139.734595,   34.971622,       48.84,
 139.739099,   34.971622,       49.89,
 139.743604,   34.971622,       50.61,
 139.748108,   34.971622,       50.23,
 139.752613,   34.971622,       49.80,
 139.757117,   34.971622,       50.09,
 139.761622,   34.971622,       51.12,
 139.766126,   34.971622,       51.99,
 139.770631,   34.971622,       52.62,
 139.775135,   34.971622,       53.19,
 139.779640,   34.971622,       54.01,
 139.784144,   34.971622,       55.28,
 139.788649,   34.971622,       56.51,
 139.793153,   34.971622,       57.70,
 139.797658,   34.971622,       58.57,
 139.802162,   34.971622,       58.98,
 139.806667,   34.971622,       59.14,
 139.811171,   34.971622,       59.45,
 139.815676,   34.971622,       59.55,
 139.820180,   34.971622,       59.72,
 139.824685,   34.971622,       60.13,
 139.829189,   34.971622,       60.81,
 139.833694,   34.971622,       61.66,
 139.838198,   34.971622,       62.62,
 139.842703,   34.971622,       63.62,
 139.847207,   34.971622,       64.55,
 139.851712,   34.971622,       64.55,
 139.856216,   34.971622,       64.55,
 139.860721,   34.971622,       64.55,
 139.865225,   34.971622,       64.89,
 139.869730,   34.971622,       64.89,
 139.874234,   34.971622,       64.89,
 139.878739,   34.971622,       64.89,
 139.883243,   34.971622,       64.22,
 139.887748,   34.971622,       63.41,
 139.892252,   34.971622,       62.52,
 139.896757,   34.971622,       61.57,
 139.901261,   34.971622,       60.57,
 139.905766,   34.971622,       59.54,
 139.910270,   34.971622,       58.49,
 139.914775,   34.971622,       57.43,
 139.919279,   34.971622,       56.36,
 139.923784,   34.971622,       55.26,
 139.928288,   34.971622,       54.15,
 139.932793,   34.971622,       53.01,
 139.937297,   34.971622,       51.86,
 139.941802,   34.971622,       50.68,
 139.946306,   34.971622,       49.46,
 139.950811,   34.971622,       48.19,
 139.955315,   34.971622,       46.83,
 139.959820,   34.971622,       45.39,
 139.964324,   34.971622,       44.86,
 139.968829,   34.971622,       44.94,
 139.973333,   34.971622,       45.02,
 139.977838,   34.971622,       45.09,
 139.982342,   34.971622,       45.15,
 139.986847,   34.971622,       45.16,
 139.991351,   34.971622,       45.11,
 139.995856,   34.971622,       45.02,
 140.000360,   34.971622,       44.88,
 140.004865,   34.971622,       44.70,
 140.009369,   34.971622,       44.52,
 140.013874,   34.971622,       44.33,
 140.018378,   34.971622,       44.14,
 140.022883,   34.971622,       43.97,
 140.027387,   34.971622,       43.80,
 140.031892,   34.971622,       43.65,
 140.036396,   34.971622,       43.52,
 140.040901,   34.971622,       43.38,
 140.045405,   34.971622,       43.24,
 140.049910,   34.971622,       43.11,
 140.054414,   34.971622,       42.96,
 140.058919,   34.971622,       42.80,
 140.063423,   34.971622,       42.63,
 140.067928,   34.971622,       42.45,
 140.072432,   34.971622,       42.28,
 140.076937,   34.971622,       42.15,
 140.081441,   34.971622,       42.04,
 140.085946,   34.971622,       41.92,
 140.090450,   34.971622,       41.82,
 140.094955,   34.971622,       41.77,
 140.099459,   34.971622,       41.73,
 140.103964,   34.971622,       41.67,
 140.108468,   34.971622,       41.64,
 140.112973,   34.971622,       41.68,
 140.117477,   34.971622,       41.72,
 140.121982,   34.971622,       41.74,
 140.126486,   34.971622,       41.74,
 140.130991,   34.971622,       41.81,
 140.135495,   34.971622,       41.94,
 140.140000,   34.971622,       42.07,
 140.144505,   34.971622,       42.20,
 140.149009,   34.971622,       42.30,
 140.153514,   34.971622,       42.36,
 140.158018,   34.971622,       42.44,
 140.162523,   34.971622,       42.52,
 140.167027,   34.971622,       42.64,
 140.171532,   34.971622,       42.76,
 140.176036,   34.971622,       42.86,
 140.180541,   34.971622,       42.94,
 140.185045,   34.971622,       43.01,
 140.189550,   34.971622,       43.08,
 140.194054,   34.971622,       43.15,
 140.198559,   34.971622,       43.24,
 140.203063,   34.971622,       43.30,
 140.207568,   34.971622,       43.34,
 140.212072,   34.971622,       43.36,
 140.216577,   34.971622,       43.35,
 140.221081,   34.971622,       43.33,
 140.225586,   34.971622,       43.29,
 140.230090,   34.971622,       43.22,
 140.234595,   34.971622,       43.12,
 140.239099,   34.971622,       43.00,
 140.243604,   34.971622,       42.85,
 140.248108,   34.971622,       42.68,
 140.252613,   34.971622,       42.53,
 140.257117,   34.971622,       42.40,
 140.261622,   34.971622,       42.29,
 140.266126,   34.971622,       42.20,
 140.270631,   34.971622,       42.11,
 140.275135,   34.971622,       42.03,
 140.279640,   34.971622,       41.95,
 140.284144,   34.971622,       41.87,
 140.288649,   34.971622,       41.78,
 140.293153,   34.971622,       41.71,
 140.297658,   34.971622,       41.61,
 140.302162,   34.971622,       41.48,
 140.306667,   34.971622,       41.35,
 140.311171,   34.971622,       41.20,
 140.315676,   34.971622,       41.06,
 140.320180,   34.971622,       40.90,
 140.324685,   34.971622,       40.74,
 140.329189,   34.971622,       40.58,
 140.333694,   34.971622,       40.41,
 140.338198,   34.971622,       40.23,
 140.342703,   34.971622,       40.05,
 140.347207,   34.971622,       39.85,
 140.351712,   34.971622,       39.66,
 140.356216,   34.971622,       39.46,
 140.360721,   34.971622,       39.25,
 140.365225,   34.971622,       39.03,
 140.369730,   34.971622,       38.81,
 140.374234,   34.971622,       38.58,
 140.378739,   34.971622,       38.42,
 140.383243,   34.971622,       38.31,
 140.387748,   34.971622,       38.32,
 139.140000,   34.976126,       45.28,
 139.144505,   34.976126,       45.46,
 139.149009,   34.976126,       45.62,
 139.153514,   34.976126,       45.77,
 139.158018,   34.976126,       45.90,
 139.162523,   34.976126,       46.02,
 139.167027,   34.976126,       46.12,
 139.171532,   34.976126,       46.21,
 139.176036,   34.976126,       46.28,
 139.180541,   34.976126,       46.34,
 139.185045,   34.976126,       46.38,
 139.189550,   34.976126,       46.41,
 139.194054,   34.976126,       46.42,
 139.198559,   34.976126,       46.34,
 139.203063,   34.976126,       46.26,
 139.207568,   34.976126,       46.19,
 139.212072,   34.976126,       46.13,
 139.216577,   34.976126,       46.07,
 139.221081,   34.976126,       46.01,
 139.225586,   34.976126,       45.96,
 139.230090,   34.976126,       45.91,
 139.234595,   34.976126,       45.87,
 139.239099,   34.976126,       45.82,
 139.243604,   34.976126,       45.74,
 139.248108,   34.976126,       45.65,
 139.252613,   34.976126,       45.58,
 139.257117,   34.976126,       45.51,
 139.261622,   34.976126,       45.46,
 139.266126,   34.976126,       45.42,
 139.270631,   34.976126,       45.41,
 139.275135,   34.976126,       45.41,
 139.279640,   34.976126,       45.41,
 139.284144,   34.976126,       45.41,
 139.288649,   34.976126,       45.42,
 139.293153,   34.976126,       45.42,
 139.297658,   34.976126,       45.44,
 139.302162,   34.976126,       45.58,
 139.306667,   34.976126,       45.81,
 139.311171,   34.976126,       46.07,
 139.315676,   34.976126,       46.34,
 139.320180,   34.976126,       46.59,
 139.324685,   34.976126,       46.85,
 139.329189,   34.976126,       47.10,
 139.333694,   34.976126,       47.35,
 139.338198,   34.976126,       47.58,
 139.342703,   34.976126,       47.75,
 139.347207,   34.976126,       47.85,
 139.351712,   34.976126,       47.91,
 139.356216,   34.976126,       47.93,
 139.360721,   34.976126,       47.94,
 139.365225,   34.976126,       47.97,
 139.369730,   34.976126,       48.02,
 139.374234,   34.976126,       48.08,
 139.378739,   34.976126,       48.16,
 139.383243,   34.976126,       48.26,
 139.387748,   34.976126,       48.38,
 139.392252,   34.976126,       48.51,
 139.396757,   34.976126,       48.64,
 139.401261,   34.976126,       48.79,
 139.405766,   34.976126,       48.89,
 139.410270,   34.976126,       48.79,
 139.414775,   34.976126,       48.72,
 139.419279,   34.976126,       48.67,
 139.423784,   34.976126,       48.65,
 139.428288,   34.976126,       48.64,
 139.432793,   34.976126,       48.64,
 139.437297,   34.976126,       48.63,
 139.441802,   34.976126,       48.58,
 139.446306,   34.976126,       48.48,
 139.450811,   34.976126,       48.35,
 139.455315,   34.976126,       48.20,
 139.459820,   34.976126,       48.02,
 139.464324,   34.976126,       47.83,
 139.468829,   34.976126,       47.65,
 139.473333,   34.976126,       47.47,
 139.477838,   34.976126,       47.29,
 139.482342,   34.976126,       47.12,
 139.486847,   34.976126,       46.97,
 139.491351,   34.976126,       46.86,
 139.495856,   34.976126,       46.72,
 139.500360,   34.976126,       46.55,
 139.504865,   34.976126,       46.36,
 139.509369,   34.976126,       46.16,
 139.513874,   34.976126,       45.92,
 139.518378,   34.976126,       45.72,
 139.522883,   34.976126,       45.70,
 139.527387,   34.976126,       45.78,
 139.531892,   34.976126,       45.84,
 139.536396,   34.976126,       45.87,
 139.540901,   34.976126,       45.83,
 139.545405,   34.976126,       45.84,
 139.549910,   34.976126,       45.84,
 139.554414,   34.976126,       45.54,
 139.558919,   34.976126,       44.80,
 139.563423,   34.976126,       43.81,
 139.567928,   34.976126,       43.15,
 139.572432,   34.976126,       43.26,
 139.576937,   34.976126,       43.06,
 139.581441,   34.976126,       42.68,
 139.585946,   34.976126,       42.76,
 139.590450,   34.976126,       42.63,
 139.594955,   34.976126,       42.49,
 139.599459,   34.976126,       42.72,
 139.603964,   34.976126,       42.69,
 139.608468,   34.976126,       42.49,
 139.612973,   34.976126,       42.30,
 139.617477,   34.976126,       42.13,
 139.621982,   34.976126,       41.80,
 139.626486,   34.976126,       41.28,
 139.630991,   34.976126,       40.80,
 139.635495,   34.976126,       40.55,
 139.640000,   34.976126,       40.08,
 139.644505,   34.976126,       39.69,
 139.649009,   34.976126,       39.53,
 139.653514,   34.976126,       39.33,
 139.658018,   34.976126,       39.32,
 139.662523,   34.976126,       39.60,
 139.667027,   34.976126,       40.26,
 139.671532,   34.976126,       41.00,
 139.676036,   34.976126,       41.56,
 139.680541,   34.976126,       41.93,
 139.685045,   34.976126,       42.87,
 139.689550,   34.976126,       43.83,
 139.694054,   34.976126,       44.72,
 139.698559,   34.976126,       45.24,
 139.703063,   34.976126,       45.74,
 139.707568,   34.976126,       46.36,
 139.712072,   34.976126,       46.89,
 139.716577,   34.976126,       47.33,
 139.721081,   34.976126,       48.17,
 139.725586,   34.976126,       48.89,
 139.730090,   34.976126,       49.78,
 139.734595,   34.976126,       50.80,
 139.739099,   34.976126,       51.62,
 139.743604,   34.976126,       51.98,
 139.748108,   34.976126,       51.79,
 139.752613,   34.976126,       51.26,
 139.757117,   34.976126,       51.59,
 139.761622,   34.976126,       52.82,
 139.766126,   34.976126,       54.03,
 139.770631,   34.976126,       55.01,
 139.775135,   34.976126,       55.98,
 139.779640,   34.976126,       57.28,
 139.784144,   34.976126,       58.88,
 139.788649,   34.976126,       59.60,
 139.793153,   34.976126,       60.77,
 139.797658,   34.976126,       62.02,
 139.802162,   34.976126,       61.92,
 139.806667,   34.976126,       61.89,
 139.811171,   34.976126,       62.08,
 139.815676,   34.976126,       62.04,
 139.820180,   34.976126,       61.94,
 139.824685,   34.976126,       62.12,
 139.829189,   34.976126,       62.65,
 139.833694,   34.976126,       63.42,
 139.838198,   34.976126,       64.36,
 139.842703,   34.976126,       65.38,
 139.847207,   34.976126,       66.38,
 139.851712,   34.976126,       67.08,
 139.856216,   34.976126,       67.08,
 139.860721,   34.976126,       67.08,
 139.865225,   34.976126,       66.46,
 139.869730,   34.976126,       66.46,
 139.874234,   34.976126,       66.46,
 139.878739,   34.976126,       66.46,
 139.883243,   34.976126,       65.60,
 139.887748,   34.976126,       64.66,
 139.892252,   34.976126,       63.66,
 139.896757,   34.976126,       62.61,
 139.901261,   34.976126,       61.54,
 139.905766,   34.976126,       60.45,
 139.910270,   34.976126,       59.36,
 139.914775,   34.976126,       58.25,
 139.919279,   34.976126,       57.13,
 139.923784,   34.976126,       55.99,
 139.928288,   34.976126,       54.84,
 139.932793,   34.976126,       53.68,
 139.937297,   34.976126,       52.50,
 139.941802,   34.976126,       51.29,
 139.946306,   34.976126,       50.05,
 139.950811,   34.976126,       48.76,
 139.955315,   34.976126,       47.43,
 139.959820,   34.976126,       46.04,
 139.964324,   34.976126,       44.84,
 139.968829,   34.976126,       44.92,
 139.973333,   34.976126,       44.99,
 139.977838,   34.976126,       45.06,
 139.982342,   34.976126,       45.11,
 139.986847,   34.976126,       45.14,
 139.991351,   34.976126,       45.12,
 139.995856,   34.976126,       45.03,
 140.000360,   34.976126,       44.92,
 140.004865,   34.976126,       44.77,
 140.009369,   34.976126,       44.59,
 140.013874,   34.976126,       44.41,
 140.018378,   34.976126,       44.25,
 140.022883,   34.976126,       44.08,
 140.027387,   34.976126,       43.93,
 140.031892,   34.976126,       43.80,
 140.036396,   34.976126,       43.68,
 140.040901,   34.976126,       43.57,
 140.045405,   34.976126,       43.46,
 140.049910,   34.976126,       43.36,
 140.054414,   34.976126,       43.22,
 140.058919,   34.976126,       43.07,
 140.063423,   34.976126,       42.92,
 140.067928,   34.976126,       42.75,
 140.072432,   34.976126,       42.59,
 140.076937,   34.976126,       42.44,
 140.081441,   34.976126,       42.31,
 140.085946,   34.976126,       42.19,
 140.090450,   34.976126,       42.08,
 140.094955,   34.976126,       41.98,
 140.099459,   34.976126,       41.94,
 140.103964,   34.976126,       41.89,
 140.108468,   34.976126,       41.86,
 140.112973,   34.976126,       41.85,
 140.117477,   34.976126,       41.86,
 140.121982,   34.976126,       41.88,
 140.126486,   34.976126,       41.90,
 140.130991,   34.976126,       41.93,
 140.135495,   34.976126,       42.01,
 140.140000,   34.976126,       42.10,
 140.144505,   34.976126,       42.21,
 140.149009,   34.976126,       42.30,
 140.153514,   34.976126,       42.36,
 140.158018,   34.976126,       42.41,
 140.162523,   34.976126,       42.47,
 140.167027,   34.976126,       42.52,
 140.171532,   34.976126,       42.61,
 140.176036,   34.976126,       42.70,
 140.180541,   34.976126,       42.78,
 140.185045,   34.976126,       42.83,
 140.189550,   34.976126,       42.87,
 140.194054,   34.976126,       42.91,
 140.198559,   34.976126,       42.98,
 140.203063,   34.976126,       43.04,
 140.207568,   34.976126,       43.08,
 140.212072,   34.976126,       43.09,
 140.216577,   34.976126,       43.09,
 140.221081,   34.976126,       43.07,
 140.225586,   34.976126,       43.02,
 140.230090,   34.976126,       42.97,
 140.234595,   34.976126,       42.89,
 140.239099,   34.976126,       42.79,
 140.243604,   34.976126,       42.67,
 140.248108,   34.976126,       42.52,
 140.252613,   34.976126,       42.40,
 140.257117,   34.976126,       42.30,
 140.261622,   34.976126,       42.21,
 140.266126,   34.976126,       42.13,
 140.270631,   34.976126,       42.04,
 140.275135,   34.976126,       41.96,
 140.279640,   34.976126,       41.87,
 140.284144,   34.976126,       41.79,
 140.288649,   34.976126,       41.70,
 140.293153,   34.976126,       41.61,
 140.297658,   34.976126,       41.47,
 140.302162,   34.976126,       41.34,
 140.306667,   34.976126,       41.20,
 140.311171,   34.976126,       41.06,
 140.315676,   34.976126,       40.91,
 140.320180,   34.976126,       40.75,
 140.324685,   34.976126,       40.59,
 140.329189,   34.976126,       40.42,
 140.333694,   34.976126,       40.25,
 140.338198,   34.976126,       40.07,
 140.342703,   34.976126,       39.88,
 140.347207,   34.976126,       39.69,
 140.351712,   34.976126,       39.49,
 140.356216,   34.976126,       39.29,
 140.360721,   34.976126,       39.08,
 140.365225,   34.976126,       38.86,
 140.369730,   34.976126,       38.64,
 140.374234,   34.976126,       38.52,
 140.378739,   34.976126,       38.41,
 140.383243,   34.976126,       38.55,
 140.387748,   34.976126,       38.71,
 139.140000,   34.980631,       45.19,
 139.144505,   34.980631,       45.33,
 139.149009,   34.980631,       45.50,
 139.153514,   34.980631,       45.65,
 139.158018,   34.980631,       45.79,
 139.162523,   34.980631,       45.91,
 139.167027,   34.980631,       46.02,
 139.171532,   34.980631,       46.11,
 139.176036,   34.980631,       46.19,
 139.180541,   34.980631,       46.25,
 139.185045,   34.980631,       46.30,
 139.189550,   34.980631,       46.34,
 139.194054,   34.980631,       46.36,
 139.198559,   34.980631,       46.36,
 139.203063,   34.980631,       46.32,
 139.207568,   34.980631,       46.24,
 139.212072,   34.980631,       46.18,
 139.216577,   34.980631,       46.11,
 139.221081,   34.980631,       46.06,
 139.225586,   34.980631,       46.00,
 139.230090,   34.980631,       45.96,
 139.234595,   34.980631,       45.91,
 139.239099,   34.980631,       45.83,
 139.243604,   34.980631,       45.74,
 139.248108,   34.980631,       45.66,
 139.252613,   34.980631,       45.58,
 139.257117,   34.980631,       45.51,
 139.261622,   34.980631,       45.45,
 139.266126,   34.980631,       45.42,
 139.270631,   34.980631,       45.41,
 139.275135,   34.980631,       45.41,
 139.279640,   34.980631,       45.41,
 139.284144,   34.980631,       45.42,
 139.288649,   34.980631,       45.42,
 139.293153,   34.980631,       45.42,
 139.297658,   34.980631,       45.47,
 139.302162,   34.980631,       45.60,
 139.306667,   34.980631,       45.80,
 139.311171,   34.980631,       46.05,
 139.315676,   34.980631,       46.29,
 139.320180,   34.980631,       46.53,
 139.324685,   34.980631,       46.77,
 139.329189,   34.980631,       47.02,
 139.333694,   34.980631,       47.27,
 139.338198,   34.980631,       47.52,
 139.342703,   34.980631,       47.74,
 139.347207,   34.980631,       47.90,
 139.351712,   34.980631,       48.00,
 139.356216,   34.980631,       48.03,
 139.360721,   34.980631,       48.06,
 139.365225,   34.980631,       48.11,
 139.369730,   34.980631,       48.18,
 139.374234,   34.980631,       48.25,
 139.378739,   34.980631,       48.35,
 139.383243,   34.980631,       48.46,
 139.387748,   34.980631,       48.58,
 139.392252,   34.980631,       48.70,
 139.396757,   34.980631,       48.83,
 139.401261,   34.980631,       48.97,
 139.405766,   34.980631,       49.09,
 139.410270,   34.980631,       49.12,
 139.414775,   34.980631,       49.09,
 139.419279,   34.980631,       49.08,
 139.423784,   34.980631,       49.08,
 139.428288,   34.980631,       49.10,
 139.432793,   34.980631,       49.14,
 139.437297,   34.980631,       49.18,
 139.441802,   34.980631,       49.18,
 139.446306,   34.980631,       49.11,
 139.450811,   34.980631,       48.99,
 139.455315,   34.980631,       48.84,
 139.459820,   34.980631,       48.66,
 139.464324,   34.980631,       48.48,
 139.468829,   34.980631,       48.30,
 139.473333,   34.980631,       48.12,
 139.477838,   34.980631,       47.95,
 139.482342,   34.980631,       47.78,
 139.486847,   34.980631,       47.64,
 139.491351,   34.980631,       47.54,
 139.495856,   34.980631,       47.46,
 139.500360,   34.980631,       47.35,
 139.504865,   34.980631,       47.23,
 139.509369,   34.980631,       47.10,
 139.513874,   34.980631,       46.94,
 139.518378,   34.980631,       46.84,
 139.522883,   34.980631,       46.97,
 139.527387,   34.980631,       47.10,
 139.531892,   34.980631,       47.19,
 139.536396,   34.980631,       47.21,
 139.540901,   34.980631,       47.33,
 139.545405,   34.980631,       47.46,
 139.549910,   34.980631,       47.57,
 139.554414,   34.980631,       47.45,
 139.558919,   34.980631,       46.72,
 139.563423,   34.980631,       45.79,
 139.567928,   34.980631,       44.87,
 139.572432,   34.980631,       44.28,
 139.576937,   34.980631,       44.08,
 139.581441,   34.980631,       43.79,
 139.585946,   34.980631,       43.49,
 139.590450,   34.980631,       43.44,
 139.594955,   34.980631,       43.58,
 139.599459,   34.980631,       43.67,
 139.603964,   34.980631,       43.66,
 139.608468,   34.980631,       43.59,
 139.612973,   34.980631,       43.44,
 139.617477,   34.980631,       43.17,
 139.621982,   34.980631,       42.80,
 139.626486,   34.980631,       42.39,
 139.630991,   34.980631,       41.97,
 139.635495,   34.980631,       41.51,
 139.640000,   34.980631,       41.02,
 139.644505,   34.980631,       40.67,
 139.649009,   34.980631,       40.50,
 139.653514,   34.980631,       40.32,
 139.658018,   34.980631,       39.96,
 139.662523,   34.980631,       40.03,
 139.667027,   34.980631,       41.16,
 139.671532,   34.980631,       42.00,
 139.676036,   34.980631,       42.73,
 139.680541,   34.980631,       43.69,
 139.685045,   34.980631,       44.58,
 139.689550,   34.980631,       45.32,
 139.694054,   34.980631,       46.04,
 139.698559,   34.980631,       46.81,
 139.703063,   34.980631,       47.49,
 139.707568,   34.980631,       48.20,
 139.712072,   34.980631,       48.86,
 139.716577,   34.980631,       49.54,
 139.721081,   34.980631,       50.30,
 139.725586,   34.980631,       51.07,
 139.730090,   34.980631,       51.83,
 139.734595,   34.980631,       52.72,
 139.739099,   34.980631,       53.24,
 139.743604,   34.980631,       53.55,
 139.748108,   34.980631,       53.58,
 139.752613,   34.980631,       53.40,
 139.757117,   34.980631,       53.41,
 139.761622,   34.980631,       54.46,
 139.766126,   34.980631,       55.80,
 139.770631,   34.980631,       57.13,
 139.775135,   34.980631,       58.14,
 139.779640,   34.980631,       59.08,
 139.784144,   34.980631,       59.91,
 139.788649,   34.980631,       60.86,
 139.793153,   34.980631,       62.04,
 139.797658,   34.980631,       62.96,
 139.802162,   34.980631,       63.68,
 139.806667,   34.980631,       64.00,
 139.811171,   34.980631,       64.45,
 139.815676,   34.980631,       64.71,
 139.820180,   34.980631,       64.03,
 139.824685,   34.980631,       63.99,
 139.829189,   34.980631,       64.36,
 139.833694,   34.980631,       65.06,
 139.838198,   34.980631,       66.00,
 139.842703,   34.980631,       67.07,
 139.847207,   34.980631,       68.19,
 139.851712,   34.980631,       68.19,
 139.856216,   34.980631,       68.19,
 139.860721,   34.980631,       68.80,
 139.865225,   34.980631,       68.80,
 139.869730,   34.980631,       68.80,
 139.874234,   34.980631,       68.80,
 139.878739,   34.980631,       67.87,
 139.883243,   34.980631,       66.85,
 139.887748,   34.980631,       65.79,
 139.892252,   34.980631,       64.68,
 139.896757,   34.980631,       63.56,
 139.901261,   34.980631,       62.43,
 139.905766,   34.980631,       61.29,
 139.910270,   34.980631,       60.15,
 139.914775,   34.980631,       59.00,
 139.919279,   34.980631,       57.85,
 139.923784,   34.980631,       56.68,
 139.928288,   34.980631,       55.50,
 139.932793,   34.980631,       54.31,
 139.937297,   34.980631,       53.10,
 139.941802,   34.980631,       51.87,
 139.946306,   34.980631,       50.61,
 139.950811,   34.980631,       49.33,
 139.955315,   34.980631,       48.02,
 139.959820,   34.980631,       46.67,
 139.964324,   34.980631,       45.23,
 139.968829,   34.980631,       44.89,
 139.973333,   34.980631,       44.96,
 139.977838,   34.980631,       45.03,
 139.982342,   34.980631,       45.08,
 139.986847,   34.980631,       45.11,
 139.991351,   34.980631,       45.11,
 139.995856,   34.980631,       45.05,
 140.000360,   34.980631,       44.95,
 140.004865,   34.980631,       44.83,
 140.009369,   34.980631,       44.66,
 140.013874,   34.980631,       44.50,
 140.018378,   34.980631,       44.34,
 140.022883,   34.980631,       44.18,
 140.027387,   34.980631,       44.05,
 140.031892,   34.980631,       43.94,
 140.036396,   34.980631,       43.82,
 140.040901,   34.980631,       43.74,
 140.045405,   34.980631,       43.65,
 140.049910,   34.980631,       43.56,
 140.054414,   34.980631,       43.45,
 140.058919,   34.980631,       43.31,
 140.063423,   34.980631,       43.18,
 140.067928,   34.980631,       43.04,
 140.072432,   34.980631,       42.89,
 140.076937,   34.980631,       42.74,
 140.081441,   34.980631,       42.59,
 140.085946,   34.980631,       42.48,
 140.090450,   34.980631,       42.36,
 140.094955,   34.980631,       42.25,
 140.099459,   34.980631,       42.17,
 140.103964,   34.980631,       42.11,
 140.108468,   34.980631,       42.08,
 140.112973,   34.980631,       42.05,
 140.117477,   34.980631,       42.04,
 140.121982,   34.980631,       42.04,
 140.126486,   34.980631,       42.06,
 140.130991,   34.980631,       42.08,
 140.135495,   34.980631,       42.11,
 140.140000,   34.980631,       42.15,
 140.144505,   34.980631,       42.23,
 140.149009,   34.980631,       42.30,
 140.153514,   34.980631,       42.35,
 140.158018,   34.980631,       42.40,
 140.162523,   34.980631,       42.45,
 140.167027,   34.980631,       42.50,
 140.171532,   34.980631,       42.54,
 140.176036,   34.980631,       42.60,
 140.180541,   34.980631,       42.65,
 140.185045,   34.980631,       42.69,
 140.189550,   34.980631,       42.72,
 140.194054,   34.980631,       42.74,
 140.198559,   34.980631,       42.76,
 140.203063,   34.980631,       42.79,
 140.207568,   34.980631,       42.83,
 140.212072,   34.980631,       42.85,
 140.216577,   34.980631,       42.84,
 140.221081,   34.980631,       42.82,
 140.225586,   34.980631,       42.78,
 140.230090,   34.980631,       42.73,
 140.234595,   34.980631,       42.66,
 140.239099,   34.980631,       42.57,
 140.243604,   34.980631,       42.47,
 140.248108,   34.980631,       42.40,
 140.252613,   34.980631,       42.31,
 140.257117,   34.980631,       42.23,
 140.261622,   34.980631,       42.14,
 140.266126,   34.980631,       42.05,
 140.270631,   34.980631,       41.97,
 140.275135,   34.980631,       41.88,
 140.279640,   34.980631,       41.79,
 140.284144,   34.980631,       41.70,
 140.288649,   34.980631,       41.61,
 140.293153,   34.980631,       41.50,
 140.297658,   34.980631,       41.35,
 140.302162,   34.980631,       41.20,
 140.306667,   34.980631,       41.06,
 140.311171,   34.980631,       40.91,
 140.315676,   34.980631,       40.76,
 140.320180,   34.980631,       40.60,
 140.324685,   34.980631,       40.44,
 140.329189,   34.980631,       40.27,
 140.333694,   34.980631,       40.10,
 140.338198,   34.980631,       39.91,
 140.342703,   34.980631,       39.73,
 140.347207,   34.980631,       39.53,
 140.351712,   34.980631,       39.33,
 140.356216,   34.980631,       39.13,
 140.360721,   34.980631,       38.91,
 140.365225,   34.980631,       38.72,
 140.369730,   34.980631,       38.61,
 140.374234,   34.980631,       38.64,
 140.378739,   34.980631,       38.77,
 140.383243,   34.980631,       38.92,
 140.387748,   34.980631,       39.08,
 139.140000,   34.985135,       45.37,
 139.144505,   34.985135,       45.35,
 139.149009,   34.985135,       45.39,
 139.153514,   34.985135,       45.55,
 139.158018,   34.985135,       45.69,
 139.162523,   34.985135,       45.82,
 139.167027,   34.985135,       45.93,
 139.171532,   34.985135,       46.03,
 139.176036,   34.985135,       46.12,
 139.180541,   34.985135,       46.19,
 139.185045,   34.985135,       46.24,
 139.189550,   34.985135,       46.28,
 139.194054,   34.985135,       46.31,
 139.198559,   34.985135,       46.32,
 139.203063,   34.985135,       46.32,
 139.207568,   34.985135,       46.29,
 139.212072,   34.985135,       46.22,
 139.216577,   34.985135,       46.16,
 139.221081,   34.985135,       46.10,
 139.225586,   34.985135,       46.04,
 139.230090,   34.985135,       46.00,
 139.234595,   34.985135,       45.92,
 139.239099,   34.985135,       45.84,
 139.243604,   34.985135,       45.76,
 139.248108,   34.985135,       45.67,
 139.252613,   34.985135,       45.59,
 139.257117,   34.985135,       45.51,
 139.261622,   34.985135,       45.45,
 139.266126,   34.985135,       45.41,
 139.270631,   34.985135,       45.40,
 139.275135,   34.985135,       45.41,
 139.279640,   34.985135,       45.41,
 139.284144,   34.985135,       45.42,
 139.288649,   34.985135,       45.42,
 139.293153,   34.985135,       45.43,
 139.297658,   34.985135,       45.49,
 139.302162,   34.985135,       45.61,
 139.306667,   34.985135,       45.80,
 139.311171,   34.985135,       46.01,
 139.315676,   34.985135,       46.23,
 139.320180,   34.985135,       46.46,
 139.324685,   34.985135,       46.68,
 139.329189,   34.985135,       46.92,
 139.333694,   34.985135,       47.16,
 139.338198,   34.985135,       47.41,
 139.342703,   34.985135,       47.67,
 139.347207,   34.985135,       47.92,
 139.351712,   34.985135,       48.08,
 139.356216,   34.985135,       48.13,
 139.360721,   34.985135,       48.18,
 139.365225,   34.985135,       48.22,
 139.369730,   34.985135,       48.28,
 139.374234,   34.985135,       48.36,
 139.378739,   34.985135,       48.47,
 139.383243,   34.985135,       48.60,
 139.387748,   34.985135,       48.74,
 139.392252,   34.985135,       48.87,
 139.396757,   34.985135,       49.00,
 139.401261,   34.985135,       49.12,
 139.405766,   34.985135,       49.23,
 139.410270,   34.985135,       49.34,
 139.414775,   34.985135,       49.38,
 139.419279,   34.985135,       49.41,
 139.423784,   34.985135,       49.45,
 139.428288,   34.985135,       49.51,
 139.432793,   34.985135,       49.58,
 139.437297,   34.985135,       49.66,
 139.441802,   34.985135,       49.74,
 139.446306,   34.985135,       49.75,
 139.450811,   34.985135,       49.64,
 139.455315,   34.985135,       49.48,
 139.459820,   34.985135,       49.31,
 139.464324,   34.985135,       49.14,
 139.468829,   34.985135,       48.96,
 139.473333,   34.985135,       48.79,
 139.477838,   34.985135,       48.61,
 139.482342,   34.985135,       48.44,
 139.486847,   34.985135,       48.30,
 139.491351,   34.985135,       48.20,
 139.495856,   34.985135,       48.16,
 139.500360,   34.985135,       48.13,
 139.504865,   34.985135,       48.08,
 139.509369,   34.985135,       48.02,
 139.513874,   34.985135,       47.95,
 139.518378,   34.985135,       48.16,
 139.522883,   34.985135,       48.38,
 139.527387,   34.985135,       48.57,
 139.531892,   34.985135,       48.71,
 139.536396,   34.985135,       48.87,
 139.540901,   34.985135,       49.03,
 139.545405,   34.985135,       49.17,
 139.549910,   34.985135,       49.33,
 139.554414,   34.985135,       49.40,
 139.558919,   34.985135,       48.84,
 139.563423,   34.985135,       47.96,
 139.567928,   34.985135,       47.04,
 139.572432,   34.985135,       46.01,
 139.576937,   34.985135,       45.40,
 139.581441,   34.985135,       45.47,
 139.585946,   34.985135,       45.23,
 139.590450,   34.985135,       45.18,
 139.594955,   34.985135,       45.14,
 139.599459,   34.985135,       44.86,
 139.603964,   34.985135,       44.97,
 139.608468,   34.985135,       45.04,
 139.612973,   34.985135,       44.77,
 139.617477,   34.985135,       44.42,
 139.621982,   34.985135,       44.09,
 139.626486,   34.985135,       43.74,
 139.630991,   34.985135,       43.37,
 139.635495,   34.985135,       42.86,
 139.640000,   34.985135,       42.44,
 139.644505,   34.985135,       42.33,
 139.649009,   34.985135,       42.04,
 139.653514,   34.985135,       41.99,
 139.658018,   34.985135,       42.21,
 139.662523,   34.985135,       42.52,
 139.667027,   34.985135,       43.13,
 139.671532,   34.985135,       43.80,
 139.676036,   34.985135,       44.85,
 139.680541,   34.985135,       45.83,
 139.685045,   34.985135,       46.69,
 139.689550,   34.985135,       47.51,
 139.694054,   34.985135,       48.40,
 139.698559,   34.985135,       49.20,
 139.703063,   34.985135,       49.99,
 139.707568,   34.985135,       50.71,
 139.712072,   34.985135,       51.38,
 139.716577,   34.985135,       52.14,
 139.721081,   34.985135,       52.72,
 139.725586,   34.985135,       53.46,
 139.730090,   34.985135,       54.14,
 139.734595,   34.985135,       54.69,
 139.739099,   34.985135,       55.36,
 139.743604,   34.985135,       55.83,
 139.748108,   34.985135,       56.10,
 139.752613,   34.985135,       55.91,
 139.757117,   34.985135,       55.62,
 139.761622,   34.985135,       56.19,
 139.766126,   34.985135,       57.73,
 139.770631,   34.985135,       58.92,
 139.775135,   34.985135,       59.57,
 139.779640,   34.985135,       60.17,
 139.784144,   34.985135,       60.82,
 139.788649,   34.985135,       61.17,
 139.793153,   34.985135,       61.88,
 139.797658,   34.985135,       62.54,
 139.802162,   34.985135,       63.03,
 139.806667,   34.985135,       63.73,
 139.811171,   34.985135,       64.44,
 139.815676,   34.985135,       65.12,
 139.820180,   34.985135,       65.47,
 139.824685,   34.985135,       65.44,
 139.829189,   34.985135,       65.78,
 139.833694,   34.985135,       66.45,
 139.838198,   34.985135,       67.41,
 139.842703,   34.985135,       68.60,
 139.847207,   34.985135,       69.90,
 139.851712,   34.985135,       69.90,
 139.856216,   34.985135,       69.90,
 139.860721,   34.985135,       70.23,
 139.865225,   34.985135,       70.23,
 139.869730,   34.985135,       70.23,
 139.874234,   34.985135,       70.23,
 139.878739,   34.985135,       69.11,
 139.883243,   34.985135,       67.96,
 139.887748,   34.985135,       66.79,
 139.892252,   34.985135,       65.60,
 139.896757,   34.985135,       64.42,
 139.901261,   34.985135,       63.24,
 139.905766,   34.985135,       62.06,
 139.910270,   34.985135,       60.88,
 139.914775,   34.985135,       59.70,
 139.919279,   34.985135,       58.51,
 139.923784,   34.985135,       57.31,
 139.928288,   34.985135,       56.11,
 139.932793,   34.985135,       54.90,
 139.937297,   34.985135,       53.67,
 139.941802,   34.985135,       52.43,
 139.946306,   34.985135,       51.16,
 139.950811,   34.985135,       49.88,
 139.955315,   34.985135,       48.58,
 139.959820,   34.985135,       47.23,
 139.964324,   34.985135,       45.84,
 139.968829,   34.985135,       44.86,
 139.973333,   34.985135,       44.93,
 139.977838,   34.985135,       44.99,
 139.982342,   34.985135,       45.05,
 139.986847,   34.985135,       45.08,
 139.991351,   34.985135,       45.09,
 139.995856,   34.985135,       45.08,
 140.000360,   34.985135,       44.98,
 140.004865,   34.985135,       44.86,
 140.009369,   34.985135,       44.74,
 140.013874,   34.985135,       44.58,
 140.018378,   34.985135,       44.42,
 140.022883,   34.985135,       44.29,
 140.027387,   34.985135,       44.17,
 140.031892,   34.985135,       44.05,
 140.036396,   34.985135,       43.96,
 140.040901,   34.985135,       43.88,
 140.045405,   34.985135,       43.81,
 140.049910,   34.985135,       43.72,
 140.054414,   34.985135,       43.64,
 140.058919,   34.985135,       43.55,
 140.063423,   34.985135,       43.41,
 140.067928,   34.985135,       43.29,
 140.072432,   34.985135,       43.17,
 140.076937,   34.985135,       43.04,
 140.081441,   34.985135,       42.90,
 140.085946,   34.985135,       42.78,
 140.090450,   34.985135,       42.66,
 140.094955,   34.985135,       42.55,
 140.099459,   34.985135,       42.44,
 140.103964,   34.985135,       42.33,
 140.108468,   34.985135,       42.30,
 140.112973,   34.985135,       42.28,
 140.117477,   34.985135,       42.25,
 140.121982,   34.985135,       42.21,
 140.126486,   34.985135,       42.21,
 140.130991,   34.985135,       42.23,
 140.135495,   34.985135,       42.25,
 140.140000,   34.985135,       42.27,
 140.144505,   34.985135,       42.28,
 140.149009,   34.985135,       42.32,
 140.153514,   34.985135,       42.37,
 140.158018,   34.985135,       42.41,
 140.162523,   34.985135,       42.44,
 140.167027,   34.985135,       42.47,
 140.171532,   34.985135,       42.51,
 140.176036,   34.985135,       42.54,
 140.180541,   34.985135,       42.57,
 140.185045,   34.985135,       42.60,
 140.189550,   34.985135,       42.63,
 140.194054,   34.985135,       42.65,
 140.198559,   34.985135,       42.65,
 140.203063,   34.985135,       42.63,
 140.207568,   34.985135,       42.63,
 140.212072,   34.985135,       42.63,
 140.216577,   34.985135,       42.63,
 140.221081,   34.985135,       42.61,
 140.225586,   34.985135,       42.57,
 140.230090,   34.985135,       42.52,
 140.234595,   34.985135,       42.46,
 140.239099,   34.985135,       42.40,
 140.243604,   34.985135,       42.34,
 140.248108,   34.985135,       42.30,
 140.252613,   34.985135,       42.23,
 140.257117,   34.985135,       42.14,
 140.261622,   34.985135,       42.06,
 140.266126,   34.985135,       41.98,
 140.270631,   34.985135,       41.89,
 140.275135,   34.985135,       41.80,
 140.279640,   34.985135,       41.71,
 140.284144,   34.985135,       41.62,
 140.288649,   34.985135,       41.52,
 140.293153,   34.985135,       41.39,
 140.297658,   34.985135,       41.24,
 140.302162,   34.985135,       41.08,
 140.306667,   34.985135,       40.92,
 140.311171,   34.985135,       40.78,
 140.315676,   34.985135,       40.62,
 140.320180,   34.985135,       40.46,
 140.324685,   34.985135,       40.30,
 140.329189,   34.985135,       40.13,
 140.333694,   34.985135,       39.95,
 140.338198,   34.985135,       39.77,
 140.342703,   34.985135,       39.58,
 140.347207,   34.985135,       39.38,
 140.351712,   34.985135,       39.18,
 140.356216,   34.985135,       38.97,
 140.360721,   34.985135,       38.82,
 140.365225,   34.985135,       38.74,
 140.369730,   34.985135,       38.84,
 140.374234,   34.985135,       38.96,
 140.378739,   34.985135,       39.10,
 140.383243,   34.985135,       39.26,
 140.387748,   34.985135,       39.44,
 139.140000,   34.989640,       45.91,
 139.144505,   34.989640,       45.53,
 139.149009,   34.989640,       45.51,
 139.153514,   34.989640,       45.48,
 139.158018,   34.989640,       45.61,
 139.162523,   34.989640,       45.74,
 139.167027,   34.989640,       45.86,
 139.171532,   34.989640,       45.97,
 139.176036,   34.989640,       46.06,
 139.180541,   34.989640,       46.13,
 139.185045,   34.989640,       46.19,
 139.189550,   34.989640,       46.24,
 139.194054,   34.989640,       46.27,
 139.198559,   34.989640,       46.29,
 139.203063,   34.989640,       46.29,
 139.207568,   34.989640,       46.28,
 139.212072,   34.989640,       46.25,
 139.216577,   34.989640,       46.19,
 139.221081,   34.989640,       46.13,
 139.225586,   34.989640,       46.08,
 139.230090,   34.989640,       46.01,
 139.234595,   34.989640,       45.93,
 139.239099,   34.989640,       45.85,
 139.243604,   34.989640,       45.77,
 139.248108,   34.989640,       45.69,
 139.252613,   34.989640,       45.60,
 139.257117,   34.989640,       45.51,
 139.261622,   34.989640,       45.44,
 139.266126,   34.989640,       45.40,
 139.270631,   34.989640,       45.40,
 139.275135,   34.989640,       45.41,
 139.279640,   34.989640,       45.42,
 139.284144,   34.989640,       45.42,
 139.288649,   34.989640,       45.43,
 139.293153,   34.989640,       45.44,
 139.297658,   34.989640,       45.49,
 139.302162,   34.989640,       45.62,
 139.306667,   34.989640,       45.78,
 139.311171,   34.989640,       45.96,
 139.315676,   34.989640,       46.16,
 139.320180,   34.989640,       46.36,
 139.324685,   34.989640,       46.57,
 139.329189,   34.989640,       46.79,
 139.333694,   34.989640,       47.03,
 139.338198,   34.989640,       47.27,
 139.342703,   34.989640,       47.53,
 139.347207,   34.989640,       47.81,
 139.351712,   34.989640,       48.11,
 139.356216,   34.989640,       48.19,
 139.360721,   34.989640,       48.19,
 139.365225,   34.989640,       48.24,
 139.369730,   34.989640,       48.31,
 139.374234,   34.989640,       48.41,
 139.378739,   34.989640,       48.53,
 139.383243,   34.989640,       48.68,
 139.387748,   34.989640,       48.83,
 139.392252,   34.989640,       48.99,
 139.396757,   34.989640,       49.14,
 139.401261,   34.989640,       49.25,
 139.405766,   34.989640,       49.36,
 139.410270,   34.989640,       49.49,
 139.414775,   34.989640,       49.60,
 139.419279,   34.989640,       49.67,
 139.423784,   34.989640,       49.75,
 139.428288,   34.989640,       49.84,
 139.432793,   34.989640,       49.94,
 139.437297,   34.989640,       50.06,
 139.441802,   34.989640,       50.20,
 139.446306,   34.989640,       50.33,
 139.450811,   34.989640,       50.30,
 139.455315,   34.989640,       50.14,
 139.459820,   34.989640,       49.98,
 139.464324,   34.989640,       49.81,
 139.468829,   34.989640,       49.65,
 139.473333,   34.989640,       49.47,
 139.477838,   34.989640,       49.29,
 139.482342,   34.989640,       49.11,
 139.486847,   34.989640,       48.94,
 139.491351,   34.989640,       48.86,
 139.495856,   34.989640,       48.90,
 139.500360,   34.989640,       48.94,
 139.504865,   34.989640,       48.96,
 139.509369,   34.989640,       48.98,
 139.513874,   34.989640,       49.18,
 139.518378,   34.989640,       49.50,
 139.522883,   34.989640,       49.81,
 139.527387,   34.989640,       50.10,
 139.531892,   34.989640,       50.36,
 139.536396,   34.989640,       50.56,
 139.540901,   34.989640,       50.73,
 139.545405,   34.989640,       50.89,
 139.549910,   34.989640,       51.06,
 139.554414,   34.989640,       51.23,
 139.558919,   34.989640,       51.07,
 139.563423,   34.989640,       50.37,
 139.567928,   34.989640,       49.58,
 139.572432,   34.989640,       48.62,
 139.576937,   34.989640,       48.24,
 139.581441,   34.989640,       48.36,
 139.585946,   34.989640,       48.46,
 139.590450,   34.989640,       48.31,
 139.594955,   34.989640,       48.13,
 139.599459,   34.989640,       47.99,
 139.603964,   34.989640,       47.74,
 139.608468,   34.989640,       47.51,
 139.612973,   34.989640,       46.94,
 139.617477,   34.989640,       46.03,
 139.621982,   34.989640,       45.60,
 139.626486,   34.989640,       45.58,
 139.630991,   34.989640,       45.31,
 139.635495,   34.989640,       44.86,
 139.640000,   34.989640,       44.68,
 139.644505,   34.989640,       44.69,
 139.649009,   34.989640,       44.66,
 139.653514,   34.989640,       44.82,
 139.658018,   34.989640,       45.08,
 139.662523,   34.989640,       45.38,
 139.667027,   34.989640,       46.23,
 139.671532,   34.989640,       47.05,
 139.676036,   34.989640,       47.86,
 139.680541,   34.989640,       48.68,
 139.685045,   34.989640,       49.53,
 139.689550,   34.989640,       50.37,
 139.694054,   34.989640,       51.05,
 139.698559,   34.989640,       51.98,
 139.703063,   34.989640,       52.84,
 139.707568,   34.989640,       53.60,
 139.712072,   34.989640,       54.51,
 139.716577,   34.989640,       55.31,
 139.721081,   34.989640,       55.90,
 139.725586,   34.989640,       56.22,
 139.730090,   34.989640,       56.79,
 139.734595,   34.989640,       57.51,
 139.739099,   34.989640,       58.09,
 139.743604,   34.989640,       58.58,
 139.748108,   34.989640,       58.91,
 139.752613,   34.989640,       58.94,
 139.757117,   34.989640,       58.91,
 139.761622,   34.989640,       59.18,
 139.766126,   34.989640,       60.02,
 139.770631,   34.989640,       60.89,
 139.775135,   34.989640,       61.12,
 139.779640,   34.989640,       61.43,
 139.784144,   34.989640,       61.84,
 139.788649,   34.989640,       61.92,
 139.793153,   34.989640,       62.08,
 139.797658,   34.989640,       62.56,
 139.802162,   34.989640,       62.84,
 139.806667,   34.989640,       63.12,
 139.811171,   34.989640,       63.74,
 139.815676,   34.989640,       64.45,
 139.820180,   34.989640,       65.11,
 139.824685,   34.989640,       65.72,
 139.829189,   34.989640,       66.45,
 139.833694,   34.989640,       67.27,
 139.838198,   34.989640,       68.35,
 139.842703,   34.989640,       69.70,
 139.847207,   34.989640,       71.29,
 139.851712,   34.989640,       71.29,
 139.856216,   34.989640,       71.29,
 139.860721,   34.989640,       71.46,
 139.865225,   34.989640,       71.46,
 139.869730,   34.989640,       71.46,
 139.874234,   34.989640,       71.46,
 139.878739,   34.989640,       70.19,
 139.883243,   34.989640,       68.92,
 139.887748,   34.989640,       67.67,
 139.892252,   34.989640,       66.43,
 139.896757,   34.989640,       65.20,
 139.901261,   34.989640,       63.98,
 139.905766,   34.989640,       62.76,
 139.910270,   34.989640,       61.55,
 139.914775,   34.989640,       60.33,
 139.919279,   34.989640,       59.12,
 139.923784,   34.989640,       57.90,
 139.928288,   34.989640,       56.68,
 139.932793,   34.989640,       55.45,
 139.937297,   34.989640,       54.20,
 139.941802,   34.989640,       52.95,
 139.946306,   34.989640,       51.68,
 139.950811,   34.989640,       50.40,
 139.955315,   34.989640,       49.10,
 139.959820,   34.989640,       47.75,
 139.964324,   34.989640,       46.38,
 139.968829,   34.989640,       45.08,
 139.973333,   34.989640,       44.89,
 139.977838,   34.989640,       44.95,
 139.982342,   34.989640,       45.00,
 139.986847,   34.989640,       45.06,
 139.991351,   34.989640,       45.08,
 139.995856,   34.989640,       45.06,
 140.000360,   34.989640,       45.01,
 140.004865,   34.989640,       44.90,
 140.009369,   34.989640,       44.79,
 140.013874,   34.989640,       44.66,
 140.018378,   34.989640,       44.51,
 140.022883,   34.989640,       44.38,
 140.027387,   34.989640,       44.25,
 140.031892,   34.989640,       44.15,
 140.036396,   34.989640,       44.07,
 140.040901,   34.989640,       43.99,
 140.045405,   34.989640,       43.93,
 140.049910,   34.989640,       43.87,
 140.054414,   34.989640,       43.79,
 140.058919,   34.989640,       43.72,
 140.063423,   34.989640,       43.63,
 140.067928,   34.989640,       43.51,
 140.072432,   34.989640,       43.41,
 140.076937,   34.989640,       43.32,
 140.081441,   34.989640,       43.19,
 140.085946,   34.989640,       43.07,
 140.090450,   34.989640,       42.95,
 140.094955,   34.989640,       42.85,
 140.099459,   34.989640,       42.74,
 140.103964,   34.989640,       42.63,
 140.108468,   34.989640,       42.55,
 140.112973,   34.989640,       42.51,
 140.117477,   34.989640,       42.46,
 140.121982,   34.989640,       42.39,
 140.126486,   34.989640,       42.37,
 140.130991,   34.989640,       42.38,
 140.135495,   34.989640,       42.39,
 140.140000,   34.989640,       42.39,
 140.144505,   34.989640,       42.38,
 140.149009,   34.989640,       42.38,
 140.153514,   34.989640,       42.41,
 140.158018,   34.989640,       42.43,
 140.162523,   34.989640,       42.44,
 140.167027,   34.989640,       42.45,
 140.171532,   34.989640,       42.48,
 140.176036,   34.989640,       42.50,
 140.180541,   34.989640,       42.52,
 140.185045,   34.989640,       42.53,
 140.189550,   34.989640,       42.55,
 140.194054,   34.989640,       42.56,
 140.198559,   34.989640,       42.55,
 140.203063,   34.989640,       42.52,
 140.207568,   34.989640,       42.48,
 140.212072,   34.989640,       42.46,
 140.216577,   34.989640,       42.44,
 140.221081,   34.989640,       42.42,
 140.225586,   34.989640,       42.38,
 140.230090,   34.989640,       42.35,
 140.234595,   34.989640,       42.30,
 140.239099,   34.989640,       42.27,
 140.243604,   34.989640,       42.24,
 140.248108,   34.989640,       42.19,
 140.252613,   34.989640,       42.13,
 140.257117,   34.989640,       42.06,
 140.261622,   34.989640,       41.98,
 140.266126,   34.989640,       41.90,
 140.270631,   34.989640,       41.81,
 140.275135,   34.989640,       41.72,
 140.279640,   34.989640,       41.62,
 140.284144,   34.989640,       41.52,
 140.288649,   34.989640,       41.42,
 140.293153,   34.989640,       41.29,
 140.297658,   34.989640,       41.14,
 140.302162,   34.989640,       40.97,
 140.306667,   34.989640,       40.80,
 140.311171,   34.989640,       40.64,
 140.315676,   34.989640,       40.49,
 140.320180,   34.989640,       40.33,
 140.324685,   34.989640,       40.16,
 140.329189,   34.989640,       39.99,
 140.333694,   34.989640,       39.81,
 140.338198,   34.989640,       39.63,
 140.342703,   34.989640,       39.43,
 140.347207,   34.989640,       39.24,
 140.351712,   34.989640,       39.03,
 140.356216,   34.989640,       38.91,
 140.360721,   34.989640,       38.94,
 140.365225,   34.989640,       39.03,
 140.369730,   34.989640,       39.14,
 140.374234,   34.989640,       39.27,
 140.378739,   34.989640,       39.41,
 140.383243,   34.989640,       39.58,
 140.387748,   34.989640,       39.77,
 139.140000,   34.994144,       46.74,
 139.144505,   34.994144,       46.32,
 139.149009,   34.994144,       45.93,
 139.153514,   34.994144,       45.66,
 139.158018,   34.994144,       45.64,
 139.162523,   34.994144,       45.68,
 139.167027,   34.994144,       45.81,
 139.171532,   34.994144,       45.92,
 139.176036,   34.994144,       46.01,
 139.180541,   34.994144,       46.09,
 139.185045,   34.994144,       46.16,
 139.189550,   34.994144,       46.21,
 139.194054,   34.994144,       46.25,
 139.198559,   34.994144,       46.27,
 139.203063,   34.994144,       46.28,
 139.207568,   34.994144,       46.27,
 139.212072,   34.994144,       46.25,
 139.216577,   34.994144,       46.22,
 139.221081,   34.994144,       46.16,
 139.225586,   34.994144,       46.10,
 139.230090,   34.994144,       46.03,
 139.234595,   34.994144,       45.95,
 139.239099,   34.994144,       45.88,
 139.243604,   34.994144,       45.79,
 139.248108,   34.994144,       45.71,
 139.252613,   34.994144,       45.62,
 139.257117,   34.994144,       45.53,
 139.261622,   34.994144,       45.44,
 139.266126,   34.994144,       45.40,
 139.270631,   34.994144,       45.40,
 139.275135,   34.994144,       45.41,
 139.279640,   34.994144,       45.42,
 139.284144,   34.994144,       45.43,
 139.288649,   34.994144,       45.43,
 139.293153,   34.994144,       45.44,
 139.297658,   34.994144,       45.49,
 139.302162,   34.994144,       45.61,
 139.306667,   34.994144,       45.74,
 139.311171,   34.994144,       45.90,
 139.315676,   34.994144,       46.07,
 139.320180,   34.994144,       46.25,
 139.324685,   34.994144,       46.44,
 139.329189,   34.994144,       46.64,
 139.333694,   34.994144,       46.86,
 139.338198,   34.994144,       47.10,
 139.342703,   34.994144,       47.34,
 139.347207,   34.994144,       47.59,
 139.351712,   34.994144,       47.80,
 139.356216,   34.994144,       47.96,
 139.360721,   34.994144,       48.06,
 139.365225,   34.994144,       48.14,
 139.369730,   34.994144,       48.24,
 139.374234,   34.994144,       48.36,
 139.378739,   34.994144,       48.51,
 139.383243,   34.994144,       48.68,
 139.387748,   34.994144,       48.86,
 139.392252,   34.994144,       49.05,
 139.396757,   34.994144,       49.23,
 139.401261,   34.994144,       49.38,
 139.405766,   34.994144,       49.50,
 139.410270,   34.994144,       49.62,
 139.414775,   34.994144,       49.76,
 139.419279,   34.994144,       49.88,
 139.423784,   34.994144,       49.99,
 139.428288,   34.994144,       50.10,
 139.432793,   34.994144,       50.23,
 139.437297,   34.994144,       50.37,
 139.441802,   34.994144,       50.53,
 139.446306,   34.994144,       50.71,
 139.450811,   34.994144,       50.87,
 139.455315,   34.994144,       50.77,
 139.459820,   34.994144,       50.64,
 139.464324,   34.994144,       50.51,
 139.468829,   34.994144,       50.36,
 139.473333,   34.994144,       50.19,
 139.477838,   34.994144,       50.01,
 139.482342,   34.994144,       49.81,
 139.486847,   34.994144,       49.60,
 139.491351,   34.994144,       49.63,
 139.495856,   34.994144,       49.76,
 139.500360,   34.994144,       49.87,
 139.504865,   34.994144,       49.97,
 139.509369,   34.994144,       50.11,
 139.513874,   34.994144,       50.40,
 139.518378,   34.994144,       50.79,
 139.522883,   34.994144,       51.20,
 139.527387,   34.994144,       51.60,
 139.531892,   34.994144,       51.99,
 139.536396,   34.994144,       52.26,
 139.540901,   34.994144,       52.43,
 139.545405,   34.994144,       52.60,
 139.549910,   34.994144,       52.77,
 139.554414,   34.994144,       52.92,
 139.558919,   34.994144,       52.97,
 139.563423,   34.994144,       52.62,
 139.567928,   34.994144,       52.16,
 139.572432,   34.994144,       51.59,
 139.576937,   34.994144,       51.44,
 139.581441,   34.994144,       51.57,
 139.585946,   34.994144,       51.73,
 139.590450,   34.994144,       51.78,
 139.594955,   34.994144,       51.81,
 139.599459,   34.994144,       51.83,
 139.603964,   34.994144,       51.58,
 139.608468,   34.994144,       50.93,
 139.612973,   34.994144,       50.18,
 139.617477,   34.994144,       49.42,
 139.621982,   34.994144,       48.68,
 139.626486,   34.994144,       48.27,
 139.630991,   34.994144,       47.87,
 139.635495,   34.994144,       47.58,
 139.640000,   34.994144,       47.51,
 139.644505,   34.994144,       47.49,
 139.649009,   34.994144,       47.45,
 139.653514,   34.994144,       47.82,
 139.658018,   34.994144,       48.40,
 139.662523,   34.994144,       49.02,
 139.667027,   34.994144,       49.74,
 139.671532,   34.994144,       50.44,
 139.676036,   34.994144,       51.20,
 139.680541,   34.994144,       52.17,
 139.685045,   34.994144,       53.01,
 139.689550,   34.994144,       53.77,
 139.694054,   34.994144,       54.53,
 139.698559,   34.994144,       55.32,
 139.703063,   34.994144,       56.03,
 139.707568,   34.994144,       56.97,
 139.712072,   34.994144,       57.92,
 139.716577,   34.994144,       58.73,
 139.721081,   34.994144,       59.23,
 139.725586,   34.994144,       59.54,
 139.730090,   34.994144,       59.91,
 139.734595,   34.994144,       60.56,
 139.739099,   34.994144,       61.10,
 139.743604,   34.994144,       61.63,
 139.748108,   34.994144,       62.03,
 139.752613,   34.994144,       62.23,
 139.757117,   34.994144,       62.38,
 139.761622,   34.994144,       62.48,
 139.766126,   34.994144,       62.74,
 139.770631,   34.994144,       62.71,
 139.775135,   34.994144,       62.71,
 139.779640,   34.994144,       62.80,
 139.784144,   34.994144,       62.67,
 139.788649,   34.994144,       62.66,
 139.793153,   34.994144,       62.69,
 139.797658,   34.994144,       62.77,
 139.802162,   34.994144,       62.99,
 139.806667,   34.994144,       63.11,
 139.811171,   34.994144,       63.22,
 139.815676,   34.994144,       63.89,
 139.820180,   34.994144,       64.59,
 139.824685,   34.994144,       65.32,
 139.829189,   34.994144,       66.10,
 139.833694,   34.994144,       66.80,
 139.838198,   34.994144,       67.86,
 139.842703,   34.994144,       69.59,
 139.847207,   34.994144,       71.45,
 139.851712,   34.994144,       74.11,
 139.856216,   34.994144,       74.11,
 139.860721,   34.994144,       73.92,
 139.865225,   34.994144,       73.92,
 139.869730,   34.994144,       73.92,
 139.874234,   34.994144,       72.47,
 139.878739,   34.994144,       71.09,
 139.883243,   34.994144,       69.75,
 139.887748,   34.994144,       68.44,
 139.892252,   34.994144,       67.15,
 139.896757,   34.994144,       65.90,
 139.901261,   34.994144,       64.70,
 139.905766,   34.994144,       63.51,
 139.910270,   34.994144,       62.32,
 139.914775,   34.994144,       61.12,
 139.919279,   34.994144,       59.90,
 139.923784,   34.994144,       58.66,
 139.928288,   34.994144,       57.41,
 139.932793,   34.994144,       56.13,
 139.937297,   34.994144,       54.83,
 139.941802,   34.994144,       53.51,
 139.946306,   34.994144,       52.19,
 139.950811,   34.994144,       50.88,
 139.955315,   34.994144,       49.57,
 139.959820,   34.994144,       48.24,
 139.964324,   34.994144,       46.89,
 139.968829,   34.994144,       45.55,
 139.973333,   34.994144,       44.87,
 139.977838,   34.994144,       44.91,
 139.982342,   34.994144,       44.97,
 139.986847,   34.994144,       45.03,
 139.991351,   34.994144,       45.07,
 139.995856,   34.994144,       45.05,
 140.000360,   34.994144,       45.02,
 140.004865,   34.994144,       44.94,
 140.009369,   34.994144,       44.83,
 140.013874,   34.994144,       44.72,
 140.018378,   34.994144,       44.59,
 140.022883,   34.994144,       44.46,
 140.027387,   34.994144,       44.34,
 140.031892,   34.994144,       44.25,
 140.036396,   34.994144,       44.17,
 140.040901,   34.994144,       44.10,
 140.045405,   34.994144,       44.04,
 140.049910,   34.994144,       43.99,
 140.054414,   34.994144,       43.93,
 140.058919,   34.994144,       43.87,
 140.063423,   34.994144,       43.80,
 140.067928,   34.994144,       43.73,
 140.072432,   34.994144,       43.63,
 140.076937,   34.994144,       43.53,
 140.081441,   34.994144,       43.44,
 140.085946,   34.994144,       43.34,
 140.090450,   34.994144,       43.23,
 140.094955,   34.994144,       43.13,
 140.099459,   34.994144,       43.04,
 140.103964,   34.994144,       42.92,
 140.108468,   34.994144,       42.82,
 140.112973,   34.994144,       42.75,
 140.117477,   34.994144,       42.67,
 140.121982,   34.994144,       42.59,
 140.126486,   34.994144,       42.53,
 140.130991,   34.994144,       42.52,
 140.135495,   34.994144,       42.51,
 140.140000,   34.994144,       42.50,
 140.144505,   34.994144,       42.48,
 140.149009,   34.994144,       42.46,
 140.153514,   34.994144,       42.47,
 140.158018,   34.994144,       42.47,
 140.162523,   34.994144,       42.47,
 140.167027,   34.994144,       42.45,
 140.171532,   34.994144,       42.45,
 140.176036,   34.994144,       42.45,
 140.180541,   34.994144,       42.46,
 140.185045,   34.994144,       42.46,
 140.189550,   34.994144,       42.47,
 140.194054,   34.994144,       42.47,
 140.198559,   34.994144,       42.45,
 140.203063,   34.994144,       42.42,
 140.207568,   34.994144,       42.37,
 140.212072,   34.994144,       42.33,
 140.216577,   34.994144,       42.29,
 140.221081,   34.994144,       42.26,
 140.225586,   34.994144,       42.23,
 140.230090,   34.994144,       42.21,
 140.234595,   34.994144,       42.18,
 140.239099,   34.994144,       42.16,
 140.243604,   34.994144,       42.13,
 140.248108,   34.994144,       42.09,
 140.252613,   34.994144,       42.03,
 140.257117,   34.994144,       41.96,
 140.261622,   34.994144,       41.89,
 140.266126,   34.994144,       41.81,
 140.270631,   34.994144,       41.73,
 140.275135,   34.994144,       41.63,
 140.279640,   34.994144,       41.53,
 140.284144,   34.994144,       41.43,
 140.288649,   34.994144,       41.32,
 140.293153,   34.994144,       41.18,
 140.297658,   34.994144,       41.03,
 140.302162,   34.994144,       40.87,
 140.306667,   34.994144,       40.69,
 140.311171,   34.994144,       40.52,
 140.315676,   34.994144,       40.36,
 140.320180,   34.994144,       40.20,
 140.324685,   34.994144,       40.03,
 140.329189,   34.994144,       39.86,
 140.333694,   34.994144,       39.68,
 140.338198,   34.994144,       39.49,
 140.342703,   34.994144,       39.30,
 140.347207,   34.994144,       39.12,
 140.351712,   34.994144,       39.06,
 140.356216,   34.994144,       39.12,
 140.360721,   34.994144,       39.20,
 140.365225,   34.994144,       39.29,
 140.369730,   34.994144,       39.41,
 140.374234,   34.994144,       39.55,
 140.378739,   34.994144,       39.71,
 140.383243,   34.994144,       39.88,
 140.387748,   34.994144,       40.08,
 139.140000,   34.998649,       47.54,
 139.144505,   34.998649,       47.10,
 139.149009,   34.998649,       46.69,
 139.153514,   34.998649,       46.31,
 139.158018,   34.998649,       45.97,
 139.162523,   34.998649,       45.80,
 139.167027,   34.998649,       45.78,
 139.171532,   34.998649,       45.88,
 139.176036,   34.998649,       45.98,
 139.180541,   34.998649,       46.07,
 139.185045,   34.998649,       46.14,
 139.189550,   34.998649,       46.20,
 139.194054,   34.998649,       46.24,
 139.198559,   34.998649,       46.27,
 139.203063,   34.998649,       46.29,
 139.207568,   34.998649,       46.28,
 139.212072,   34.998649,       46.27,
 139.216577,   34.998649,       46.24,
 139.221081,   34.998649,       46.20,
 139.225586,   34.998649,       46.14,
 139.230090,   34.998649,       46.06,
 139.234595,   34.998649,       45.99,
 139.239099,   34.998649,       45.91,
 139.243604,   34.998649,       45.82,
 139.248108,   34.998649,       45.73,
 139.252613,   34.998649,       45.64,
 139.257117,   34.998649,       45.54,
 139.261622,   34.998649,       45.44,
 139.266126,   34.998649,       45.39,
 139.270631,   34.998649,       45.39,
 139.275135,   34.998649,       45.40,
 139.279640,   34.998649,       45.41,
 139.284144,   34.998649,       45.42,
 139.288649,   34.998649,       45.44,
 139.293153,   34.998649,       45.45,
 139.297658,   34.998649,       45.48,
 139.302162,   34.998649,       45.59,
 139.306667,   34.998649,       45.69,
 139.311171,   34.998649,       45.82,
 139.315676,   34.998649,       45.95,
 139.320180,   34.998649,       46.11,
 139.324685,   34.998649,       46.28,
 139.329189,   34.998649,       46.46,
 139.333694,   34.998649,       46.66,
 139.338198,   34.998649,       46.87,
 139.342703,   34.998649,       47.08,
 139.347207,   34.998649,       47.26,
 139.351712,   34.998649,       47.42,
 139.356216,   34.998649,       47.60,
 139.360721,   34.998649,       47.76,
 139.365225,   34.998649,       47.91,
 139.369730,   34.998649,       48.06,
 139.374234,   34.998649,       48.22,
 139.378739,   34.998649,       48.40,
 139.383243,   34.998649,       48.60,
 139.387748,   34.998649,       48.82,
 139.392252,   34.998649,       49.05,
 139.396757,   34.998649,       49.28,
 139.401261,   34.998649,       49.49,
 139.405766,   34.998649,       49.63,
 139.410270,   34.998649,       49.75,
 139.414775,   34.998649,       49.89,
 139.419279,   34.998649,       50.03,
 139.423784,   34.998649,       50.17,
 139.428288,   34.998649,       50.30,
 139.432793,   34.998649,       50.44,
 139.437297,   34.998649,       50.58,
 139.441802,   34.998649,       50.72,
 139.446306,   34.998649,       50.88,
 139.450811,   34.998649,       51.08,
 139.455315,   34.998649,       51.18,
 139.459820,   34.998649,       51.17,
 139.464324,   34.998649,       51.12,
 139.468829,   34.998649,       51.05,
 139.473333,   34.998649,       50.93,
 139.477838,   34.998649,       50.75,
 139.482342,   34.998649,       50.57,
 139.486847,   34.998649,       50.46,
 139.491351,   34.998649,       50.61,
 139.495856,   34.998649,       50.78,
 139.500360,   34.998649,       50.95,
 139.504865,   34.998649,       51.10,
 139.509369,   34.998649,       51.27,
 139.513874,   34.998649,       51.58,
 139.518378,   34.998649,       52.02,
 139.522883,   34.998649,       52.50,
 139.527387,   34.998649,       52.97,
 139.531892,   34.998649,       53.49,
 139.536396,   34.998649,       53.96,
 139.540901,   34.998649,       54.09,
 139.545405,   34.998649,       54.24,
 139.549910,   34.998649,       54.45,
 139.554414,   34.998649,       54.62,
 139.558919,   34.998649,       54.69,
 139.563423,   34.998649,       54.61,
 139.567928,   34.998649,       54.45,
 139.572432,   34.998649,       54.42,
 139.576937,   34.998649,       54.50,
 139.581441,   34.998649,       54.57,
 139.585946,   34.998649,       54.70,
 139.590450,   34.998649,       54.97,
 139.594955,   34.998649,       55.23,
 139.599459,   34.998649,       55.55,
 139.603964,   34.998649,       55.61,
 139.608468,   34.998649,       54.84,
 139.612973,   34.998649,       54.00,
 139.617477,   34.998649,       53.13,
 139.621982,   34.998649,       52.28,
 139.626486,   34.998649,       51.58,
 139.630991,   34.998649,       50.92,
 139.635495,   34.998649,       50.39,
 139.640000,   34.998649,       50.65,
 139.644505,   34.998649,       50.91,
 139.649009,   34.998649,       51.12,
 139.653514,   34.998649,       51.64,
 139.658018,   34.998649,       52.22,
 139.662523,   34.998649,       52.79,
 139.667027,   34.998649,       53.52,
 139.671532,   34.998649,       54.39,
 139.676036,   34.998649,       55.32,
 139.680541,   34.998649,       56.14,
 139.685045,   34.998649,       56.86,
 139.689550,   34.998649,       57.60,
 139.694054,   34.998649,       58.38,
 139.698559,   34.998649,       59.09,
 139.703063,   34.998649,       59.94,
 139.707568,   34.998649,       60.81,
 139.712072,   34.998649,       61.54,
 139.716577,   34.998649,       62.16,
 139.721081,   34.998649,       62.60,
 139.725586,   34.998649,       63.05,
 139.730090,   34.998649,       63.57,
 139.734595,   34.998649,       64.03,
 139.739099,   34.998649,       64.37,
 139.743604,   34.998649,       64.82,
 139.748108,   34.998649,       65.04,
 139.752613,   34.998649,       65.16,
 139.757117,   34.998649,       65.26,
 139.761622,   34.998649,       65.17,
 139.766126,   34.998649,       65.04,
 139.770631,   34.998649,       64.49,
 139.775135,   34.998649,       64.12,
 139.779640,   34.998649,       63.96,
 139.784144,   34.998649,       63.61,
 139.788649,   34.998649,       63.41,
 139.793153,   34.998649,       63.37,
 139.797658,   34.998649,       63.26,
 139.802162,   34.998649,       63.29,
 139.806667,   34.998649,       63.37,
 139.811171,   34.998649,       63.34,
 139.815676,   34.998649,       63.52,
 139.820180,   34.998649,       64.22,
 139.824685,   34.998649,       65.06,
 139.829189,   34.998649,       65.92,
 139.833694,   34.998649,       66.69,
 139.838198,   34.998649,       67.79,
 139.842703,   34.998649,       69.28,
 139.847207,   34.998649,       71.52,
 139.851712,   34.998649,       75.24,
 139.856216,   34.998649,       75.24,
 139.860721,   34.998649,       76.64,
 139.865225,   34.998649,       76.64,
 139.869730,   34.998649,       74.87,
 139.874234,   34.998649,       73.31,
 139.878739,   34.998649,       71.84,
 139.883243,   34.998649,       70.45,
 139.887748,   34.998649,       69.16,
 139.892252,   34.998649,       67.98,
 139.896757,   34.998649,       66.83,
 139.901261,   34.998649,       65.69,
 139.905766,   34.998649,       64.54,
 139.910270,   34.998649,       63.37,
 139.914775,   34.998649,       62.17,
 139.919279,   34.998649,       60.95,
 139.923784,   34.998649,       59.69,
 139.928288,   34.998649,       58.40,
 139.932793,   34.998649,       57.08,
 139.937297,   34.998649,       55.73,
 139.941802,   34.998649,       54.36,
 139.946306,   34.998649,       52.96,
 139.950811,   34.998649,       51.55,
 139.955315,   34.998649,       50.12,
 139.959820,   34.998649,       48.71,
 139.964324,   34.998649,       47.37,
 139.968829,   34.998649,       46.06,
 139.973333,   34.998649,       44.85,
 139.977838,   34.998649,       44.89,
 139.982342,   34.998649,       44.94,
 139.986847,   34.998649,       44.99,
 139.991351,   34.998649,       45.03,
 139.995856,   34.998649,       45.05,
 140.000360,   34.998649,       45.01,
 140.004865,   34.998649,       44.97,
 140.009369,   34.998649,       44.88,
 140.013874,   34.998649,       44.77,
 140.018378,   34.998649,       44.67,
 140.022883,   34.998649,       44.54,
 140.027387,   34.998649,       44.43,
 140.031892,   34.998649,       44.33,
 140.036396,   34.998649,       44.26,
 140.040901,   34.998649,       44.19,
 140.045405,   34.998649,       44.14,
 140.049910,   34.998649,       44.09,
 140.054414,   34.998649,       44.05,
 140.058919,   34.998649,       43.99,
 140.063423,   34.998649,       43.93,
 140.067928,   34.998649,       43.88,
 140.072432,   34.998649,       43.81,
 140.076937,   34.998649,       43.73,
 140.081441,   34.998649,       43.64,
 140.085946,   34.998649,       43.57,
 140.090450,   34.998649,       43.47,
 140.094955,   34.998649,       43.36,
 140.099459,   34.998649,       43.25,
 140.103964,   34.998649,       43.15,
 140.108468,   34.998649,       43.05,
 140.112973,   34.998649,       42.95,
 140.117477,   34.998649,       42.86,
 140.121982,   34.998649,       42.79,
 140.126486,   34.998649,       42.71,
 140.130991,   34.998649,       42.65,
 140.135495,   34.998649,       42.64,
 140.140000,   34.998649,       42.61,
 140.144505,   34.998649,       42.58,
 140.149009,   34.998649,       42.56,
 140.153514,   34.998649,       42.55,
 140.158018,   34.998649,       42.53,
 140.162523,   34.998649,       42.52,
 140.167027,   34.998649,       42.50,
 140.171532,   34.998649,       42.45,
 140.176036,   34.998649,       42.42,
 140.180541,   34.998649,       42.41,
 140.185045,   34.998649,       42.40,
 140.189550,   34.998649,       42.39,
 140.194054,   34.998649,       42.38,
 140.198559,   34.998649,       42.35,
 140.203063,   34.998649,       42.32,
 140.207568,   34.998649,       42.28,
 140.212072,   34.998649,       42.23,
 140.216577,   34.998649,       42.18,
 140.221081,   34.998649,       42.14,
 140.225586,   34.998649,       42.12,
 140.230090,   34.998649,       42.10,
 140.234595,   34.998649,       42.08,
 140.239099,   34.998649,       42.06,
 140.243604,   34.998649,       42.03,
 140.248108,   34.998649,       41.99,
 140.252613,   34.998649,       41.93,
 140.257117,   34.998649,       41.86,
 140.261622,   34.998649,       41.78,
 140.266126,   34.998649,       41.71,
 140.270631,   34.998649,       41.64,
 140.275135,   34.998649,       41.53,
 140.279640,   34.998649,       41.43,
 140.284144,   34.998649,       41.32,
 140.288649,   34.998649,       41.22,
 140.293153,   34.998649,       41.09,
 140.297658,   34.998649,       40.93,
 140.302162,   34.998649,       40.76,
 140.306667,   34.998649,       40.59,
 140.311171,   34.998649,       40.41,
 140.315676,   34.998649,       40.24,
 140.320180,   34.998649,       40.08,
 140.324685,   34.998649,       39.91,
 140.329189,   34.998649,       39.73,
 140.333694,   34.998649,       39.55,
 140.338198,   34.998649,       39.36,
 140.342703,   34.998649,       39.22,
 140.347207,   34.998649,       39.23,
 140.351712,   34.998649,       39.28,
 140.356216,   34.998649,       39.35,
 140.360721,   34.998649,       39.43,
 140.365225,   34.998649,       39.54,
 140.369730,   34.998649,       39.67,
 140.374234,   34.998649,       39.81,
 140.378739,   34.998649,       39.98,
 140.383243,   34.998649,       40.17,
 140.387748,   34.998649,       40.34,
 139.140000,   35.003153,       48.31,
 139.144505,   35.003153,       47.85,
 139.149009,   35.003153,       47.42,
 139.153514,   35.003153,       47.02,
 139.158018,   35.003153,       46.66,
 139.162523,   35.003153,       46.32,
 139.167027,   35.003153,       46.02,
 139.171532,   35.003153,       45.93,
 139.176036,   35.003153,       45.97,
 139.180541,   35.003153,       46.06,
 139.185045,   35.003153,       46.14,
 139.189550,   35.003153,       46.20,
 139.194054,   35.003153,       46.25,
 139.198559,   35.003153,       46.29,
 139.203063,   35.003153,       46.31,
 139.207568,   35.003153,       46.31,
 139.212072,   35.003153,       46.30,
 139.216577,   35.003153,       46.28,
 139.221081,   35.003153,       46.23,
 139.225586,   35.003153,       46.18,
 139.230090,   35.003153,       46.11,
 139.234595,   35.003153,       46.04,
 139.239099,   35.003153,       45.96,
 139.243604,   35.003153,       45.86,
 139.248108,   35.003153,       45.76,
 139.252613,   35.003153,       45.65,
 139.257117,   35.003153,       45.54,
 139.261622,   35.003153,       45.43,
 139.266126,   35.003153,       45.38,
 139.270631,   35.003153,       45.37,
 139.275135,   35.003153,       45.39,
 139.279640,   35.003153,       45.40,
 139.284144,   35.003153,       45.42,
 139.288649,   35.003153,       45.43,
 139.293153,   35.003153,       45.45,
 139.297658,   35.003153,       45.47,
 139.302162,   35.003153,       45.55,
 139.306667,   35.003153,       45.62,
 139.311171,   35.003153,       45.71,
 139.315676,   35.003153,       45.81,
 139.320180,   35.003153,       45.94,
 139.324685,   35.003153,       46.09,
 139.329189,   35.003153,       46.25,
 139.333694,   35.003153,       46.42,
 139.338198,   35.003153,       46.59,
 139.342703,   35.003153,       46.76,
 139.347207,   35.003153,       46.90,
 139.351712,   35.003153,       47.03,
 139.356216,   35.003153,       47.23,
 139.360721,   35.003153,       47.42,
 139.365225,   35.003153,       47.60,
 139.369730,   35.003153,       47.79,
 139.374234,   35.003153,       47.99,
 139.378739,   35.003153,       48.22,
 139.383243,   35.003153,       48.46,
 139.387748,   35.003153,       48.72,
 139.392252,   35.003153,       49.00,
 139.396757,   35.003153,       49.29,
 139.401261,   35.003153,       49.57,
 139.405766,   35.003153,       49.76,
 139.410270,   35.003153,       49.89,
 139.414775,   35.003153,       50.02,
 139.419279,   35.003153,       50.16,
 139.423784,   35.003153,       50.30,
 139.428288,   35.003153,       50.44,
 139.432793,   35.003153,       50.58,
 139.437297,   35.003153,       50.72,
 139.441802,   35.003153,       50.86,
 139.446306,   35.003153,       51.05,
 139.450811,   35.003153,       51.28,
 139.455315,   35.003153,       51.46,
 139.459820,   35.003153,       51.58,
 139.464324,   35.003153,       51.64,
 139.468829,   35.003153,       51.67,
 139.473333,   35.003153,       51.64,
 139.477838,   35.003153,       51.54,
 139.482342,   35.003153,       51.40,
 139.486847,   35.003153,       51.39,
 139.491351,   35.003153,       51.58,
 139.495856,   35.003153,       51.80,
 139.500360,   35.003153,       52.01,
 139.504865,   35.003153,       52.20,
 139.509369,   35.003153,       52.40,
 139.513874,   35.003153,       52.73,
 139.518378,   35.003153,       53.14,
 139.522883,   35.003153,       53.54,
 139.527387,   35.003153,       53.97,
 139.531892,   35.003153,       54.42,
 139.536396,   35.003153,       54.85,
 139.540901,   35.003153,       55.20,
 139.545405,   35.003153,       55.51,
 139.549910,   35.003153,       55.87,
 139.554414,   35.003153,       56.26,
 139.558919,   35.003153,       56.42,
 139.563423,   35.003153,       56.38,
 139.567928,   35.003153,       56.53,
 139.572432,   35.003153,       56.87,
 139.576937,   35.003153,       57.23,
 139.581441,   35.003153,       57.44,
 139.585946,   35.003153,       57.59,
 139.590450,   35.003153,       57.90,
 139.594955,   35.003153,       58.27,
 139.599459,   35.003153,       58.64,
 139.603964,   35.003153,       58.94,
 139.608468,   35.003153,       58.34,
 139.612973,   35.003153,       57.51,
 139.617477,   35.003153,       56.76,
 139.621982,   35.003153,       55.96,
 139.626486,   35.003153,       55.21,
 139.630991,   35.003153,       54.45,
 139.635495,   35.003153,       54.06,
 139.640000,   35.003153,       54.50,
 139.644505,   35.003153,       54.98,
 139.649009,   35.003153,       55.45,
 139.653514,   35.003153,       55.89,
 139.658018,   35.003153,       56.33,
 139.662523,   35.003153,       56.74,
 139.667027,   35.003153,       57.52,
 139.671532,   35.003153,       58.53,
 139.676036,   35.003153,       59.56,
 139.680541,   35.003153,       60.42,
 139.685045,   35.003153,       61.13,
 139.689550,   35.003153,       61.87,
 139.694054,   35.003153,       62.62,
 139.698559,   35.003153,       63.27,
 139.703063,   35.003153,       63.91,
 139.707568,   35.003153,       64.64,
 139.712072,   35.003153,       65.02,
 139.716577,   35.003153,       65.44,
 139.721081,   35.003153,       65.90,
 139.725586,   35.003153,       66.38,
 139.730090,   35.003153,       66.70,
 139.734595,   35.003153,       66.82,
 139.739099,   35.003153,       67.12,
 139.743604,   35.003153,       67.47,
 139.748108,   35.003153,       67.53,
 139.752613,   35.003153,       67.54,
 139.757117,   35.003153,       67.49,
 139.761622,   35.003153,       67.35,
 139.766126,   35.003153,       67.04,
 139.770631,   35.003153,       66.32,
 139.775135,   35.003153,       65.63,
 139.779640,   35.003153,       64.96,
 139.784144,   35.003153,       64.55,
 139.788649,   35.003153,       64.17,
 139.793153,   35.003153,       63.83,
 139.797658,   35.003153,       63.70,
 139.802162,   35.003153,       63.67,
 139.806667,   35.003153,       63.57,
 139.811171,   35.003153,       63.51,
 139.815676,   35.003153,       63.48,
 139.820180,   35.003153,       64.01,
 139.824685,   35.003153,       64.92,
 139.829189,   35.003153,       65.78,
 139.833694,   35.003153,       66.73,
 139.838198,   35.003153,       67.91,
 139.842703,   35.003153,       69.22,
 139.847207,   35.003153,       71.58,
 139.851712,   35.003153,       76.12,
 139.856216,   35.003153,       76.12,
 139.860721,   35.003153,       77.52,
 139.865225,   35.003153,       77.52,
 139.869730,   35.003153,       75.60,
 139.874234,   35.003153,       73.95,
 139.878739,   35.003153,       72.51,
 139.883243,   35.003153,       71.32,
 139.887748,   35.003153,       70.22,
 139.892252,   35.003153,       69.14,
 139.896757,   35.003153,       68.06,
 139.901261,   35.003153,       66.96,
 139.905766,   35.003153,       65.83,
 139.910270,   35.003153,       64.67,
 139.914775,   35.003153,       63.46,
 139.919279,   35.003153,       62.22,
 139.923784,   35.003153,       60.94,
 139.928288,   35.003153,       59.63,
 139.932793,   35.003153,       58.28,
 139.937297,   35.003153,       56.89,
 139.941802,   35.003153,       55.47,
 139.946306,   35.003153,       54.03,
 139.950811,   35.003153,       52.54,
 139.955315,   35.003153,       51.02,
 139.959820,   35.003153,       49.49,
 139.964324,   35.003153,       47.98,
 139.968829,   35.003153,       46.55,
 139.973333,   35.003153,       45.24,
 139.977838,   35.003153,       44.87,
 139.982342,   35.003153,       44.92,
 139.986847,   35.003153,       44.96,
 139.991351,   35.003153,       45.00,
 139.995856,   35.003153,       45.03,
 140.000360,   35.003153,       45.01,
 140.004865,   35.003153,       44.97,
 140.009369,   35.003153,       44.92,
 140.013874,   35.003153,       44.82,
 140.018378,   35.003153,       44.73,
 140.022883,   35.003153,       44.62,
 140.027387,   35.003153,       44.52,
 140.031892,   35.003153,       44.41,
 140.036396,   35.003153,       44.34,
 140.040901,   35.003153,       44.28,
 140.045405,   35.003153,       44.22,
 140.049910,   35.003153,       44.19,
 140.054414,   35.003153,       44.15,
 140.058919,   35.003153,       44.11,
 140.063423,   35.003153,       44.06,
 140.067928,   35.003153,       44.01,
 140.072432,   35.003153,       43.96,
 140.076937,   35.003153,       43.90,
 140.081441,   35.003153,       43.82,
 140.085946,   35.003153,       43.74,
 140.090450,   35.003153,       43.65,
 140.094955,   35.003153,       43.56,
 140.099459,   35.003153,       43.46,
 140.103964,   35.003153,       43.36,
 140.108468,   35.003153,       43.25,
 140.112973,   35.003153,       43.14,
 140.117477,   35.003153,       43.06,
 140.121982,   35.003153,       42.98,
 140.126486,   35.003153,       42.90,
 140.130991,   35.003153,       42.84,
 140.135495,   35.003153,       42.79,
 140.140000,   35.003153,       42.75,
 140.144505,   35.003153,       42.69,
 140.149009,   35.003153,       42.65,
 140.153514,   35.003153,       42.63,
 140.158018,   35.003153,       42.60,
 140.162523,   35.003153,       42.58,
 140.167027,   35.003153,       42.54,
 140.171532,   35.003153,       42.49,
 140.176036,   35.003153,       42.42,
 140.180541,   35.003153,       42.38,
 140.185045,   35.003153,       42.34,
 140.189550,   35.003153,       42.31,
 140.194054,   35.003153,       42.29,
 140.198559,   35.003153,       42.26,
 140.203063,   35.003153,       42.23,
 140.207568,   35.003153,       42.19,
 140.212072,   35.003153,       42.15,
 140.216577,   35.003153,       42.10,
 140.221081,   35.003153,       42.06,
 140.225586,   35.003153,       42.03,
 140.230090,   35.003153,       42.01,
 140.234595,   35.003153,       41.99,
 140.239099,   35.003153,       41.96,
 140.243604,   35.003153,       41.93,
 140.248108,   35.003153,       41.89,
 140.252613,   35.003153,       41.82,
 140.257117,   35.003153,       41.73,
 140.261622,   35.003153,       41.65,
 140.266126,   35.003153,       41.56,
 140.270631,   35.003153,       41.47,
 140.275135,   35.003153,       41.38,
 140.279640,   35.003153,       41.29,
 140.284144,   35.003153,       41.20,
 140.288649,   35.003153,       41.11,
 140.293153,   35.003153,       40.99,
 140.297658,   35.003153,       40.83,
 140.302162,   35.003153,       40.65,
 140.306667,   35.003153,       40.48,
 140.311171,   35.003153,       40.30,
 140.315676,   35.003153,       40.13,
 140.320180,   35.003153,       39.96,
 140.324685,   35.003153,       39.79,
 140.329189,   35.003153,       39.61,
 140.333694,   35.003153,       39.43,
 140.338198,   35.003153,       39.37,
 140.342703,   35.003153,       39.38,
 140.347207,   35.003153,       39.42,
 140.351712,   35.003153,       39.48,
 140.356216,   35.003153,       39.55,
 140.360721,   35.003153,       39.65,
 140.365225,   35.003153,       39.76,
 140.369730,   35.003153,       39.90,
 140.374234,   35.003153,       40.06,
 140.378739,   35.003153,       40.23,
 140.383243,   35.003153,       40.31,
 140.387748,   35.003153,       40.40,
 139.140000,   35.007658,       49.04,
 139.144505,   35.007658,       48.56,
 139.149009,   35.007658,       48.12,
 139.153514,   35.007658,       47.70,
 139.158018,   35.007658,       47.32,
 139.162523,   35.007658,       46.96,
 139.167027,   35.007658,       46.64,
 139.171532,   35.007658,       46.35,
 139.176036,   35.007658,       46.09,
 139.180541,   35.007658,       46.07,
 139.185045,   35.007658,       46.15,
 139.189550,   35.007658,       46.22,
 139.194054,   35.007658,       46.27,
 139.198559,   35.007658,       46.31,
 139.203063,   35.007658,       46.34,
 139.207568,   35.007658,       46.35,
 139.212072,   35.007658,       46.35,
 139.216577,   35.007658,       46.31,
 139.221081,   35.007658,       46.26,
 139.225586,   35.007658,       46.22,
 139.230090,   35.007658,       46.16,
 139.234595,   35.007658,       46.10,
 139.239099,   35.007658,       46.01,
 139.243604,   35.007658,       45.90,
 139.248108,   35.007658,       45.78,
 139.252613,   35.007658,       45.66,
 139.257117,   35.007658,       45.53,
 139.261622,   35.007658,       45.42,
 139.266126,   35.007658,       45.37,
 139.270631,   35.007658,       45.35,
 139.275135,   35.007658,       45.37,
 139.279640,   35.007658,       45.38,
 139.284144,   35.007658,       45.39,
 139.288649,   35.007658,       45.40,
 139.293153,   35.007658,       45.43,
 139.297658,   35.007658,       45.46,
 139.302162,   35.007658,       45.50,
 139.306667,   35.007658,       45.52,
 139.311171,   35.007658,       45.56,
 139.315676,   35.007658,       45.64,
 139.320180,   35.007658,       45.73,
 139.324685,   35.007658,       45.85,
 139.329189,   35.007658,       45.99,
 139.333694,   35.007658,       46.13,
 139.338198,   35.007658,       46.27,
 139.342703,   35.007658,       46.40,
 139.347207,   35.007658,       46.50,
 139.351712,   35.007658,       46.63,
 139.356216,   35.007658,       46.83,
 139.360721,   35.007658,       47.04,
 139.365225,   35.007658,       47.26,
 139.369730,   35.007658,       47.48,
 139.374234,   35.007658,       47.71,
 139.378739,   35.007658,       47.98,
 139.383243,   35.007658,       48.26,
 139.387748,   35.007658,       48.56,
 139.392252,   35.007658,       48.90,
 139.396757,   35.007658,       49.25,
 139.401261,   35.007658,       49.63,
 139.405766,   35.007658,       49.88,
 139.410270,   35.007658,       50.02,
 139.414775,   35.007658,       50.16,
 139.419279,   35.007658,       50.29,
 139.423784,   35.007658,       50.43,
 139.428288,   35.007658,       50.57,
 139.432793,   35.007658,       50.71,
 139.437297,   35.007658,       50.85,
 139.441802,   35.007658,       51.01,
 139.446306,   35.007658,       51.22,
 139.450811,   35.007658,       51.47,
 139.455315,   35.007658,       51.72,
 139.459820,   35.007658,       51.93,
 139.464324,   35.007658,       52.09,
 139.468829,   35.007658,       52.22,
 139.473333,   35.007658,       52.31,
 139.477838,   35.007658,       52.32,
 139.482342,   35.007658,       52.25,
 139.486847,   35.007658,       52.30,
 139.491351,   35.007658,       52.53,
 139.495856,   35.007658,       52.76,
 139.500360,   35.007658,       52.99,
 139.504865,   35.007658,       53.25,
 139.509369,   35.007658,       53.50,
 139.513874,   35.007658,       53.80,
 139.518378,   35.007658,       54.08,
 139.522883,   35.007658,       54.38,
 139.527387,   35.007658,       54.71,
 139.531892,   35.007658,       55.04,
 139.536396,   35.007658,       55.40,
 139.540901,   35.007658,       55.90,
 139.545405,   35.007658,       56.42,
 139.549910,   35.007658,       56.97,
 139.554414,   35.007658,       57.60,
 139.558919,   35.007658,       58.18,
 139.563423,   35.007658,       58.25,
 139.567928,   35.007658,       58.47,
 139.572432,   35.007658,       58.95,
 139.576937,   35.007658,       59.58,
 139.581441,   35.007658,       60.18,
 139.585946,   35.007658,       60.43,
 139.590450,   35.007658,       60.70,
 139.594955,   35.007658,       60.96,
 139.599459,   35.007658,       61.22,
 139.603964,   35.007658,       61.38,
 139.608468,   35.007658,       61.18,
 139.612973,   35.007658,       60.56,
 139.617477,   35.007658,       59.94,
 139.621982,   35.007658,       59.62,
 139.626486,   35.007658,       59.11,
 139.630991,   35.007658,       58.45,
 139.635495,   35.007658,       58.32,
 139.640000,   35.007658,       58.76,
 139.644505,   35.007658,       59.27,
 139.649009,   35.007658,       59.78,
 139.653514,   35.007658,       60.20,
 139.658018,   35.007658,       60.58,
 139.662523,   35.007658,       60.97,
 139.667027,   35.007658,       61.62,
 139.671532,   35.007658,       62.62,
 139.676036,   35.007658,       63.60,
 139.680541,   35.007658,       64.30,
 139.685045,   35.007658,       64.88,
 139.689550,   35.007658,       65.67,
 139.694054,   35.007658,       66.52,
 139.698559,   35.007658,       66.84,
 139.703063,   35.007658,       67.25,
 139.707568,   35.007658,       67.69,
 139.712072,   35.007658,       68.16,
 139.716577,   35.007658,       68.64,
 139.721081,   35.007658,       69.12,
 139.725586,   35.007658,       69.15,
 139.730090,   35.007658,       69.17,
 139.734595,   35.007658,       69.27,
 139.739099,   35.007658,       69.49,
 139.743604,   35.007658,       69.55,
 139.748108,   35.007658,       69.51,
 139.752613,   35.007658,       69.63,
 139.757117,   35.007658,       69.66,
 139.761622,   35.007658,       69.04,
 139.766126,   35.007658,       68.50,
 139.770631,   35.007658,       67.92,
 139.775135,   35.007658,       66.95,
 139.779640,   35.007658,       65.99,
 139.784144,   35.007658,       65.39,
 139.788649,   35.007658,       64.77,
 139.793153,   35.007658,       64.18,
 139.797658,   35.007658,       63.93,
 139.802162,   35.007658,       63.80,
 139.806667,   35.007658,       63.69,
 139.811171,   35.007658,       63.63,
 139.815676,   35.007658,       63.78,
 139.820180,   35.007658,       64.19,
 139.824685,   35.007658,       64.92,
 139.829189,   35.007658,       65.80,
 139.833694,   35.007658,       66.72,
 139.838198,   35.007658,       67.84,
 139.842703,   35.007658,       69.44,
 139.847207,   35.007658,       72.16,
 139.851712,   35.007658,       75.81,
 139.856216,   35.007658,       80.21,
 139.860721,   35.007658,       80.31,
 139.865225,   35.007658,       78.03,
 139.869730,   35.007658,       76.06,
 139.874234,   35.007658,       74.67,
 139.878739,   35.007658,       73.59,
 139.883243,   35.007658,       72.60,
 139.887748,   35.007658,       71.61,
 139.892252,   35.007658,       70.60,
 139.896757,   35.007658,       69.56,
 139.901261,   35.007658,       68.47,
 139.905766,   35.007658,       67.35,
 139.910270,   35.007658,       66.17,
 139.914775,   35.007658,       64.96,
 139.919279,   35.007658,       63.70,
 139.923784,   35.007658,       62.40,
 139.928288,   35.007658,       61.06,
 139.932793,   35.007658,       59.68,
 139.937297,   35.007658,       58.27,
 139.941802,   35.007658,       56.82,
 139.946306,   35.007658,       55.33,
 139.950811,   35.007658,       53.79,
 139.955315,   35.007658,       52.23,
 139.959820,   35.007658,       50.63,
 139.964324,   35.007658,       49.02,
 139.968829,   35.007658,       47.41,
 139.973333,   35.007658,       45.84,
 139.977838,   35.007658,       44.84,
 139.982342,   35.007658,       44.89,
 139.986847,   35.007658,       44.94,
 139.991351,   35.007658,       44.98,
 139.995856,   35.007658,       45.00,
 140.000360,   35.007658,       45.01,
 140.004865,   35.007658,       44.98,
 140.009369,   35.007658,       44.94,
 140.013874,   35.007658,       44.87,
 140.018378,   35.007658,       44.78,
 140.022883,   35.007658,       44.70,
 140.027387,   35.007658,       44.60,
 140.031892,   35.007658,       44.50,
 140.036396,   35.007658,       44.42,
 140.040901,   35.007658,       44.36,
 140.045405,   35.007658,       44.31,
 140.049910,   35.007658,       44.27,
 140.054414,   35.007658,       44.24,
 140.058919,   35.007658,       44.22,
 140.063423,   35.007658,       44.19,
 140.067928,   35.007658,       44.15,
 140.072432,   35.007658,       44.11,
 140.076937,   35.007658,       44.05,
 140.081441,   35.007658,       43.98,
 140.085946,   35.007658,       43.91,
 140.090450,   35.007658,       43.82,
 140.094955,   35.007658,       43.74,
 140.099459,   35.007658,       43.65,
 140.103964,   35.007658,       43.56,
 140.108468,   35.007658,       43.45,
 140.112973,   35.007658,       43.34,
 140.117477,   35.007658,       43.24,
 140.121982,   35.007658,       43.18,
 140.126486,   35.007658,       43.10,
 140.130991,   35.007658,       43.03,
 140.135495,   35.007658,       42.97,
 140.140000,   35.007658,       42.92,
 140.144505,   35.007658,       42.86,
 140.149009,   35.007658,       42.79,
 140.153514,   35.007658,       42.73,
 140.158018,   35.007658,       42.68,
 140.162523,   35.007658,       42.63,
 140.167027,   35.007658,       42.59,
 140.171532,   35.007658,       42.53,
 140.176036,   35.007658,       42.45,
 140.180541,   35.007658,       42.38,
 140.185045,   35.007658,       42.32,
 140.189550,   35.007658,       42.25,
 140.194054,   35.007658,       42.20,
 140.198559,   35.007658,       42.18,
 140.203063,   35.007658,       42.15,
 140.207568,   35.007658,       42.12,
 140.212072,   35.007658,       42.08,
 140.216577,   35.007658,       42.04,
 140.221081,   35.007658,       42.01,
 140.225586,   35.007658,       41.97,
 140.230090,   35.007658,       41.94,
 140.234595,   35.007658,       41.91,
 140.239099,   35.007658,       41.87,
 140.243604,   35.007658,       41.84,
 140.248108,   35.007658,       41.79,
 140.252613,   35.007658,       41.69,
 140.257117,   35.007658,       41.59,
 140.261622,   35.007658,       41.49,
 140.266126,   35.007658,       41.39,
 140.270631,   35.007658,       41.29,
 140.275135,   35.007658,       41.21,
 140.279640,   35.007658,       41.13,
 140.284144,   35.007658,       41.05,
 140.288649,   35.007658,       40.96,
 140.293153,   35.007658,       40.88,
 140.297658,   35.007658,       40.71,
 140.302162,   35.007658,       40.53,
 140.306667,   35.007658,       40.35,
 140.311171,   35.007658,       40.18,
 140.315676,   35.007658,       40.02,
 140.320180,   35.007658,       39.85,
 140.324685,   35.007658,       39.68,
 140.329189,   35.007658,       39.52,
 140.333694,   35.007658,       39.51,
 140.338198,   35.007658,       39.51,
 140.342703,   35.007658,       39.54,
 140.347207,   35.007658,       39.59,
 140.351712,   35.007658,       39.65,
 140.356216,   35.007658,       39.74,
 140.360721,   35.007658,       39.84,
 140.365225,   35.007658,       39.97,
 140.369730,   35.007658,       40.11,
 140.374234,   35.007658,       40.23,
 140.378739,   35.007658,       40.30,
 140.383243,   35.007658,       40.48,
 140.387748,   35.007658,       40.67,
 139.140000,   35.012162,       49.75,
 139.144505,   35.012162,       49.25,
 139.149009,   35.012162,       48.78,
 139.153514,   35.012162,       48.35,
 139.158018,   35.012162,       47.94,
 139.162523,   35.012162,       47.57,
 139.167027,   35.012162,       47.23,
 139.171532,   35.012162,       46.92,
 139.176036,   35.012162,       46.65,
 139.180541,   35.012162,       46.40,
 139.185045,   35.012162,       46.23,
 139.189550,   35.012162,       46.25,
 139.194054,   35.012162,       46.31,
 139.198559,   35.012162,       46.36,
 139.203063,   35.012162,       46.39,
 139.207568,   35.012162,       46.41,
 139.212072,   35.012162,       46.39,
 139.216577,   35.012162,       46.35,
 139.221081,   35.012162,       46.30,
 139.225586,   35.012162,       46.26,
 139.230090,   35.012162,       46.21,
 139.234595,   35.012162,       46.15,
 139.239099,   35.012162,       46.06,
 139.243604,   35.012162,       45.93,
 139.248108,   35.012162,       45.79,
 139.252613,   35.012162,       45.65,
 139.257117,   35.012162,       45.50,
 139.261622,   35.012162,       45.40,
 139.266126,   35.012162,       45.34,
 139.270631,   35.012162,       45.32,
 139.275135,   35.012162,       45.31,
 139.279640,   35.012162,       45.31,
 139.284144,   35.012162,       45.31,
 139.288649,   35.012162,       45.31,
 139.293153,   35.012162,       45.32,
 139.297658,   35.012162,       45.33,
 139.302162,   35.012162,       45.31,
 139.306667,   35.012162,       45.33,
 139.311171,   35.012162,       45.36,
 139.315676,   35.012162,       45.41,
 139.320180,   35.012162,       45.48,
 139.324685,   35.012162,       45.58,
 139.329189,   35.012162,       45.68,
 139.333694,   35.012162,       45.80,
 139.338198,   35.012162,       45.91,
 139.342703,   35.012162,       46.01,
 139.347207,   35.012162,       46.10,
 139.351712,   35.012162,       46.23,
 139.356216,   35.012162,       46.41,
 139.360721,   35.012162,       46.64,
 139.365225,   35.012162,       46.88,
 139.369730,   35.012162,       47.12,
 139.374234,   35.012162,       47.39,
 139.378739,   35.012162,       47.69,
 139.383243,   35.012162,       48.01,
 139.387748,   35.012162,       48.35,
 139.392252,   35.012162,       48.72,
 139.396757,   35.012162,       49.13,
 139.401261,   35.012162,       49.60,
 139.405766,   35.012162,       50.01,
 139.410270,   35.012162,       50.10,
 139.414775,   35.012162,       50.20,
 139.419279,   35.012162,       50.34,
 139.423784,   35.012162,       50.50,
 139.428288,   35.012162,       50.67,
 139.432793,   35.012162,       50.83,
 139.437297,   35.012162,       50.98,
 139.441802,   35.012162,       51.16,
 139.446306,   35.012162,       51.38,
 139.450811,   35.012162,       51.65,
 139.455315,   35.012162,       51.95,
 139.459820,   35.012162,       52.24,
 139.464324,   35.012162,       52.49,
 139.468829,   35.012162,       52.72,
 139.473333,   35.012162,       52.93,
 139.477838,   35.012162,       53.07,
 139.482342,   35.012162,       53.08,
 139.486847,   35.012162,       53.19,
 139.491351,   35.012162,       53.35,
 139.495856,   35.012162,       53.53,
 139.500360,   35.012162,       53.74,
 139.504865,   35.012162,       54.00,
 139.509369,   35.012162,       54.28,
 139.513874,   35.012162,       54.52,
 139.518378,   35.012162,       54.76,
 139.522883,   35.012162,       55.02,
 139.527387,   35.012162,       55.30,
 139.531892,   35.012162,       55.56,
 139.536396,   35.012162,       55.92,
 139.540901,   35.012162,       56.44,
 139.545405,   35.012162,       57.09,
 139.549910,   35.012162,       57.75,
 139.554414,   35.012162,       58.44,
 139.558919,   35.012162,       59.13,
 139.563423,   35.012162,       59.54,
 139.567928,   35.012162,       59.89,
 139.572432,   35.012162,       60.47,
 139.576937,   35.012162,       61.27,
 139.581441,   35.012162,       62.28,
 139.585946,   35.012162,       63.21,
 139.590450,   35.012162,       63.12,
 139.594955,   35.012162,       63.21,
 139.599459,   35.012162,       63.45,
 139.603964,   35.012162,       63.76,
 139.608468,   35.012162,       63.84,
 139.612973,   35.012162,       63.38,
 139.617477,   35.012162,       63.06,
 139.621982,   35.012162,       62.97,
 139.626486,   35.012162,       62.80,
 139.630991,   35.012162,       62.43,
 139.635495,   35.012162,       62.43,
 139.640000,   35.012162,       62.68,
 139.644505,   35.012162,       63.02,
 139.649009,   35.012162,       63.42,
 139.653514,   35.012162,       63.87,
 139.658018,   35.012162,       64.38,
 139.662523,   35.012162,       65.02,
 139.667027,   35.012162,       65.69,
 139.671532,   35.012162,       66.52,
 139.676036,   35.012162,       67.14,
 139.680541,   35.012162,       67.60,
 139.685045,   35.012162,       68.17,
 139.689550,   35.012162,       68.88,
 139.694054,   35.012162,       69.44,
 139.698559,   35.012162,       69.86,
 139.703063,   35.012162,       70.28,
 139.707568,   35.012162,       70.70,
 139.712072,   35.012162,       70.88,
 139.716577,   35.012162,       71.05,
 139.721081,   35.012162,       71.13,
 139.725586,   35.012162,       71.14,
 139.730090,   35.012162,       71.24,
 139.734595,   35.012162,       71.48,
 139.739099,   35.012162,       71.73,
 139.743604,   35.012162,       71.34,
 139.748108,   35.012162,       71.13,
 139.752613,   35.012162,       71.11,
 139.757117,   35.012162,       70.73,
 139.761622,   35.012162,       70.09,
 139.766126,   35.012162,       69.60,
 139.770631,   35.012162,       68.93,
 139.775135,   35.012162,       67.76,
 139.779640,   35.012162,       66.78,
 139.784144,   35.012162,       65.81,
 139.788649,   35.012162,       64.91,
 139.793153,   35.012162,       64.32,
 139.797658,   35.012162,       63.93,
 139.802162,   35.012162,       63.69,
 139.806667,   35.012162,       63.63,
 139.811171,   35.012162,       63.82,
 139.815676,   35.012162,       64.19,
 139.820180,   35.012162,       64.53,
 139.824685,   35.012162,       64.98,
 139.829189,   35.012162,       65.99,
 139.833694,   35.012162,       66.86,
 139.838198,   35.012162,       67.65,
 139.842703,   35.012162,       70.12,
 139.847207,   35.012162,       72.85,
 139.851712,   35.012162,       75.76,
 139.856216,   35.012162,       79.06,
 139.860721,   35.012162,       79.18,
 139.865225,   35.012162,       77.98,
 139.869730,   35.012162,       76.85,
 139.874234,   35.012162,       75.95,
 139.878739,   35.012162,       75.09,
 139.883243,   35.012162,       74.21,
 139.887748,   35.012162,       73.28,
 139.892252,   35.012162,       72.31,
 139.896757,   35.012162,       71.27,
 139.901261,   35.012162,       70.19,
 139.905766,   35.012162,       69.05,
 139.910270,   35.012162,       67.86,
 139.914775,   35.012162,       66.63,
 139.919279,   35.012162,       65.35,
 139.923784,   35.012162,       64.03,
 139.928288,   35.012162,       62.67,
 139.932793,   35.012162,       61.27,
 139.937297,   35.012162,       59.83,
 139.941802,   35.012162,       58.35,
 139.946306,   35.012162,       56.83,
 139.950811,   35.012162,       55.27,
 139.955315,   35.012162,       53.68,
 139.959820,   35.012162,       52.06,
 139.964324,   35.012162,       50.41,
 139.968829,   35.012162,       48.73,
 139.973333,   35.012162,       47.03,
 139.977838,   35.012162,       45.35,
 139.982342,   35.012162,       44.87,
 139.986847,   35.012162,       44.93,
 139.991351,   35.012162,       44.96,
 139.995856,   35.012162,       44.98,
 140.000360,   35.012162,       44.99,
 140.004865,   35.012162,       44.98,
 140.009369,   35.012162,       44.95,
 140.013874,   35.012162,       44.91,
 140.018378,   35.012162,       44.83,
 140.022883,   35.012162,       44.75,
 140.027387,   35.012162,       44.67,
 140.031892,   35.012162,       44.58,
 140.036396,   35.012162,       44.50,
 140.040901,   35.012162,       44.44,
 140.045405,   35.012162,       44.39,
 140.049910,   35.012162,       44.35,
 140.054414,   35.012162,       44.33,
 140.058919,   35.012162,       44.32,
 140.063423,   35.012162,       44.30,
 140.067928,   35.012162,       44.27,
 140.072432,   35.012162,       44.24,
 140.076937,   35.012162,       44.20,
 140.081441,   35.012162,       44.14,
 140.085946,   35.012162,       44.07,
 140.090450,   35.012162,       43.99,
 140.094955,   35.012162,       43.91,
 140.099459,   35.012162,       43.83,
 140.103964,   35.012162,       43.75,
 140.108468,   35.012162,       43.65,
 140.112973,   35.012162,       43.55,
 140.117477,   35.012162,       43.47,
 140.121982,   35.012162,       43.39,
 140.126486,   35.012162,       43.32,
 140.130991,   35.012162,       43.23,
 140.135495,   35.012162,       43.17,
 140.140000,   35.012162,       43.10,
 140.144505,   35.012162,       43.04,
 140.149009,   35.012162,       42.96,
 140.153514,   35.012162,       42.86,
 140.158018,   35.012162,       42.78,
 140.162523,   35.012162,       42.70,
 140.167027,   35.012162,       42.64,
 140.171532,   35.012162,       42.58,
 140.176036,   35.012162,       42.50,
 140.180541,   35.012162,       42.43,
 140.185045,   35.012162,       42.35,
 140.189550,   35.012162,       42.26,
 140.194054,   35.012162,       42.17,
 140.198559,   35.012162,       42.13,
 140.203063,   35.012162,       42.10,
 140.207568,   35.012162,       42.07,
 140.212072,   35.012162,       42.03,
 140.216577,   35.012162,       41.99,
 140.221081,   35.012162,       41.95,
 140.225586,   35.012162,       41.92,
 140.230090,   35.012162,       41.88,
 140.234595,   35.012162,       41.83,
 140.239099,   35.012162,       41.79,
 140.243604,   35.012162,       41.75,
 140.248108,   35.012162,       41.66,
 140.252613,   35.012162,       41.55,
 140.257117,   35.012162,       41.44,
 140.261622,   35.012162,       41.33,
 140.266126,   35.012162,       41.22,
 140.270631,   35.012162,       41.12,
 140.275135,   35.012162,       41.03,
 140.279640,   35.012162,       40.94,
 140.284144,   35.012162,       40.85,
 140.288649,   35.012162,       40.76,
 140.293153,   35.012162,       40.66,
 140.297658,   35.012162,       40.53,
 140.302162,   35.012162,       40.37,
 140.306667,   35.012162,       40.20,
 140.311171,   35.012162,       40.04,
 140.315676,   35.012162,       39.88,
 140.320180,   35.012162,       39.73,
 140.324685,   35.012162,       39.66,
 140.329189,   35.012162,       39.63,
 140.333694,   35.012162,       39.63,
 140.338198,   35.012162,       39.64,
 140.342703,   35.012162,       39.68,
 140.347207,   35.012162,       39.73,
 140.351712,   35.012162,       39.81,
 140.356216,   35.012162,       39.90,
 140.360721,   35.012162,       40.02,
 140.365225,   35.012162,       40.15,
 140.369730,   35.012162,       40.20,
 140.374234,   35.012162,       40.37,
 140.378739,   35.012162,       40.54,
 140.383243,   35.012162,       40.72,
 140.387748,   35.012162,       40.92,
 139.140000,   35.016667,       50.42,
 139.144505,   35.016667,       49.90,
 139.149009,   35.016667,       49.41,
 139.153514,   35.016667,       48.96,
 139.158018,   35.016667,       48.54,
 139.162523,   35.016667,       48.15,
 139.167027,   35.016667,       47.79,
 139.171532,   35.016667,       47.46,
 139.176036,   35.016667,       47.16,
 139.180541,   35.016667,       46.90,
 139.185045,   35.016667,       46.67,
 139.189550,   35.016667,       46.47,
 139.194054,   35.016667,       46.36,
 139.198559,   35.016667,       46.42,
 139.203063,   35.016667,       46.45,
 139.207568,   35.016667,       46.47,
 139.212072,   35.016667,       46.43,
 139.216577,   35.016667,       46.39,
 139.221081,   35.016667,       46.35,
 139.225586,   35.016667,       46.31,
 139.230090,   35.016667,       46.26,
 139.234595,   35.016667,       46.21,
 139.239099,   35.016667,       46.09,
 139.243604,   35.016667,       45.94,
 139.248108,   35.016667,       45.78,
 139.252613,   35.016667,       45.63,
 139.257117,   35.016667,       45.47,
 139.261622,   35.016667,       45.36,
 139.266126,   35.016667,       45.30,
 139.270631,   35.016667,       45.26,
 139.275135,   35.016667,       45.23,
 139.279640,   35.016667,       45.20,
 139.284144,   35.016667,       45.18,
 139.288649,   35.016667,       45.16,
 139.293153,   35.016667,       45.14,
 139.297658,   35.016667,       45.12,
 139.302162,   35.016667,       45.07,
 139.306667,   35.016667,       45.05,
 139.311171,   35.016667,       45.08,
 139.315676,   35.016667,       45.12,
 139.320180,   35.016667,       45.17,
 139.324685,   35.016667,       45.24,
 139.329189,   35.016667,       45.33,
 139.333694,   35.016667,       45.42,
 139.338198,   35.016667,       45.51,
 139.342703,   35.016667,       45.60,
 139.347207,   35.016667,       45.70,
 139.351712,   35.016667,       45.82,
 139.356216,   35.016667,       45.99,
 139.360721,   35.016667,       46.20,
 139.365225,   35.016667,       46.45,
 139.369730,   35.016667,       46.72,
 139.374234,   35.016667,       47.01,
 139.378739,   35.016667,       47.34,
 139.383243,   35.016667,       47.69,
 139.387748,   35.016667,       48.05,
 139.392252,   35.016667,       48.44,
 139.396757,   35.016667,       48.85,
 139.401261,   35.016667,       49.28,
 139.405766,   35.016667,       49.66,
 139.410270,   35.016667,       49.93,
 139.414775,   35.016667,       50.09,
 139.419279,   35.016667,       50.27,
 139.423784,   35.016667,       50.46,
 139.428288,   35.016667,       50.68,
 139.432793,   35.016667,       50.90,
 139.437297,   35.016667,       51.10,
 139.441802,   35.016667,       51.29,
 139.446306,   35.016667,       51.52,
 139.450811,   35.016667,       51.80,
 139.455315,   35.016667,       52.15,
 139.459820,   35.016667,       52.49,
 139.464324,   35.016667,       52.81,
 139.468829,   35.016667,       53.13,
 139.473333,   35.016667,       53.47,
 139.477838,   35.016667,       53.80,
 139.482342,   35.016667,       53.90,
 139.486847,   35.016667,       53.97,
 139.491351,   35.016667,       54.05,
 139.495856,   35.016667,       54.17,
 139.500360,   35.016667,       54.32,
 139.504865,   35.016667,       54.50,
 139.509369,   35.016667,       54.69,
 139.513874,   35.016667,       54.91,
 139.518378,   35.016667,       55.19,
 139.522883,   35.016667,       55.48,
 139.527387,   35.016667,       55.76,
 139.531892,   35.016667,       56.05,
 139.536396,   35.016667,       56.40,
 139.540901,   35.016667,       56.92,
 139.545405,   35.016667,       57.60,
 139.549910,   35.016667,       58.30,
 139.554414,   35.016667,       59.00,
 139.558919,   35.016667,       59.71,
 139.563423,   35.016667,       60.37,
 139.567928,   35.016667,       60.94,
 139.572432,   35.016667,       61.60,
 139.576937,   35.016667,       62.44,
 139.581441,   35.016667,       63.40,
 139.585946,   35.016667,       64.29,
 139.590450,   35.016667,       64.74,
 139.594955,   35.016667,       64.96,
 139.599459,   35.016667,       65.26,
 139.603964,   35.016667,       65.73,
 139.608468,   35.016667,       66.35,
 139.612973,   35.016667,       66.25,
 139.617477,   35.016667,       65.84,
 139.621982,   35.016667,       65.64,
 139.626486,   35.016667,       65.69,
 139.630991,   35.016667,       65.98,
 139.635495,   35.016667,       66.00,
 139.640000,   35.016667,       66.03,
 139.644505,   35.016667,       66.14,
 139.649009,   35.016667,       66.29,
 139.653514,   35.016667,       66.87,
 139.658018,   35.016667,       67.67,
 139.662523,   35.016667,       68.55,
 139.667027,   35.016667,       69.60,
 139.671532,   35.016667,       69.78,
 139.676036,   35.016667,       70.03,
 139.680541,   35.016667,       70.57,
 139.685045,   35.016667,       71.31,
 139.689550,   35.016667,       71.84,
 139.694054,   35.016667,       71.97,
 139.698559,   35.016667,       72.26,
 139.703063,   35.016667,       72.81,
 139.707568,   35.016667,       73.04,
 139.712072,   35.016667,       72.88,
 139.716577,   35.016667,       72.80,
 139.721081,   35.016667,       72.72,
 139.725586,   35.016667,       72.80,
 139.730090,   35.016667,       72.85,
 139.734595,   35.016667,       72.89,
 139.739099,   35.016667,       72.76,
 139.743604,   35.016667,       72.55,
 139.748108,   35.016667,       72.38,
 139.752613,   35.016667,       72.14,
 139.757117,   35.016667,       71.49,
 139.761622,   35.016667,       70.86,
 139.766126,   35.016667,       70.17,
 139.770631,   35.016667,       69.07,
 139.775135,   35.016667,       67.98,
 139.779640,   35.016667,       66.86,
 139.784144,   35.016667,       65.55,
 139.788649,   35.016667,       64.49,
 139.793153,   35.016667,       63.87,
 139.797658,   35.016667,       63.44,
 139.802162,   35.016667,       63.20,
 139.806667,   35.016667,       63.35,
 139.811171,   35.016667,       64.09,
 139.815676,   35.016667,       64.70,
 139.820180,   35.016667,       65.11,
 139.824685,   35.016667,       65.71,
 139.829189,   35.016667,       66.53,
 139.833694,   35.016667,       67.52,
 139.838198,   35.016667,       68.85,
 139.842703,   35.016667,       71.11,
 139.847207,   35.016667,       73.80,
 139.851712,   35.016667,       76.45,
 139.856216,   35.016667,       78.58,
 139.860721,   35.016667,       78.43,
 139.865225,   35.016667,       78.40,
 139.869730,   35.016667,       78.21,
 139.874234,   35.016667,       77.65,
 139.878739,   35.016667,       76.92,
 139.883243,   35.016667,       76.10,
 139.887748,   35.016667,       75.19,
 139.892252,   35.016667,       74.21,
 139.896757,   35.016667,       73.18,
 139.901261,   35.016667,       72.08,
 139.905766,   35.016667,       70.92,
 139.910270,   35.016667,       69.72,
 139.914775,   35.016667,       68.47,
 139.919279,   35.016667,       67.17,
 139.923784,   35.016667,       65.83,
 139.928288,   35.016667,       64.45,
 139.932793,   35.016667,       63.03,
 139.937297,   35.016667,       61.56,
 139.941802,   35.016667,       60.06,
 139.946306,   35.016667,       58.51,
 139.950811,   35.016667,       56.94,
 139.955315,   35.016667,       55.33,
 139.959820,   35.016667,       53.69,
 139.964324,   35.016667,       52.02,
 139.968829,   35.016667,       50.33,
 139.973333,   35.016667,       48.62,
 139.977838,   35.016667,       46.90,
 139.982342,   35.016667,       45.25,
 139.986847,   35.016667,       44.92,
 139.991351,   35.016667,       44.95,
 139.995856,   35.016667,       44.96,
 140.000360,   35.016667,       44.97,
 140.004865,   35.016667,       44.98,
 140.009369,   35.016667,       44.95,
 140.013874,   35.016667,       44.92,
 140.018378,   35.016667,       44.87,
 140.022883,   35.016667,       44.80,
 140.027387,   35.016667,       44.73,
 140.031892,   35.016667,       44.66,
 140.036396,   35.016667,       44.58,
 140.040901,   35.016667,       44.52,
 140.045405,   35.016667,       44.47,
 140.049910,   35.016667,       44.44,
 140.054414,   35.016667,       44.42,
 140.058919,   35.016667,       44.41,
 140.063423,   35.016667,       44.41,
 140.067928,   35.016667,       44.39,
 140.072432,   35.016667,       44.37,
 140.076937,   35.016667,       44.35,
 140.081441,   35.016667,       44.30,
 140.085946,   35.016667,       44.23,
 140.090450,   35.016667,       44.16,
 140.094955,   35.016667,       44.09,
 140.099459,   35.016667,       44.02,
 140.103964,   35.016667,       43.94,
 140.108468,   35.016667,       43.86,
 140.112973,   35.016667,       43.78,
 140.117477,   35.016667,       43.71,
 140.121982,   35.016667,       43.63,
 140.126486,   35.016667,       43.55,
 140.130991,   35.016667,       43.48,
 140.135495,   35.016667,       43.39,
 140.140000,   35.016667,       43.31,
 140.144505,   35.016667,       43.22,
 140.149009,   35.016667,       43.14,
 140.153514,   35.016667,       43.04,
 140.158018,   35.016667,       42.94,
 140.162523,   35.016667,       42.82,
 140.167027,   35.016667,       42.70,
 140.171532,   35.016667,       42.63,
 140.176036,   35.016667,       42.56,
 140.180541,   35.016667,       42.48,
 140.185045,   35.016667,       42.40,
 140.189550,   35.016667,       42.31,
 140.194054,   35.016667,       42.22,
 140.198559,   35.016667,       42.14,
 140.203063,   35.016667,       42.10,
 140.207568,   35.016667,       42.05,
 140.212072,   35.016667,       42.00,
 140.216577,   35.016667,       41.95,
 140.221081,   35.016667,       41.90,
 140.225586,   35.016667,       41.86,
 140.230090,   35.016667,       41.81,
 140.234595,   35.016667,       41.76,
 140.239099,   35.016667,       41.71,
 140.243604,   35.016667,       41.65,
 140.248108,   35.016667,       41.55,
 140.252613,   35.016667,       41.42,
 140.257117,   35.016667,       41.30,
 140.261622,   35.016667,       41.18,
 140.266126,   35.016667,       41.05,
 140.270631,   35.016667,       40.94,
 140.275135,   35.016667,       40.84,
 140.279640,   35.016667,       40.75,
 140.284144,   35.016667,       40.66,
 140.288649,   35.016667,       40.56,
 140.293153,   35.016667,       40.45,
 140.297658,   35.016667,       40.33,
 140.302162,   35.016667,       40.18,
 140.306667,   35.016667,       40.02,
 140.311171,   35.016667,       39.87,
 140.315676,   35.016667,       39.77,
 140.320180,   35.016667,       39.70,
 140.324685,   35.016667,       39.71,
 140.329189,   35.016667,       39.72,
 140.333694,   35.016667,       39.73,
 140.338198,   35.016667,       39.75,
 140.342703,   35.016667,       39.79,
 140.347207,   35.016667,       39.86,
 140.351712,   35.016667,       39.94,
 140.356216,   35.016667,       40.05,
 140.360721,   35.016667,       40.13,
 140.365225,   35.016667,       40.26,
 140.369730,   35.016667,       40.42,
 140.374234,   35.016667,       40.59,
 140.378739,   35.016667,       40.77,
 140.383243,   35.016667,       40.96,
 140.387748,   35.016667,       41.16,
 139.140000,   35.021171,       50.12,
 139.144505,   35.021171,       50.41,
 139.149009,   35.021171,       50.02,
 139.153514,   35.021171,       49.54,
 139.158018,   35.021171,       49.10,
 139.162523,   35.021171,       48.69,
 139.167027,   35.021171,       48.31,
 139.171532,   35.021171,       47.97,
 139.176036,   35.021171,       47.65,
 139.180541,   35.021171,       47.37,
 139.185045,   35.021171,       47.12,
 139.189550,   35.021171,       46.90,
 139.194054,   35.021171,       46.71,
 139.198559,   35.021171,       46.55,
 139.203063,   35.021171,       46.53,
 139.207568,   35.021171,       46.52,
 139.212072,   35.021171,       46.50,
 139.216577,   35.021171,       46.46,
 139.221081,   35.021171,       46.42,
 139.225586,   35.021171,       46.37,
 139.230090,   35.021171,       46.32,
 139.234595,   35.021171,       46.26,
 139.239099,   35.021171,       46.12,
 139.243604,   35.021171,       45.95,
 139.248108,   35.021171,       45.78,
 139.252613,   35.021171,       45.62,
 139.257117,   35.021171,       45.45,
 139.261622,   35.021171,       45.31,
 139.266126,   35.021171,       45.25,
 139.270631,   35.021171,       45.18,
 139.275135,   35.021171,       45.12,
 139.279640,   35.021171,       45.07,
 139.284144,   35.021171,       45.02,
 139.288649,   35.021171,       44.98,
 139.293153,   35.021171,       44.94,
 139.297658,   35.021171,       44.89,
 139.302162,   35.021171,       44.84,
 139.306667,   35.021171,       44.80,
 139.311171,   35.021171,       44.78,
 139.315676,   35.021171,       44.79,
 139.320180,   35.021171,       44.81,
 139.324685,   35.021171,       44.85,
 139.329189,   35.021171,       44.92,
 139.333694,   35.021171,       45.01,
 139.338198,   35.021171,       45.11,
 139.342703,   35.021171,       45.20,
 139.347207,   35.021171,       45.30,
 139.351712,   35.021171,       45.41,
 139.356216,   35.021171,       45.56,
 139.360721,   35.021171,       45.75,
 139.365225,   35.021171,       45.99,
 139.369730,   35.021171,       46.27,
 139.374234,   35.021171,       46.58,
 139.378739,   35.021171,       46.93,
 139.383243,   35.021171,       47.29,
 139.387748,   35.021171,       47.66,
 139.392252,   35.021171,       48.03,
 139.396757,   35.021171,       48.40,
 139.401261,   35.021171,       48.75,
 139.405766,   35.021171,       49.13,
 139.410270,   35.021171,       49.52,
 139.414775,   35.021171,       49.81,
 139.419279,   35.021171,       50.07,
 139.423784,   35.021171,       50.33,
 139.428288,   35.021171,       50.61,
 139.432793,   35.021171,       50.89,
 139.437297,   35.021171,       51.16,
 139.441802,   35.021171,       51.41,
 139.446306,   35.021171,       51.65,
 139.450811,   35.021171,       51.94,
 139.455315,   35.021171,       52.29,
 139.459820,   35.021171,       52.65,
 139.464324,   35.021171,       53.01,
 139.468829,   35.021171,       53.38,
 139.473333,   35.021171,       53.77,
 139.477838,   35.021171,       54.18,
 139.482342,   35.021171,       54.42,
 139.486847,   35.021171,       54.45,
 139.491351,   35.021171,       54.53,
 139.495856,   35.021171,       54.65,
 139.500360,   35.021171,       54.79,
 139.504865,   35.021171,       54.92,
 139.509369,   35.021171,       55.06,
 139.513874,   35.021171,       55.28,
 139.518378,   35.021171,       55.58,
 139.522883,   35.021171,       55.89,
 139.527387,   35.021171,       56.20,
 139.531892,   35.021171,       56.52,
 139.536396,   35.021171,       56.85,
 139.540901,   35.021171,       57.43,
 139.545405,   35.021171,       58.12,
 139.549910,   35.021171,       58.83,
 139.554414,   35.021171,       59.56,
 139.558919,   35.021171,       60.30,
 139.563423,   35.021171,       61.03,
 139.567928,   35.021171,       61.73,
 139.572432,   35.021171,       62.48,
 139.576937,   35.021171,       63.34,
 139.581441,   35.021171,       64.23,
 139.585946,   35.021171,       65.11,
 139.590450,   35.021171,       65.84,
 139.594955,   35.021171,       66.35,
 139.599459,   35.021171,       66.75,
 139.603964,   35.021171,       67.26,
 139.608468,   35.021171,       67.80,
 139.612973,   35.021171,       68.04,
 139.617477,   35.021171,       67.89,
 139.621982,   35.021171,       67.71,
 139.626486,   35.021171,       67.65,
 139.630991,   35.021171,       67.81,
 139.635495,   35.021171,       68.18,
 139.640000,   35.021171,       68.52,
 139.644505,   35.021171,       68.83,
 139.649009,   35.021171,       69.06,
 139.653514,   35.021171,       69.65,
 139.658018,   35.021171,       70.33,
 139.662523,   35.021171,       70.87,
 139.667027,   35.021171,       71.30,
 139.671532,   35.021171,       71.64,
 139.676036,   35.021171,       72.06,
 139.680541,   35.021171,       72.68,
 139.685045,   35.021171,       73.41,
 139.689550,   35.021171,       73.75,
 139.694054,   35.021171,       73.83,
 139.698559,   35.021171,       74.00,
 139.703063,   35.021171,       74.25,
 139.707568,   35.021171,       74.33,
 139.712072,   35.021171,       74.30,
 139.716577,   35.021171,       74.28,
 139.721081,   35.021171,       74.26,
 139.725586,   35.021171,       74.25,
 139.730090,   35.021171,       74.06,
 139.734595,   35.021171,       73.82,
 139.739099,   35.021171,       73.50,
 139.743604,   35.021171,       73.26,
 139.748108,   35.021171,       73.12,
 139.752613,   35.021171,       72.71,
 139.757117,   35.021171,       72.00,
 139.761622,   35.021171,       71.29,
 139.766126,   35.021171,       70.19,
 139.770631,   35.021171,       69.03,
 139.775135,   35.021171,       67.92,
 139.779640,   35.021171,       66.51,
 139.784144,   35.021171,       65.15,
 139.788649,   35.021171,       63.91,
 139.793153,   35.021171,       63.20,
 139.797658,   35.021171,       62.79,
 139.802162,   35.021171,       62.53,
 139.806667,   35.021171,       63.14,
 139.811171,   35.021171,       64.13,
 139.815676,   35.021171,       65.21,
 139.820180,   35.021171,       65.83,
 139.824685,   35.021171,       66.55,
 139.829189,   35.021171,       67.30,
 139.833694,   35.021171,       68.57,
 139.838198,   35.021171,       70.29,
 139.842703,   35.021171,       72.20,
 139.847207,   35.021171,       74.85,
 139.851712,   35.021171,       77.52,
 139.856216,   35.021171,       78.67,
 139.860721,   35.021171,       79.56,
 139.865225,   35.021171,       80.00,
 139.869730,   35.021171,       79.96,
 139.874234,   35.021171,       79.59,
 139.878739,   35.021171,       78.98,
 139.883243,   35.021171,       78.19,
 139.887748,   35.021171,       77.28,
 139.892252,   35.021171,       76.30,
 139.896757,   35.021171,       75.25,
 139.901261,   35.021171,       74.13,
 139.905766,   35.021171,       72.96,
 139.910270,   35.021171,       71.73,
 139.914775,   35.021171,       70.46,
 139.919279,   35.021171,       69.14,
 139.923784,   35.021171,       67.78,
 139.928288,   35.021171,       66.36,
 139.932793,   35.021171,       64.89,
 139.937297,   35.021171,       63.39,
 139.941802,   35.021171,       61.85,
 139.946306,   35.021171,       60.30,
 139.950811,   35.021171,       58.72,
 139.955315,   35.021171,       57.11,
 139.959820,   35.021171,       55.49,
 139.964324,   35.021171,       53.84,
 139.968829,   35.021171,       52.15,
 139.973333,   35.021171,       50.44,
 139.977838,   35.021171,       48.72,
 139.982342,   35.021171,       47.05,
 139.986847,   35.021171,       45.24,
 139.991351,   35.021171,       44.94,
 139.995856,   35.021171,       44.96,
 140.000360,   35.021171,       44.96,
 140.004865,   35.021171,       44.97,
 140.009369,   35.021171,       44.96,
 140.013874,   35.021171,       44.93,
 140.018378,   35.021171,       44.90,
 140.022883,   35.021171,       44.84,
 140.027387,   35.021171,       44.78,
 140.031892,   35.021171,       44.72,
 140.036396,   35.021171,       44.65,
 140.040901,   35.021171,       44.59,
 140.045405,   35.021171,       44.54,
 140.049910,   35.021171,       44.52,
 140.054414,   35.021171,       44.50,
 140.058919,   35.021171,       44.50,
 140.063423,   35.021171,       44.49,
 140.067928,   35.021171,       44.50,
 140.072432,   35.021171,       44.49,
 140.076937,   35.021171,       44.47,
 140.081441,   35.021171,       44.45,
 140.085946,   35.021171,       44.39,
 140.090450,   35.021171,       44.33,
 140.094955,   35.021171,       44.28,
 140.099459,   35.021171,       44.21,
 140.103964,   35.021171,       44.14,
 140.108468,   35.021171,       44.09,
 140.112973,   35.021171,       44.02,
 140.117477,   35.021171,       43.94,
 140.121982,   35.021171,       43.87,
 140.126486,   35.021171,       43.81,
 140.130991,   35.021171,       43.74,
 140.135495,   35.021171,       43.66,
 140.140000,   35.021171,       43.56,
 140.144505,   35.021171,       43.46,
 140.149009,   35.021171,       43.36,
 140.153514,   35.021171,       43.26,
 140.158018,   35.021171,       43.16,
 140.162523,   35.021171,       43.03,
 140.167027,   35.021171,       42.87,
 140.171532,   35.021171,       42.73,
 140.176036,   35.021171,       42.63,
 140.180541,   35.021171,       42.54,
 140.185045,   35.021171,       42.46,
 140.189550,   35.021171,       42.36,
 140.194054,   35.021171,       42.26,
 140.198559,   35.021171,       42.17,
 140.203063,   35.021171,       42.10,
 140.207568,   35.021171,       42.05,
 140.212072,   35.021171,       41.98,
 140.216577,   35.021171,       41.92,
 140.221081,   35.021171,       41.85,
 140.225586,   35.021171,       41.79,
 140.230090,   35.021171,       41.73,
 140.234595,   35.021171,       41.67,
 140.239099,   35.021171,       41.61,
 140.243604,   35.021171,       41.54,
 140.248108,   35.021171,       41.44,
 140.252613,   35.021171,       41.30,
 140.257117,   35.021171,       41.17,
 140.261622,   35.021171,       41.04,
 140.266126,   35.021171,       40.90,
 140.270631,   35.021171,       40.76,
 140.275135,   35.021171,       40.66,
 140.279640,   35.021171,       40.58,
 140.284144,   35.021171,       40.48,
 140.288649,   35.021171,       40.38,
 140.293153,   35.021171,       40.26,
 140.297658,   35.021171,       40.13,
 140.302162,   35.021171,       39.99,
 140.306667,   35.021171,       39.84,
 140.311171,   35.021171,       39.76,
 140.315676,   35.021171,       39.72,
 140.320180,   35.021171,       39.71,
 140.324685,   35.021171,       39.75,
 140.329189,   35.021171,       39.78,
 140.333694,   35.021171,       39.80,
 140.338198,   35.021171,       39.84,
 140.342703,   35.021171,       39.89,
 140.347207,   35.021171,       39.96,
 140.351712,   35.021171,       40.05,
 140.356216,   35.021171,       40.15,
 140.360721,   35.021171,       40.30,
 140.365225,   35.021171,       40.45,
 140.369730,   35.021171,       40.62,
 140.374234,   35.021171,       40.80,
 140.378739,   35.021171,       40.99,
 140.383243,   35.021171,       41.18,
 140.387748,   35.021171,       41.39,
 139.140000,   35.025676,       49.05,
 139.144505,   35.025676,       49.52,
 139.149009,   35.025676,       49.91,
 139.153514,   35.025676,       50.05,
 139.158018,   35.025676,       49.63,
 139.162523,   35.025676,       49.20,
 139.167027,   35.025676,       48.81,
 139.171532,   35.025676,       48.44,
 139.176036,   35.025676,       48.11,
 139.180541,   35.025676,       47.81,
 139.185045,   35.025676,       47.54,
 139.189550,   35.025676,       47.30,
 139.194054,   35.025676,       47.09,
 139.198559,   35.025676,       46.91,
 139.203063,   35.025676,       46.73,
 139.207568,   35.025676,       46.64,
 139.212072,   35.025676,       46.60,
 139.216577,   35.025676,       46.56,
 139.221081,   35.025676,       46.51,
 139.225586,   35.025676,       46.45,
 139.230090,   35.025676,       46.39,
 139.234595,   35.025676,       46.31,
 139.239099,   35.025676,       46.15,
 139.243604,   35.025676,       45.97,
 139.248108,   35.025676,       45.79,
 139.252613,   35.025676,       45.61,
 139.257117,   35.025676,       45.44,
 139.261622,   35.025676,       45.27,
 139.266126,   35.025676,       45.17,
 139.270631,   35.025676,       45.07,
 139.275135,   35.025676,       44.98,
 139.279640,   35.025676,       44.91,
 139.284144,   35.025676,       44.84,
 139.288649,   35.025676,       44.77,
 139.293153,   35.025676,       44.71,
 139.297658,   35.025676,       44.65,
 139.302162,   35.025676,       44.59,
 139.306667,   35.025676,       44.55,
 139.311171,   35.025676,       44.53,
 139.315676,   35.025676,       44.50,
 139.320180,   35.025676,       44.49,
 139.324685,   35.025676,       44.49,
 139.329189,   35.025676,       44.52,
 139.333694,   35.025676,       44.61,
 139.338198,   35.025676,       44.70,
 139.342703,   35.025676,       44.80,
 139.347207,   35.025676,       44.90,
 139.351712,   35.025676,       45.00,
 139.356216,   35.025676,       45.12,
 139.360721,   35.025676,       45.29,
 139.365225,   35.025676,       45.50,
 139.369730,   35.025676,       45.77,
 139.374234,   35.025676,       46.09,
 139.378739,   35.025676,       46.44,
 139.383243,   35.025676,       46.80,
 139.387748,   35.025676,       47.16,
 139.392252,   35.025676,       47.52,
 139.396757,   35.025676,       47.87,
 139.401261,   35.025676,       48.22,
 139.405766,   35.025676,       48.60,
 139.410270,   35.025676,       49.01,
 139.414775,   35.025676,       49.41,
 139.419279,   35.025676,       49.76,
 139.423784,   35.025676,       50.10,
 139.428288,   35.025676,       50.44,
 139.432793,   35.025676,       50.80,
 139.437297,   35.025676,       51.16,
 139.441802,   35.025676,       51.50,
 139.446306,   35.025676,       51.76,
 139.450811,   35.025676,       52.07,
 139.455315,   35.025676,       52.40,
 139.459820,   35.025676,       52.73,
 139.464324,   35.025676,       53.07,
 139.468829,   35.025676,       53.43,
 139.473333,   35.025676,       53.78,
 139.477838,   35.025676,       54.12,
 139.482342,   35.025676,       54.41,
 139.486847,   35.025676,       54.61,
 139.491351,   35.025676,       54.78,
 139.495856,   35.025676,       54.95,
 139.500360,   35.025676,       55.12,
 139.504865,   35.025676,       55.26,
 139.509369,   35.025676,       55.41,
 139.513874,   35.025676,       55.64,
 139.518378,   35.025676,       55.95,
 139.522883,   35.025676,       56.26,
 139.527387,   35.025676,       56.56,
 139.531892,   35.025676,       56.87,
 139.536396,   35.025676,       57.19,
 139.540901,   35.025676,       57.76,
 139.545405,   35.025676,       58.47,
 139.549910,   35.025676,       59.22,
 139.554414,   35.025676,       60.00,
 139.558919,   35.025676,       60.82,
 139.563423,   35.025676,       61.61,
 139.567928,   35.025676,       62.35,
 139.572432,   35.025676,       63.19,
 139.576937,   35.025676,       64.08,
 139.581441,   35.025676,       65.00,
 139.585946,   35.025676,       65.96,
 139.590450,   35.025676,       66.79,
 139.594955,   35.025676,       67.47,
 139.599459,   35.025676,       67.96,
 139.603964,   35.025676,       68.41,
 139.608468,   35.025676,       68.83,
 139.612973,   35.025676,       69.16,
 139.617477,   35.025676,       69.34,
 139.621982,   35.025676,       69.38,
 139.626486,   35.025676,       69.31,
 139.630991,   35.025676,       69.52,
 139.635495,   35.025676,       70.00,
 139.640000,   35.025676,       70.50,
 139.644505,   35.025676,       71.06,
 139.649009,   35.025676,       71.69,
 139.653514,   35.025676,       72.07,
 139.658018,   35.025676,       72.24,
 139.662523,   35.025676,       72.51,
 139.667027,   35.025676,       72.78,
 139.671532,   35.025676,       73.12,
 139.676036,   35.025676,       73.59,
 139.680541,   35.025676,       74.15,
 139.685045,   35.025676,       74.59,
 139.689550,   35.025676,       74.90,
 139.694054,   35.025676,       75.13,
 139.698559,   35.025676,       75.34,
 139.703063,   35.025676,       75.48,
 139.707568,   35.025676,       75.47,
 139.712072,   35.025676,       75.39,
 139.716577,   35.025676,       75.40,
 139.721081,   35.025676,       75.55,
 139.725586,   35.025676,       75.40,
 139.730090,   35.025676,       74.95,
 139.734595,   35.025676,       74.54,
 139.739099,   35.025676,       74.17,
 139.743604,   35.025676,       73.90,
 139.748108,   35.025676,       73.42,
 139.752613,   35.025676,       72.82,
 139.757117,   35.025676,       72.18,
 139.761622,   35.025676,       71.17,
 139.766126,   35.025676,       69.95,
 139.770631,   35.025676,       68.75,
 139.775135,   35.025676,       67.37,
 139.779640,   35.025676,       65.86,
 139.784144,   35.025676,       64.49,
 139.788649,   35.025676,       63.27,
 139.793153,   35.025676,       62.33,
 139.797658,   35.025676,       61.88,
 139.802162,   35.025676,       61.94,
 139.806667,   35.025676,       62.59,
 139.811171,   35.025676,       63.63,
 139.815676,   35.025676,       65.19,
 139.820180,   35.025676,       66.59,
 139.824685,   35.025676,       67.41,
 139.829189,   35.025676,       68.23,
 139.833694,   35.025676,       69.61,
 139.838198,   35.025676,       71.33,
 139.842703,   35.025676,       73.48,
 139.847207,   35.025676,       76.06,
 139.851712,   35.025676,       78.79,
 139.856216,   35.025676,       80.91,
 139.860721,   35.025676,       81.81,
 139.865225,   35.025676,       82.18,
 139.869730,   35.025676,       82.13,
 139.874234,   35.025676,       81.76,
 139.878739,   35.025676,       81.17,
 139.883243,   35.025676,       80.42,
 139.887748,   35.025676,       79.52,
 139.892252,   35.025676,       78.53,
 139.896757,   35.025676,       77.46,
 139.901261,   35.025676,       76.33,
 139.905766,   35.025676,       75.13,
 139.910270,   35.025676,       73.86,
 139.914775,   35.025676,       72.50,
 139.919279,   35.025676,       71.08,
 139.923784,   35.025676,       69.62,
 139.928288,   35.025676,       68.12,
 139.932793,   35.025676,       66.59,
 139.937297,   35.025676,       65.04,
 139.941802,   35.025676,       63.48,
 139.946306,   35.025676,       61.90,
 139.950811,   35.025676,       60.32,
 139.955315,   35.025676,       58.73,
 139.959820,   35.025676,       57.13,
 139.964324,   35.025676,       55.52,
 139.968829,   35.025676,       53.91,
 139.973333,   35.025676,       52.30,
 139.977838,   35.025676,       50.68,
 139.982342,   35.025676,       49.06,
 139.986847,   35.025676,       47.30,
 139.991351,   35.025676,       45.42,
 139.995856,   35.025676,       44.95,
 140.000360,   35.025676,       44.96,
 140.004865,   35.025676,       44.96,
 140.009369,   35.025676,       44.96,
 140.013874,   35.025676,       44.94,
 140.018378,   35.025676,       44.91,
 140.022883,   35.025676,       44.87,
 140.027387,   35.025676,       44.81,
 140.031892,   35.025676,       44.76,
 140.036396,   35.025676,       44.70,
 140.040901,   35.025676,       44.64,
 140.045405,   35.025676,       44.60,
 140.049910,   35.025676,       44.57,
 140.054414,   35.025676,       44.57,
 140.058919,   35.025676,       44.57,
 140.063423,   35.025676,       44.57,
 140.067928,   35.025676,       44.59,
 140.072432,   35.025676,       44.61,
 140.076937,   35.025676,       44.59,
 140.081441,   35.025676,       44.58,
 140.085946,   35.025676,       44.56,
 140.090450,   35.025676,       44.51,
 140.094955,   35.025676,       44.47,
 140.099459,   35.025676,       44.42,
 140.103964,   35.025676,       44.36,
 140.108468,   35.025676,       44.31,
 140.112973,   35.025676,       44.25,
 140.117477,   35.025676,       44.19,
 140.121982,   35.025676,       44.13,
 140.126486,   35.025676,       44.07,
 140.130991,   35.025676,       44.00,
 140.135495,   35.025676,       43.92,
 140.140000,   35.025676,       43.84,
 140.144505,   35.025676,       43.76,
 140.149009,   35.025676,       43.64,
 140.153514,   35.025676,       43.52,
 140.158018,   35.025676,       43.39,
 140.162523,   35.025676,       43.23,
 140.167027,   35.025676,       43.06,
 140.171532,   35.025676,       42.91,
 140.176036,   35.025676,       42.75,
 140.180541,   35.025676,       42.61,
 140.185045,   35.025676,       42.51,
 140.189550,   35.025676,       42.40,
 140.194054,   35.025676,       42.29,
 140.198559,   35.025676,       42.20,
 140.203063,   35.025676,       42.13,
 140.207568,   35.025676,       42.05,
 140.212072,   35.025676,       41.98,
 140.216577,   35.025676,       41.91,
 140.221081,   35.025676,       41.82,
 140.225586,   35.025676,       41.74,
 140.230090,   35.025676,       41.67,
 140.234595,   35.025676,       41.59,
 140.239099,   35.025676,       41.52,
 140.243604,   35.025676,       41.45,
 140.248108,   35.025676,       41.34,
 140.252613,   35.025676,       41.20,
 140.257117,   35.025676,       41.05,
 140.261622,   35.025676,       40.91,
 140.266126,   35.025676,       40.77,
 140.270631,   35.025676,       40.62,
 140.275135,   35.025676,       40.51,
 140.279640,   35.025676,       40.43,
 140.284144,   35.025676,       40.33,
 140.288649,   35.025676,       40.22,
 140.293153,   35.025676,       40.10,
 140.297658,   35.025676,       39.96,
 140.302162,   35.025676,       39.81,
 140.306667,   35.025676,       39.70,
 140.311171,   35.025676,       39.69,
 140.315676,   35.025676,       39.71,
 140.320180,   35.025676,       39.75,
 140.324685,   35.025676,       39.78,
 140.329189,   35.025676,       39.82,
 140.333694,   35.025676,       39.86,
 140.338198,   35.025676,       39.90,
 140.342703,   35.025676,       39.97,
 140.347207,   35.025676,       40.06,
 140.351712,   35.025676,       40.19,
 140.356216,   35.025676,       40.33,
 140.360721,   35.025676,       40.48,
 140.365225,   35.025676,       40.64,
 140.369730,   35.025676,       40.81,
 140.374234,   35.025676,       41.00,
 140.378739,   35.025676,       41.19,
 140.383243,   35.025676,       41.40,
 140.387748,   35.025676,       41.61,
 139.140000,   35.030180,       48.06,
 139.144505,   35.030180,       48.58,
 139.149009,   35.030180,       49.03,
 139.153514,   35.030180,       49.40,
 139.158018,   35.030180,       49.68,
 139.162523,   35.030180,       49.69,
 139.167027,   35.030180,       49.27,
 139.171532,   35.030180,       48.89,
 139.176036,   35.030180,       48.53,
 139.180541,   35.030180,       48.21,
 139.185045,   35.030180,       47.92,
 139.189550,   35.030180,       47.66,
 139.194054,   35.030180,       47.44,
 139.198559,   35.030180,       47.24,
 139.203063,   35.030180,       47.00,
 139.207568,   35.030180,       46.84,
 139.212072,   35.030180,       46.75,
 139.216577,   35.030180,       46.69,
 139.221081,   35.030180,       46.62,
 139.225586,   35.030180,       46.54,
 139.230090,   35.030180,       46.47,
 139.234595,   35.030180,       46.36,
 139.239099,   35.030180,       46.18,
 139.243604,   35.030180,       45.97,
 139.248108,   35.030180,       45.77,
 139.252613,   35.030180,       45.58,
 139.257117,   35.030180,       45.40,
 139.261622,   35.030180,       45.22,
 139.266126,   35.030180,       45.05,
 139.270631,   35.030180,       44.93,
 139.275135,   35.030180,       44.82,
 139.279640,   35.030180,       44.72,
 139.284144,   35.030180,       44.62,
 139.288649,   35.030180,       44.54,
 139.293153,   35.030180,       44.46,
 139.297658,   35.030180,       44.40,
 139.302162,   35.030180,       44.35,
 139.306667,   35.030180,       44.31,
 139.311171,   35.030180,       44.27,
 139.315676,   35.030180,       44.24,
 139.320180,   35.030180,       44.21,
 139.324685,   35.030180,       44.18,
 139.329189,   35.030180,       44.15,
 139.333694,   35.030180,       44.21,
 139.338198,   35.030180,       44.31,
 139.342703,   35.030180,       44.41,
 139.347207,   35.030180,       44.51,
 139.351712,   35.030180,       44.61,
 139.356216,   35.030180,       44.71,
 139.360721,   35.030180,       44.83,
 139.365225,   35.030180,       45.00,
 139.369730,   35.030180,       45.26,
 139.374234,   35.030180,       45.59,
 139.378739,   35.030180,       45.94,
 139.383243,   35.030180,       46.29,
 139.387748,   35.030180,       46.64,
 139.392252,   35.030180,       46.99,
 139.396757,   35.030180,       47.33,
 139.401261,   35.030180,       47.68,
 139.405766,   35.030180,       48.06,
 139.410270,   35.030180,       48.47,
 139.414775,   35.030180,       48.91,
 139.419279,   35.030180,       49.34,
 139.423784,   35.030180,       49.76,
 139.428288,   35.030180,       50.17,
 139.432793,   35.030180,       50.60,
 139.437297,   35.030180,       51.05,
 139.441802,   35.030180,       51.51,
 139.446306,   35.030180,       51.86,
 139.450811,   35.030180,       52.15,
 139.455315,   35.030180,       52.44,
 139.459820,   35.030180,       52.76,
 139.464324,   35.030180,       53.08,
 139.468829,   35.030180,       53.41,
 139.473333,   35.030180,       53.73,
 139.477838,   35.030180,       54.04,
 139.482342,   35.030180,       54.36,
 139.486847,   35.030180,       54.63,
 139.491351,   35.030180,       54.87,
 139.495856,   35.030180,       55.10,
 139.500360,   35.030180,       55.34,
 139.504865,   35.030180,       55.55,
 139.509369,   35.030180,       55.74,
 139.513874,   35.030180,       55.99,
 139.518378,   35.030180,       56.27,
 139.522883,   35.030180,       56.54,
 139.527387,   35.030180,       56.82,
 139.531892,   35.030180,       57.09,
 139.536396,   35.030180,       57.41,
 139.540901,   35.030180,       57.95,
 139.545405,   35.030180,       58.67,
 139.549910,   35.030180,       59.48,
 139.554414,   35.030180,       60.31,
 139.558919,   35.030180,       61.19,
 139.563423,   35.030180,       62.10,
 139.567928,   35.030180,       62.96,
 139.572432,   35.030180,       63.78,
 139.576937,   35.030180,       64.66,
 139.581441,   35.030180,       65.62,
 139.585946,   35.030180,       66.65,
 139.590450,   35.030180,       67.68,
 139.594955,   35.030180,       68.51,
 139.599459,   35.030180,       69.01,
 139.603964,   35.030180,       69.35,
 139.608468,   35.030180,       69.70,
 139.612973,   35.030180,       70.11,
 139.617477,   35.030180,       70.49,
 139.621982,   35.030180,       70.78,
 139.626486,   35.030180,       70.86,
 139.630991,   35.030180,       71.11,
 139.635495,   35.030180,       71.47,
 139.640000,   35.030180,       71.88,
 139.644505,   35.030180,       72.37,
 139.649009,   35.030180,       72.92,
 139.653514,   35.030180,       73.19,
 139.658018,   35.030180,       73.38,
 139.662523,   35.030180,       73.67,
 139.667027,   35.030180,       74.05,
 139.671532,   35.030180,       74.49,
 139.676036,   35.030180,       74.94,
 139.680541,   35.030180,       75.38,
 139.685045,   35.030180,       75.59,
 139.689550,   35.030180,       75.77,
 139.694054,   35.030180,       76.05,
 139.698559,   35.030180,       76.48,
 139.703063,   35.030180,       76.65,
 139.707568,   35.030180,       76.36,
 139.712072,   35.030180,       76.16,
 139.716577,   35.030180,       76.05,
 139.721081,   35.030180,       75.98,
 139.725586,   35.030180,       75.77,
 139.730090,   35.030180,       75.47,
 139.734595,   35.030180,       75.10,
 139.739099,   35.030180,       74.72,
 139.743604,   35.030180,       74.19,
 139.748108,   35.030180,       73.59,
 139.752613,   35.030180,       72.98,
 139.757117,   35.030180,       72.25,
 139.761622,   35.030180,       71.09,
 139.766126,   35.030180,       69.84,
 139.770631,   35.030180,       68.44,
 139.775135,   35.030180,       66.93,
 139.779640,   35.030180,       65.36,
 139.784144,   35.030180,       63.45,
 139.788649,   35.030180,       62.02,
 139.793153,   35.030180,       61.12,
 139.797658,   35.030180,       61.00,
 139.802162,   35.030180,       61.29,
 139.806667,   35.030180,       61.78,
 139.811171,   35.030180,       63.10,
 139.815676,   35.030180,       65.23,
 139.820180,   35.030180,       67.10,
 139.824685,   35.030180,       68.33,
 139.829189,   35.030180,       69.31,
 139.833694,   35.030180,       70.55,
 139.838198,   35.030180,       72.26,
 139.842703,   35.030180,       74.91,
 139.847207,   35.030180,       78.73,
 139.851712,   35.030180,       82.89,
 139.856216,   35.030180,       83.69,
 139.860721,   35.030180,       84.30,
 139.865225,   35.030180,       84.59,
 139.869730,   35.030180,       84.51,
 139.874234,   35.030180,       84.13,
 139.878739,   35.030180,       83.54,
 139.883243,   35.030180,       82.78,
 139.887748,   35.030180,       81.88,
 139.892252,   35.030180,       80.88,
 139.896757,   35.030180,       79.78,
 139.901261,   35.030180,       78.56,
 139.905766,   35.030180,       77.22,
 139.910270,   35.030180,       75.79,
 139.914775,   35.030180,       74.31,
 139.919279,   35.030180,       72.78,
 139.923784,   35.030180,       71.23,
 139.928288,   35.030180,       69.67,
 139.932793,   35.030180,       68.08,
 139.937297,   35.030180,       66.49,
 139.941802,   35.030180,       64.90,
 139.946306,   35.030180,       63.31,
 139.950811,   35.030180,       61.72,
 139.955315,   35.030180,       60.13,
 139.959820,   35.030180,       58.55,
 139.964324,   35.030180,       56.97,
 139.968829,   35.030180,       55.41,
 139.973333,   35.030180,       53.87,
 139.977838,   35.030180,       52.33,
 139.982342,   35.030180,       50.81,
 139.986847,   35.030180,       49.26,
 139.991351,   35.030180,       47.59,
 139.995856,   35.030180,       45.70,
 140.000360,   35.030180,       44.96,
 140.004865,   35.030180,       44.96,
 140.009369,   35.030180,       44.96,
 140.013874,   35.030180,       44.95,
 140.018378,   35.030180,       44.92,
 140.022883,   35.030180,       44.89,
 140.027387,   35.030180,       44.85,
 140.031892,   35.030180,       44.79,
 140.036396,   35.030180,       44.74,
 140.040901,   35.030180,       44.69,
 140.045405,   35.030180,       44.65,
 140.049910,   35.030180,       44.62,
 140.054414,   35.030180,       44.62,
 140.058919,   35.030180,       44.62,
 140.063423,   35.030180,       44.63,
 140.067928,   35.030180,       44.65,
 140.072432,   35.030180,       44.67,
 140.076937,   35.030180,       44.69,
 140.081441,   35.030180,       44.68,
 140.085946,   35.030180,       44.68,
 140.090450,   35.030180,       44.66,
 140.094955,   35.030180,       44.62,
 140.099459,   35.030180,       44.60,
 140.103964,   35.030180,       44.56,
 140.108468,   35.030180,       44.52,
 140.112973,   35.030180,       44.48,
 140.117477,   35.030180,       44.43,
 140.121982,   35.030180,       44.39,
 140.126486,   35.030180,       44.33,
 140.130991,   35.030180,       44.26,
 140.135495,   35.030180,       44.19,
 140.140000,   35.030180,       44.12,
 140.144505,   35.030180,       44.03,
 140.149009,   35.030180,       43.89,
 140.153514,   35.030180,       43.74,
 140.158018,   35.030180,       43.58,
 140.162523,   35.030180,       43.42,
 140.167027,   35.030180,       43.25,
 140.171532,   35.030180,       43.08,
 140.176036,   35.030180,       42.91,
 140.180541,   35.030180,       42.74,
 140.185045,   35.030180,       42.59,
 140.189550,   35.030180,       42.47,
 140.194054,   35.030180,       42.34,
 140.198559,   35.030180,       42.23,
 140.203063,   35.030180,       42.15,
 140.207568,   35.030180,       42.06,
 140.212072,   35.030180,       41.98,
 140.216577,   35.030180,       41.90,
 140.221081,   35.030180,       41.81,
 140.225586,   35.030180,       41.71,
 140.230090,   35.030180,       41.62,
 140.234595,   35.030180,       41.53,
 140.239099,   35.030180,       41.44,
 140.243604,   35.030180,       41.36,
 140.248108,   35.030180,       41.23,
 140.252613,   35.030180,       41.09,
 140.257117,   35.030180,       40.95,
 140.261622,   35.030180,       40.80,
 140.266126,   35.030180,       40.66,
 140.270631,   35.030180,       40.53,
 140.275135,   35.030180,       40.42,
 140.279640,   35.030180,       40.31,
 140.284144,   35.030180,       40.21,
 140.288649,   35.030180,       40.09,
 140.293153,   35.030180,       39.96,
 140.297658,   35.030180,       39.83,
 140.302162,   35.030180,       39.70,
 140.306667,   35.030180,       39.68,
 140.311171,   35.030180,       39.71,
 140.315676,   35.030180,       39.75,
 140.320180,   35.030180,       39.78,
 140.324685,   35.030180,       39.82,
 140.329189,   35.030180,       39.86,
 140.333694,   35.030180,       39.90,
 140.338198,   35.030180,       39.96,
 140.342703,   35.030180,       40.08,
 140.347207,   35.030180,       40.20,
 140.351712,   35.030180,       40.34,
 140.356216,   35.030180,       40.49,
 140.360721,   35.030180,       40.65,
 140.365225,   35.030180,       40.82,
 140.369730,   35.030180,       41.00,
 140.374234,   35.030180,       41.19,
 140.378739,   35.030180,       41.39,
 140.383243,   35.030180,       41.60,
 140.387748,   35.030180,       41.82,
 139.140000,   35.034685,       47.14,
 139.144505,   35.034685,       47.73,
 139.149009,   35.034685,       48.23,
 139.153514,   35.034685,       48.65,
 139.158018,   35.034685,       48.99,
 139.162523,   35.034685,       49.25,
 139.167027,   35.034685,       49.43,
 139.171532,   35.034685,       49.30,
 139.176036,   35.034685,       48.92,
 139.180541,   35.034685,       48.58,
 139.185045,   35.034685,       48.28,
 139.189550,   35.034685,       48.00,
 139.194054,   35.034685,       47.75,
 139.198559,   35.034685,       47.52,
 139.203063,   35.034685,       47.27,
 139.207568,   35.034685,       47.06,
 139.212072,   35.034685,       46.93,
 139.216577,   35.034685,       46.84,
 139.221081,   35.034685,       46.75,
 139.225586,   35.034685,       46.65,
 139.230090,   35.034685,       46.55,
 139.234595,   35.034685,       46.40,
 139.239099,   35.034685,       46.16,
 139.243604,   35.034685,       45.94,
 139.248108,   35.034685,       45.73,
 139.252613,   35.034685,       45.53,
 139.257117,   35.034685,       45.33,
 139.261622,   35.034685,       45.14,
 139.266126,   35.034685,       44.94,
 139.270631,   35.034685,       44.79,
 139.275135,   35.034685,       44.65,
 139.279640,   35.034685,       44.53,
 139.284144,   35.034685,       44.40,
 139.288649,   35.034685,       44.29,
 139.293153,   35.034685,       44.21,
 139.297658,   35.034685,       44.15,
 139.302162,   35.034685,       44.09,
 139.306667,   35.034685,       44.04,
 139.311171,   35.034685,       43.99,
 139.315676,   35.034685,       43.95,
 139.320180,   35.034685,       43.90,
 139.324685,   35.034685,       43.85,
 139.329189,   35.034685,       43.81,
 139.333694,   35.034685,       43.83,
 139.338198,   35.034685,       43.91,
 139.342703,   35.034685,       44.01,
 139.347207,   35.034685,       44.11,
 139.351712,   35.034685,       44.21,
 139.356216,   35.034685,       44.31,
 139.360721,   35.034685,       44.41,
 139.365225,   35.034685,       44.51,
 139.369730,   35.034685,       44.74,
 139.374234,   35.034685,       45.09,
 139.378739,   35.034685,       45.45,
 139.383243,   35.034685,       45.80,
 139.387748,   35.034685,       46.14,
 139.392252,   35.034685,       46.47,
 139.396757,   35.034685,       46.80,
 139.401261,   35.034685,       47.14,
 139.405766,   35.034685,       47.52,
 139.410270,   35.034685,       47.92,
 139.414775,   35.034685,       48.36,
 139.419279,   35.034685,       48.83,
 139.423784,   35.034685,       49.32,
 139.428288,   35.034685,       49.80,
 139.432793,   35.034685,       50.28,
 139.437297,   35.034685,       50.76,
 139.441802,   35.034685,       51.25,
 139.446306,   35.034685,       51.73,
 139.450811,   35.034685,       52.05,
 139.455315,   35.034685,       52.36,
 139.459820,   35.034685,       52.68,
 139.464324,   35.034685,       53.01,
 139.468829,   35.034685,       53.33,
 139.473333,   35.034685,       53.64,
 139.477838,   35.034685,       53.96,
 139.482342,   35.034685,       54.28,
 139.486847,   35.034685,       54.60,
 139.491351,   35.034685,       54.90,
 139.495856,   35.034685,       55.19,
 139.500360,   35.034685,       55.49,
 139.504865,   35.034685,       55.80,
 139.509369,   35.034685,       56.06,
 139.513874,   35.034685,       56.30,
 139.518378,   35.034685,       56.54,
 139.522883,   35.034685,       56.79,
 139.527387,   35.034685,       57.03,
 139.531892,   35.034685,       57.28,
 139.536396,   35.034685,       57.60,
 139.540901,   35.034685,       58.10,
 139.545405,   35.034685,       58.79,
 139.549910,   35.034685,       59.63,
 139.554414,   35.034685,       60.50,
 139.558919,   35.034685,       61.39,
 139.563423,   35.034685,       62.30,
 139.567928,   35.034685,       63.21,
 139.572432,   35.034685,       64.12,
 139.576937,   35.034685,       65.04,
 139.581441,   35.034685,       66.04,
 139.585946,   35.034685,       67.11,
 139.590450,   35.034685,       68.27,
 139.594955,   35.034685,       69.51,
 139.599459,   35.034685,       69.83,
 139.603964,   35.034685,       70.04,
 139.608468,   35.034685,       70.37,
 139.612973,   35.034685,       70.83,
 139.617477,   35.034685,       71.37,
 139.621982,   35.034685,       71.95,
 139.626486,   35.034685,       72.35,
 139.630991,   35.034685,       72.43,
 139.635495,   35.034685,       72.55,
 139.640000,   35.034685,       72.81,
 139.644505,   35.034685,       73.15,
 139.649009,   35.034685,       73.45,
 139.653514,   35.034685,       73.77,
 139.658018,   35.034685,       74.15,
 139.662523,   35.034685,       74.54,
 139.667027,   35.034685,       75.01,
 139.671532,   35.034685,       75.64,
 139.676036,   35.034685,       76.26,
 139.680541,   35.034685,       76.23,
 139.685045,   35.034685,       76.14,
 139.689550,   35.034685,       76.18,
 139.694054,   35.034685,       76.38,
 139.698559,   35.034685,       76.74,
 139.703063,   35.034685,       76.93,
 139.707568,   35.034685,       76.78,
 139.712072,   35.034685,       76.62,
 139.716577,   35.034685,       76.45,
 139.721081,   35.034685,       76.23,
 139.725586,   35.034685,       76.03,
 139.730090,   35.034685,       75.82,
 139.734595,   35.034685,       75.55,
 139.739099,   35.034685,       75.04,
 139.743604,   35.034685,       74.43,
 139.748108,   35.034685,       73.82,
 139.752613,   35.034685,       73.15,
 139.757117,   35.034685,       72.24,
 139.761622,   35.034685,       71.12,
 139.766126,   35.034685,       69.83,
 139.770631,   35.034685,       68.28,
 139.775135,   35.034685,       66.70,
 139.779640,   35.034685,       64.81,
 139.784144,   35.034685,       62.21,
 139.788649,   35.034685,       59.90,
 139.793153,   35.034685,       59.33,
 139.797658,   35.034685,       59.86,
 139.802162,   35.034685,       60.36,
 139.806667,   35.034685,       61.35,
 139.811171,   35.034685,       63.16,
 139.815676,   35.034685,       65.32,
 139.820180,   35.034685,       67.49,
 139.824685,   35.034685,       69.27,
 139.829189,   35.034685,       70.55,
 139.833694,   35.034685,       71.73,
 139.838198,   35.034685,       73.87,
 139.842703,   35.034685,       78.24,
 139.847207,   35.034685,       83.83,
 139.851712,   35.034685,       86.20,
 139.856216,   35.034685,       86.73,
 139.860721,   35.034685,       87.08,
 139.865225,   35.034685,       87.24,
 139.869730,   35.034685,       87.09,
 139.874234,   35.034685,       86.68,
 139.878739,   35.034685,       86.07,
 139.883243,   35.034685,       85.29,
 139.887748,   35.034685,       84.38,
 139.892252,   35.034685,       83.28,
 139.896757,   35.034685,       81.97,
 139.901261,   35.034685,       80.53,
 139.905766,   35.034685,       79.03,
 139.910270,   35.034685,       77.47,
 139.914775,   35.034685,       75.88,
 139.919279,   35.034685,       74.27,
 139.923784,   35.034685,       72.64,
 139.928288,   35.034685,       71.00,
 139.932793,   35.034685,       69.37,
 139.937297,   35.034685,       67.73,
 139.941802,   35.034685,       66.11,
 139.946306,   35.034685,       64.50,
 139.950811,   35.034685,       62.90,
 139.955315,   35.034685,       61.31,
 139.959820,   35.034685,       59.74,
 139.964324,   35.034685,       58.20,
 139.968829,   35.034685,       56.67,
 139.973333,   35.034685,       55.18,
 139.977838,   35.034685,       53.70,
 139.982342,   35.034685,       52.25,
 139.986847,   35.034685,       50.80,
 139.991351,   35.034685,       49.29,
 139.995856,   35.034685,       47.73,
 140.000360,   35.034685,       46.11,
 140.004865,   35.034685,       44.96,
 140.009369,   35.034685,       44.96,
 140.013874,   35.034685,       44.95,
 140.018378,   35.034685,       44.93,
 140.022883,   35.034685,       44.90,
 140.027387,   35.034685,       44.87,
 140.031892,   35.034685,       44.83,
 140.036396,   35.034685,       44.78,
 140.040901,   35.034685,       44.73,
 140.045405,   35.034685,       44.69,
 140.049910,   35.034685,       44.67,
 140.054414,   35.034685,       44.65,
 140.058919,   35.034685,       44.66,
 140.063423,   35.034685,       44.67,
 140.067928,   35.034685,       44.70,
 140.072432,   35.034685,       44.72,
 140.076937,   35.034685,       44.75,
 140.081441,   35.034685,       44.76,
 140.085946,   35.034685,       44.76,
 140.090450,   35.034685,       44.79,
 140.094955,   35.034685,       44.76,
 140.099459,   35.034685,       44.75,
 140.103964,   35.034685,       44.73,
 140.108468,   35.034685,       44.69,
 140.112973,   35.034685,       44.66,
 140.117477,   35.034685,       44.62,
 140.121982,   35.034685,       44.58,
 140.126486,   35.034685,       44.53,
 140.130991,   35.034685,       44.48,
 140.135495,   35.034685,       44.45,
 140.140000,   35.034685,       44.33,
 140.144505,   35.034685,       44.20,
 140.149009,   35.034685,       44.08,
 140.153514,   35.034685,       43.93,
 140.158018,   35.034685,       43.74,
 140.162523,   35.034685,       43.57,
 140.167027,   35.034685,       43.40,
 140.171532,   35.034685,       43.22,
 140.176036,   35.034685,       43.04,
 140.180541,   35.034685,       42.86,
 140.185045,   35.034685,       42.71,
 140.189550,   35.034685,       42.56,
 140.194054,   35.034685,       42.42,
 140.198559,   35.034685,       42.27,
 140.203063,   35.034685,       42.17,
 140.207568,   35.034685,       42.07,
 140.212072,   35.034685,       41.98,
 140.216577,   35.034685,       41.89,
 140.221081,   35.034685,       41.79,
 140.225586,   35.034685,       41.70,
 140.230090,   35.034685,       41.59,
 140.234595,   35.034685,       41.49,
 140.239099,   35.034685,       41.38,
 140.243604,   35.034685,       41.28,
 140.248108,   35.034685,       41.13,
 140.252613,   35.034685,       40.99,
 140.257117,   35.034685,       40.84,
 140.261622,   35.034685,       40.70,
 140.266126,   35.034685,       40.56,
 140.270631,   35.034685,       40.44,
 140.275135,   35.034685,       40.33,
 140.279640,   35.034685,       40.22,
 140.284144,   35.034685,       40.10,
 140.288649,   35.034685,       39.98,
 140.293153,   35.034685,       39.87,
 140.297658,   35.034685,       39.78,
 140.302162,   35.034685,       39.72,
 140.306667,   35.034685,       39.72,
 140.311171,   35.034685,       39.74,
 140.315676,   35.034685,       39.78,
 140.320180,   35.034685,       39.81,
 140.324685,   35.034685,       39.84,
 140.329189,   35.034685,       39.88,
 140.333694,   35.034685,       39.93,
 140.338198,   35.034685,       40.09,
 140.342703,   35.034685,       40.21,
 140.347207,   35.034685,       40.34,
 140.351712,   35.034685,       40.49,
 140.356216,   35.034685,       40.64,
 140.360721,   35.034685,       40.81,
 140.365225,   35.034685,       40.98,
 140.369730,   35.034685,       41.17,
 140.374234,   35.034685,       41.37,
 140.378739,   35.034685,       41.58,
 140.383243,   35.034685,       41.79,
 140.387748,   35.034685,       41.98,
 139.140000,   35.039189,       46.31,
 139.144505,   35.039189,       46.95,
 139.149009,   35.039189,       47.51,
 139.153514,   35.039189,       47.98,
 139.158018,   35.039189,       48.38,
 139.162523,   35.039189,       48.69,
 139.167027,   35.039189,       48.92,
 139.171532,   35.039189,       49.07,
 139.176036,   35.039189,       49.15,
 139.180541,   35.039189,       48.93,
 139.185045,   35.039189,       48.60,
 139.189550,   35.039189,       48.30,
 139.194054,   35.039189,       48.04,
 139.198559,   35.039189,       47.79,
 139.203063,   35.039189,       47.53,
 139.207568,   35.039189,       47.30,
 139.212072,   35.039189,       47.14,
 139.216577,   35.039189,       47.02,
 139.221081,   35.039189,       46.90,
 139.225586,   35.039189,       46.78,
 139.230090,   35.039189,       46.65,
 139.234595,   35.039189,       46.38,
 139.239099,   35.039189,       46.13,
 139.243604,   35.039189,       45.89,
 139.248108,   35.039189,       45.67,
 139.252613,   35.039189,       45.45,
 139.257117,   35.039189,       45.25,
 139.261622,   35.039189,       45.05,
 139.266126,   35.039189,       44.85,
 139.270631,   35.039189,       44.67,
 139.275135,   35.039189,       44.51,
 139.279640,   35.039189,       44.36,
 139.284144,   35.039189,       44.21,
 139.288649,   35.039189,       44.06,
 139.293153,   35.039189,       43.95,
 139.297658,   35.039189,       43.89,
 139.302162,   35.039189,       43.83,
 139.306667,   35.039189,       43.76,
 139.311171,   35.039189,       43.70,
 139.315676,   35.039189,       43.63,
 139.320180,   35.039189,       43.57,
 139.324685,   35.039189,       43.50,
 139.329189,   35.039189,       43.45,
 139.333694,   35.039189,       43.46,
 139.338198,   35.039189,       43.52,
 139.342703,   35.039189,       43.62,
 139.347207,   35.039189,       43.72,
 139.351712,   35.039189,       43.83,
 139.356216,   35.039189,       43.93,
 139.360721,   35.039189,       44.03,
 139.365225,   35.039189,       44.14,
 139.369730,   35.039189,       44.31,
 139.374234,   35.039189,       44.64,
 139.378739,   35.039189,       44.98,
 139.383243,   35.039189,       45.32,
 139.387748,   35.039189,       45.65,
 139.392252,   35.039189,       45.98,
 139.396757,   35.039189,       46.29,
 139.401261,   35.039189,       46.61,
 139.405766,   35.039189,       46.97,
 139.410270,   35.039189,       47.37,
 139.414775,   35.039189,       47.82,
 139.419279,   35.039189,       48.32,
 139.423784,   35.039189,       48.84,
 139.428288,   35.039189,       49.35,
 139.432793,   35.039189,       49.86,
 139.437297,   35.039189,       50.38,
 139.441802,   35.039189,       50.91,
 139.446306,   35.039189,       51.42,
 139.450811,   35.039189,       51.82,
 139.455315,   35.039189,       52.17,
 139.459820,   35.039189,       52.52,
 139.464324,   35.039189,       52.87,
 139.468829,   35.039189,       53.22,
 139.473333,   35.039189,       53.55,
 139.477838,   35.039189,       53.87,
 139.482342,   35.039189,       54.20,
 139.486847,   35.039189,       54.54,
 139.491351,   35.039189,       54.89,
 139.495856,   35.039189,       55.23,
 139.500360,   35.039189,       55.57,
 139.504865,   35.039189,       55.92,
 139.509369,   35.039189,       56.26,
 139.513874,   35.039189,       56.50,
 139.518378,   35.039189,       56.72,
 139.522883,   35.039189,       56.96,
 139.527387,   35.039189,       57.20,
 139.531892,   35.039189,       57.44,
 139.536396,   35.039189,       57.74,
 139.540901,   35.039189,       58.20,
 139.545405,   35.039189,       58.86,
 139.549910,   35.039189,       59.71,
 139.554414,   35.039189,       60.58,
 139.558919,   35.039189,       61.45,
 139.563423,   35.039189,       62.33,
 139.567928,   35.039189,       63.25,
 139.572432,   35.039189,       64.22,
 139.576937,   35.039189,       65.22,
 139.581441,   35.039189,       66.25,
 139.585946,   35.039189,       67.33,
 139.590450,   35.039189,       68.43,
 139.594955,   35.039189,       69.44,
 139.599459,   35.039189,       70.12,
 139.603964,   35.039189,       70.48,
 139.608468,   35.039189,       70.84,
 139.612973,   35.039189,       71.32,
 139.617477,   35.039189,       71.87,
 139.621982,   35.039189,       72.48,
 139.626486,   35.039189,       72.94,
 139.630991,   35.039189,       73.03,
 139.635495,   35.039189,       73.13,
 139.640000,   35.039189,       73.35,
 139.644505,   35.039189,       73.64,
 139.649009,   35.039189,       73.90,
 139.653514,   35.039189,       74.25,
 139.658018,   35.039189,       74.63,
 139.662523,   35.039189,       74.95,
 139.667027,   35.039189,       75.35,
 139.671532,   35.039189,       75.86,
 139.676036,   35.039189,       76.19,
 139.680541,   35.039189,       76.18,
 139.685045,   35.039189,       76.14,
 139.689550,   35.039189,       76.20,
 139.694054,   35.039189,       76.34,
 139.698559,   35.039189,       76.48,
 139.703063,   35.039189,       76.56,
 139.707568,   35.039189,       76.64,
 139.712072,   35.039189,       76.66,
 139.716577,   35.039189,       76.64,
 139.721081,   35.039189,       76.46,
 139.725586,   35.039189,       76.20,
 139.730090,   35.039189,       75.95,
 139.734595,   35.039189,       75.67,
 139.739099,   35.039189,       75.08,
 139.743604,   35.039189,       74.49,
 139.748108,   35.039189,       73.98,
 139.752613,   35.039189,       73.33,
 139.757117,   35.039189,       72.30,
 139.761622,   35.039189,       71.25,
 139.766126,   35.039189,       69.95,
 139.770631,   35.039189,       68.30,
 139.775135,   35.039189,       66.58,
 139.779640,   35.039189,       64.41,
 139.784144,   35.039189,       61.81,
 139.788649,   35.039189,       58.83,
 139.793153,   35.039189,       58.53,
 139.797658,   35.039189,       59.08,
 139.802162,   35.039189,       60.10,
 139.806667,   35.039189,       61.63,
 139.811171,   35.039189,       63.32,
 139.815676,   35.039189,       65.44,
 139.820180,   35.039189,       67.80,
 139.824685,   35.039189,       70.28,
 139.829189,   35.039189,       72.15,
 139.833694,   35.039189,       73.44,
 139.838198,   35.039189,       77.26,
 139.842703,   35.039189,       83.28,
 139.847207,   35.039189,       88.43,
 139.851712,   35.039189,       89.68,
 139.856216,   35.039189,       90.00,
 139.860721,   35.039189,       90.13,
 139.865225,   35.039189,       90.12,
 139.869730,   35.039189,       89.87,
 139.874234,   35.039189,       89.41,
 139.878739,   35.039189,       88.75,
 139.883243,   35.039189,       87.91,
 139.887748,   35.039189,       86.75,
 139.892252,   35.039189,       85.37,
 139.896757,   35.039189,       83.84,
 139.901261,   35.039189,       82.24,
 139.905766,   35.039189,       80.59,
 139.910270,   35.039189,       78.92,
 139.914775,   35.039189,       77.22,
 139.919279,   35.039189,       75.52,
 139.923784,   35.039189,       73.82,
 139.928288,   35.039189,       72.12,
 139.932793,   35.039189,       70.44,
 139.937297,   35.039189,       68.77,
 139.941802,   35.039189,       67.12,
 139.946306,   35.039189,       65.49,
 139.950811,   35.039189,       63.89,
 139.955315,   35.039189,       62.31,
 139.959820,   35.039189,       60.75,
 139.964324,   35.039189,       59.23,
 139.968829,   35.039189,       57.73,
 139.973333,   35.039189,       56.27,
 139.977838,   35.039189,       54.83,
 139.982342,   35.039189,       53.42,
 139.986847,   35.039189,       52.03,
 139.991351,   35.039189,       50.62,
 139.995856,   35.039189,       49.19,
 140.000360,   35.039189,       47.77,
 140.004865,   35.039189,       46.41,
 140.009369,   35.039189,       45.19,
 140.013874,   35.039189,       44.94,
 140.018378,   35.039189,       44.93,
 140.022883,   35.039189,       44.91,
 140.027387,   35.039189,       44.88,
 140.031892,   35.039189,       44.86,
 140.036396,   35.039189,       44.82,
 140.040901,   35.039189,       44.77,
 140.045405,   35.039189,       44.72,
 140.049910,   35.039189,       44.69,
 140.054414,   35.039189,       44.67,
 140.058919,   35.039189,       44.67,
 140.063423,   35.039189,       44.69,
 140.067928,   35.039189,       44.71,
 140.072432,   35.039189,       44.73,
 140.076937,   35.039189,       44.76,
 140.081441,   35.039189,       44.78,
 140.085946,   35.039189,       44.80,
 140.090450,   35.039189,       44.82,
 140.094955,   35.039189,       44.84,
 140.099459,   35.039189,       44.84,
 140.103964,   35.039189,       44.84,
 140.108468,   35.039189,       44.82,
 140.112973,   35.039189,       44.81,
 140.117477,   35.039189,       44.76,
 140.121982,   35.039189,       44.71,
 140.126486,   35.039189,       44.66,
 140.130991,   35.039189,       44.61,
 140.135495,   35.039189,       44.55,
 140.140000,   35.039189,       44.44,
 140.144505,   35.039189,       44.32,
 140.149009,   35.039189,       44.22,
 140.153514,   35.039189,       44.07,
 140.158018,   35.039189,       43.87,
 140.162523,   35.039189,       43.68,
 140.167027,   35.039189,       43.50,
 140.171532,   35.039189,       43.32,
 140.176036,   35.039189,       43.15,
 140.180541,   35.039189,       42.97,
 140.185045,   35.039189,       42.81,
 140.189550,   35.039189,       42.65,
 140.194054,   35.039189,       42.49,
 140.198559,   35.039189,       42.33,
 140.203063,   35.039189,       42.20,
 140.207568,   35.039189,       42.09,
 140.212072,   35.039189,       41.99,
 140.216577,   35.039189,       41.88,
 140.221081,   35.039189,       41.78,
 140.225586,   35.039189,       41.67,
 140.230090,   35.039189,       41.56,
 140.234595,   35.039189,       41.44,
 140.239099,   35.039189,       41.33,
 140.243604,   35.039189,       41.20,
 140.248108,   35.039189,       41.05,
 140.252613,   35.039189,       40.89,
 140.257117,   35.039189,       40.74,
 140.261622,   35.039189,       40.59,
 140.266126,   35.039189,       40.47,
 140.270631,   35.039189,       40.35,
 140.275135,   35.039189,       40.25,
 140.279640,   35.039189,       40.14,
 140.284144,   35.039189,       40.02,
 140.288649,   35.039189,       39.91,
 140.293153,   35.039189,       39.83,
 140.297658,   35.039189,       39.78,
 140.302162,   35.039189,       39.76,
 140.306667,   35.039189,       39.76,
 140.311171,   35.039189,       39.78,
 140.315676,   35.039189,       39.81,
 140.320180,   35.039189,       39.84,
 140.324685,   35.039189,       39.86,
 140.329189,   35.039189,       39.89,
 140.333694,   35.039189,       39.96,
 140.338198,   35.039189,       40.14,
 140.342703,   35.039189,       40.33,
 140.347207,   35.039189,       40.47,
 140.351712,   35.039189,       40.62,
 140.356216,   35.039189,       40.78,
 140.360721,   35.039189,       40.96,
 140.365225,   35.039189,       41.14,
 140.369730,   35.039189,       41.33,
 140.374234,   35.039189,       41.54,
 140.378739,   35.039189,       41.73,
 140.383243,   35.039189,       41.79,
 140.387748,   35.039189,       41.83,
 139.140000,   35.043694,       46.77,
 139.144505,   35.043694,       46.69,
 139.149009,   35.043694,       46.86,
 139.153514,   35.043694,       47.39,
 139.158018,   35.043694,       47.84,
 139.162523,   35.043694,       48.21,
 139.167027,   35.043694,       48.50,
 139.171532,   35.043694,       48.71,
 139.176036,   35.043694,       48.83,
 139.180541,   35.043694,       48.88,
 139.185045,   35.043694,       48.84,
 139.189550,   35.043694,       48.58,
 139.194054,   35.043694,       48.31,
 139.198559,   35.043694,       48.05,
 139.203063,   35.043694,       47.80,
 139.207568,   35.043694,       47.55,
 139.212072,   35.043694,       47.35,
 139.216577,   35.043694,       47.21,
 139.221081,   35.043694,       47.07,
 139.225586,   35.043694,       46.93,
 139.230090,   35.043694,       46.69,
 139.234595,   35.043694,       46.38,
 139.239099,   35.043694,       46.10,
 139.243604,   35.043694,       45.84,
 139.248108,   35.043694,       45.59,
 139.252613,   35.043694,       45.37,
 139.257117,   35.043694,       45.16,
 139.261622,   35.043694,       44.96,
 139.266126,   35.043694,       44.76,
 139.270631,   35.043694,       44.57,
 139.275135,   35.043694,       44.38,
 139.279640,   35.043694,       44.21,
 139.284144,   35.043694,       44.04,
 139.288649,   35.043694,       43.87,
 139.293153,   35.043694,       43.71,
 139.297658,   35.043694,       43.62,
 139.302162,   35.043694,       43.54,
 139.306667,   35.043694,       43.46,
 139.311171,   35.043694,       43.38,
 139.315676,   35.043694,       43.30,
 139.320180,   35.043694,       43.22,
 139.324685,   35.043694,       43.14,
 139.329189,   35.043694,       43.08,
 139.333694,   35.043694,       43.08,
 139.338198,   35.043694,       43.13,
 139.342703,   35.043694,       43.23,
 139.347207,   35.043694,       43.34,
 139.351712,   35.043694,       43.45,
 139.356216,   35.043694,       43.57,
 139.360721,   35.043694,       43.68,
 139.365225,   35.043694,       43.81,
 139.369730,   35.043694,       43.99,
 139.374234,   35.043694,       44.24,
 139.378739,   35.043694,       44.56,
 139.383243,   35.043694,       44.88,
 139.387748,   35.043694,       45.20,
 139.392252,   35.043694,       45.51,
 139.396757,   35.043694,       45.81,
 139.401261,   35.043694,       46.10,
 139.405766,   35.043694,       46.42,
 139.410270,   35.043694,       46.81,
 139.414775,   35.043694,       47.30,
 139.419279,   35.043694,       47.84,
 139.423784,   35.043694,       48.39,
 139.428288,   35.043694,       48.93,
 139.432793,   35.043694,       49.48,
 139.437297,   35.043694,       50.04,
 139.441802,   35.043694,       50.60,
 139.446306,   35.043694,       51.12,
 139.450811,   35.043694,       51.56,
 139.455315,   35.043694,       51.95,
 139.459820,   35.043694,       52.32,
 139.464324,   35.043694,       52.70,
 139.468829,   35.043694,       53.08,
 139.473333,   35.043694,       53.45,
 139.477838,   35.043694,       53.78,
 139.482342,   35.043694,       54.12,
 139.486847,   35.043694,       54.49,
 139.491351,   35.043694,       54.85,
 139.495856,   35.043694,       55.21,
 139.500360,   35.043694,       55.57,
 139.504865,   35.043694,       55.93,
 139.509369,   35.043694,       56.27,
 139.513874,   35.043694,       56.56,
 139.518378,   35.043694,       56.81,
 139.522883,   35.043694,       57.06,
 139.527387,   35.043694,       57.31,
 139.531892,   35.043694,       57.57,
 139.536396,   35.043694,       57.85,
 139.540901,   35.043694,       58.26,
 139.545405,   35.043694,       58.89,
 139.549910,   35.043694,       59.73,
 139.554414,   35.043694,       60.59,
 139.558919,   35.043694,       61.46,
 139.563423,   35.043694,       62.34,
 139.567928,   35.043694,       63.25,
 139.572432,   35.043694,       64.21,
 139.576937,   35.043694,       65.22,
 139.581441,   35.043694,       66.28,
 139.585946,   35.043694,       67.31,
 139.590450,   35.043694,       68.30,
 139.594955,   35.043694,       69.24,
 139.599459,   35.043694,       70.05,
 139.603964,   35.043694,       70.66,
 139.608468,   35.043694,       71.13,
 139.612973,   35.043694,       71.58,
 139.617477,   35.043694,       72.02,
 139.621982,   35.043694,       72.42,
 139.626486,   35.043694,       72.71,
 139.630991,   35.043694,       72.98,
 139.635495,   35.043694,       73.24,
 139.640000,   35.043694,       73.53,
 139.644505,   35.043694,       73.87,
 139.649009,   35.043694,       74.26,
 139.653514,   35.043694,       74.61,
 139.658018,   35.043694,       74.77,
 139.662523,   35.043694,       74.93,
 139.667027,   35.043694,       75.14,
 139.671532,   35.043694,       75.35,
 139.676036,   35.043694,       75.48,
 139.680541,   35.043694,       75.63,
 139.685045,   35.043694,       75.76,
 139.689550,   35.043694,       75.88,
 139.694054,   35.043694,       76.01,
 139.698559,   35.043694,       76.09,
 139.703063,   35.043694,       76.16,
 139.707568,   35.043694,       76.24,
 139.712072,   35.043694,       76.33,
 139.716577,   35.043694,       76.47,
 139.721081,   35.043694,       76.39,
 139.725586,   35.043694,       76.00,
 139.730090,   35.043694,       75.69,
 139.734595,   35.043694,       75.36,
 139.739099,   35.043694,       74.88,
 139.743604,   35.043694,       74.35,
 139.748108,   35.043694,       73.84,
 139.752613,   35.043694,       73.25,
 139.757117,   35.043694,       72.38,
 139.761622,   35.043694,       71.41,
 139.766126,   35.043694,       70.25,
 139.770631,   35.043694,       68.57,
 139.775135,   35.043694,       66.80,
 139.779640,   35.043694,       64.63,
 139.784144,   35.043694,       62.18,
 139.788649,   35.043694,       60.21,
 139.793153,   35.043694,       59.28,
 139.797658,   35.043694,       59.09,
 139.802162,   35.043694,       60.19,
 139.806667,   35.043694,       61.65,
 139.811171,   35.043694,       63.40,
 139.815676,   35.043694,       65.67,
 139.820180,   35.043694,       68.22,
 139.824685,   35.043694,       70.97,
 139.829189,   35.043694,       73.52,
 139.833694,   35.043694,       75.72,
 139.838198,   35.043694,       82.18,
 139.842703,   35.043694,       88.73,
 139.847207,   35.043694,       92.46,
 139.851712,   35.043694,       93.32,
 139.856216,   35.043694,       93.46,
 139.860721,   35.043694,       93.43,
 139.865225,   35.043694,       93.21,
 139.869730,   35.043694,       92.85,
 139.874234,   35.043694,       92.30,
 139.878739,   35.043694,       91.48,
 139.883243,   35.043694,       90.24,
 139.887748,   35.043694,       88.76,
 139.892252,   35.043694,       87.15,
 139.896757,   35.043694,       85.45,
 139.901261,   35.043694,       83.69,
 139.905766,   35.043694,       81.91,
 139.910270,   35.043694,       80.12,
 139.914775,   35.043694,       78.33,
 139.919279,   35.043694,       76.55,
 139.923784,   35.043694,       74.79,
 139.928288,   35.043694,       73.05,
 139.932793,   35.043694,       71.33,
 139.937297,   35.043694,       69.64,
 139.941802,   35.043694,       67.98,
 139.946306,   35.043694,       66.34,
 139.950811,   35.043694,       64.74,
 139.955315,   35.043694,       63.16,
 139.959820,   35.043694,       61.62,
 139.964324,   35.043694,       60.11,
 139.968829,   35.043694,       58.63,
 139.973333,   35.043694,       57.19,
 139.977838,   35.043694,       55.78,
 139.982342,   35.043694,       54.41,
 139.986847,   35.043694,       53.05,
 139.991351,   35.043694,       51.70,
 139.995856,   35.043694,       50.35,
 140.000360,   35.043694,       49.02,
 140.004865,   35.043694,       47.73,
 140.009369,   35.043694,       46.56,
 140.013874,   35.043694,       45.56,
 140.018378,   35.043694,       44.96,
 140.022883,   35.043694,       44.90,
 140.027387,   35.043694,       44.88,
 140.031892,   35.043694,       44.87,
 140.036396,   35.043694,       44.86,
 140.040901,   35.043694,       44.80,
 140.045405,   35.043694,       44.74,
 140.049910,   35.043694,       44.70,
 140.054414,   35.043694,       44.69,
 140.058919,   35.043694,       44.68,
 140.063423,   35.043694,       44.69,
 140.067928,   35.043694,       44.71,
 140.072432,   35.043694,       44.73,
 140.076937,   35.043694,       44.75,
 140.081441,   35.043694,       44.77,
 140.085946,   35.043694,       44.80,
 140.090450,   35.043694,       44.82,
 140.094955,   35.043694,       44.86,
 140.099459,   35.043694,       44.88,
 140.103964,   35.043694,       44.89,
 140.108468,   35.043694,       44.89,
 140.112973,   35.043694,       44.85,
 140.117477,   35.043694,       44.82,
 140.121982,   35.043694,       44.79,
 140.126486,   35.043694,       44.75,
 140.130991,   35.043694,       44.67,
 140.135495,   35.043694,       44.60,
 140.140000,   35.043694,       44.51,
 140.144505,   35.043694,       44.39,
 140.149009,   35.043694,       44.26,
 140.153514,   35.043694,       44.12,
 140.158018,   35.043694,       43.95,
 140.162523,   35.043694,       43.77,
 140.167027,   35.043694,       43.59,
 140.171532,   35.043694,       43.40,
 140.176036,   35.043694,       43.22,
 140.180541,   35.043694,       43.04,
 140.185045,   35.043694,       42.87,
 140.189550,   35.043694,       42.71,
 140.194054,   35.043694,       42.54,
 140.198559,   35.043694,       42.39,
 140.203063,   35.043694,       42.25,
 140.207568,   35.043694,       42.12,
 140.212072,   35.043694,       42.00,
 140.216577,   35.043694,       41.88,
 140.221081,   35.043694,       41.77,
 140.225586,   35.043694,       41.65,
 140.230090,   35.043694,       41.52,
 140.234595,   35.043694,       41.39,
 140.239099,   35.043694,       41.26,
 140.243604,   35.043694,       41.12,
 140.248108,   35.043694,       40.97,
 140.252613,   35.043694,       40.81,
 140.257117,   35.043694,       40.66,
 140.261622,   35.043694,       40.49,
 140.266126,   35.043694,       40.39,
 140.270631,   35.043694,       40.29,
 140.275135,   35.043694,       40.18,
 140.279640,   35.043694,       40.06,
 140.284144,   35.043694,       39.94,
 140.288649,   35.043694,       39.84,
 140.293153,   35.043694,       39.83,
 140.297658,   35.043694,       39.83,
 140.302162,   35.043694,       39.85,
 140.306667,   35.043694,       39.84,
 140.311171,   35.043694,       39.82,
 140.315676,   35.043694,       39.83,
 140.320180,   35.043694,       39.86,
 140.324685,   35.043694,       39.88,
 140.329189,   35.043694,       39.90,
 140.333694,   35.043694,       39.99,
 140.338198,   35.043694,       40.18,
 140.342703,   35.043694,       40.43,
 140.347207,   35.043694,       40.59,
 140.351712,   35.043694,       40.75,
 140.356216,   35.043694,       40.91,
 140.360721,   35.043694,       41.09,
 140.365225,   35.043694,       41.28,
 140.369730,   35.043694,       41.47,
 140.374234,   35.043694,       41.56,
 140.378739,   35.043694,       41.63,
 140.383243,   35.043694,       41.67,
 140.387748,   35.043694,       41.69,
 139.140000,   35.048198,       48.09,
 139.144505,   35.048198,       47.67,
 139.149009,   35.048198,       47.32,
 139.153514,   35.048198,       47.19,
 139.158018,   35.048198,       47.39,
 139.162523,   35.048198,       47.81,
 139.167027,   35.048198,       48.16,
 139.171532,   35.048198,       48.42,
 139.176036,   35.048198,       48.60,
 139.180541,   35.048198,       48.70,
 139.185045,   35.048198,       48.72,
 139.189550,   35.048198,       48.67,
 139.194054,   35.048198,       48.53,
 139.198559,   35.048198,       48.30,
 139.203063,   35.048198,       48.05,
 139.207568,   35.048198,       47.80,
 139.212072,   35.048198,       47.56,
 139.216577,   35.048198,       47.37,
 139.221081,   35.048198,       47.20,
 139.225586,   35.048198,       47.03,
 139.230090,   35.048198,       46.73,
 139.234595,   35.048198,       46.38,
 139.239099,   35.048198,       46.07,
 139.243604,   35.048198,       45.78,
 139.248108,   35.048198,       45.51,
 139.252613,   35.048198,       45.27,
 139.257117,   35.048198,       45.06,
 139.261622,   35.048198,       44.86,
 139.266126,   35.048198,       44.66,
 139.270631,   35.048198,       44.46,
 139.275135,   35.048198,       44.26,
 139.279640,   35.048198,       44.07,
 139.284144,   35.048198,       43.88,
 139.288649,   35.048198,       43.70,
 139.293153,   35.048198,       43.52,
 139.297658,   35.048198,       43.36,
 139.302162,   35.048198,       43.27,
 139.306667,   35.048198,       43.17,
 139.311171,   35.048198,       43.07,
 139.315676,   35.048198,       42.97,
 139.320180,   35.048198,       42.87,
 139.324685,   35.048198,       42.77,
 139.329189,   35.048198,       42.71,
 139.333694,   35.048198,       42.70,
 139.338198,   35.048198,       42.75,
 139.342703,   35.048198,       42.85,
 139.347207,   35.048198,       42.97,
 139.351712,   35.048198,       43.09,
 139.356216,   35.048198,       43.21,
 139.360721,   35.048198,       43.34,
 139.365225,   35.048198,       43.48,
 139.369730,   35.048198,       43.66,
 139.374234,   35.048198,       43.89,
 139.378739,   35.048198,       44.16,
 139.383243,   35.048198,       44.46,
 139.387748,   35.048198,       44.76,
 139.392252,   35.048198,       45.06,
 139.396757,   35.048198,       45.35,
 139.401261,   35.048198,       45.63,
 139.405766,   35.048198,       45.90,
 139.410270,   35.048198,       46.25,
 139.414775,   35.048198,       46.83,
 139.419279,   35.048198,       47.42,
 139.423784,   35.048198,       48.00,
 139.428288,   35.048198,       48.57,
 139.432793,   35.048198,       49.14,
 139.437297,   35.048198,       49.73,
 139.441802,   35.048198,       50.30,
 139.446306,   35.048198,       50.82,
 139.450811,   35.048198,       51.28,
 139.455315,   35.048198,       51.70,
 139.459820,   35.048198,       52.11,
 139.464324,   35.048198,       52.52,
 139.468829,   35.048198,       52.93,
 139.473333,   35.048198,       53.32,
 139.477838,   35.048198,       53.70,
 139.482342,   35.048198,       54.08,
 139.486847,   35.048198,       54.46,
 139.491351,   35.048198,       54.83,
 139.495856,   35.048198,       55.21,
 139.500360,   35.048198,       55.58,
 139.504865,   35.048198,       55.94,
 139.509369,   35.048198,       56.29,
 139.513874,   35.048198,       56.60,
 139.518378,   35.048198,       56.87,
 139.522883,   35.048198,       57.14,
 139.527387,   35.048198,       57.41,
 139.531892,   35.048198,       57.68,
 139.536396,   35.048198,       57.95,
 139.540901,   35.048198,       58.29,
 139.545405,   35.048198,       58.90,
 139.549910,   35.048198,       59.73,
 139.554414,   35.048198,       60.58,
 139.558919,   35.048198,       61.44,
 139.563423,   35.048198,       62.32,
 139.567928,   35.048198,       63.23,
 139.572432,   35.048198,       64.18,
 139.576937,   35.048198,       65.18,
 139.581441,   35.048198,       66.21,
 139.585946,   35.048198,       67.19,
 139.590450,   35.048198,       68.13,
 139.594955,   35.048198,       69.03,
 139.599459,   35.048198,       69.89,
 139.603964,   35.048198,       70.65,
 139.608468,   35.048198,       71.24,
 139.612973,   35.048198,       71.63,
 139.617477,   35.048198,       71.95,
 139.621982,   35.048198,       72.22,
 139.626486,   35.048198,       72.45,
 139.630991,   35.048198,       72.76,
 139.635495,   35.048198,       73.11,
 139.640000,   35.048198,       73.48,
 139.644505,   35.048198,       73.87,
 139.649009,   35.048198,       74.36,
 139.653514,   35.048198,       74.60,
 139.658018,   35.048198,       74.51,
 139.662523,   35.048198,       74.53,
 139.667027,   35.048198,       74.59,
 139.671532,   35.048198,       74.63,
 139.676036,   35.048198,       74.74,
 139.680541,   35.048198,       74.94,
 139.685045,   35.048198,       75.13,
 139.689550,   35.048198,       75.32,
 139.694054,   35.048198,       75.53,
 139.698559,   35.048198,       75.67,
 139.703063,   35.048198,       75.68,
 139.707568,   35.048198,       75.64,
 139.712072,   35.048198,       75.65,
 139.716577,   35.048198,       75.67,
 139.721081,   35.048198,       75.56,
 139.725586,   35.048198,       75.35,
 139.730090,   35.048198,       75.16,
 139.734595,   35.048198,       75.00,
 139.739099,   35.048198,       74.61,
 139.743604,   35.048198,       74.08,
 139.748108,   35.048198,       73.58,
 139.752613,   35.048198,       73.06,
 139.757117,   35.048198,       72.38,
 139.761622,   35.048198,       71.41,
 139.766126,   35.048198,       70.23,
 139.770631,   35.048198,       68.79,
 139.775135,   35.048198,       67.11,
 139.779640,   35.048198,       64.95,
 139.784144,   35.048198,       62.68,
 139.788649,   35.048198,       60.83,
 139.793153,   35.048198,       59.81,
 139.797658,   35.048198,       59.21,
 139.802162,   35.048198,       59.74,
 139.806667,   35.048198,       61.16,
 139.811171,   35.048198,       63.23,
 139.815676,   35.048198,       65.82,
 139.820180,   35.048198,       68.51,
 139.824685,   35.048198,       71.50,
 139.829189,   35.048198,       74.54,
 139.833694,   35.048198,       80.07,
 139.838198,   35.048198,       87.32,
 139.842703,   35.048198,       93.89,
 139.847207,   35.048198,       96.45,
 139.851712,   35.048198,       97.09,
 139.856216,   35.048198,       97.07,
 139.860721,   35.048198,       96.89,
 139.865225,   35.048198,       96.51,
 139.869730,   35.048198,       96.00,
 139.874234,   35.048198,       95.14,
 139.878739,   35.048198,       93.79,
 139.883243,   35.048198,       92.18,
 139.887748,   35.048198,       90.46,
 139.892252,   35.048198,       88.65,
 139.896757,   35.048198,       86.78,
 139.901261,   35.048198,       84.89,
 139.905766,   35.048198,       82.99,
 139.910270,   35.048198,       81.11,
 139.914775,   35.048198,       79.24,
 139.919279,   35.048198,       77.41,
 139.923784,   35.048198,       75.60,
 139.928288,   35.048198,       73.82,
 139.932793,   35.048198,       72.08,
 139.937297,   35.048198,       70.37,
 139.941802,   35.048198,       68.70,
 139.946306,   35.048198,       67.06,
 139.950811,   35.048198,       65.45,
 139.955315,   35.048198,       63.88,
 139.959820,   35.048198,       62.34,
 139.964324,   35.048198,       60.84,
 139.968829,   35.048198,       59.38,
 139.973333,   35.048198,       57.96,
 139.977838,   35.048198,       56.56,
 139.982342,   35.048198,       55.21,
 139.986847,   35.048198,       53.87,
 139.991351,   35.048198,       52.56,
 139.995856,   35.048198,       51.26,
 140.000360,   35.048198,       49.99,
 140.004865,   35.048198,       48.76,
 140.009369,   35.048198,       47.62,
 140.013874,   35.048198,       46.61,
 140.018378,   35.048198,       45.75,
 140.022883,   35.048198,       45.16,
 140.027387,   35.048198,       44.88,
 140.031892,   35.048198,       44.88,
 140.036396,   35.048198,       44.87,
 140.040901,   35.048198,       44.83,
 140.045405,   35.048198,       44.77,
 140.049910,   35.048198,       44.71,
 140.054414,   35.048198,       44.68,
 140.058919,   35.048198,       44.68,
 140.063423,   35.048198,       44.68,
 140.067928,   35.048198,       44.70,
 140.072432,   35.048198,       44.72,
 140.076937,   35.048198,       44.73,
 140.081441,   35.048198,       44.75,
 140.085946,   35.048198,       44.76,
 140.090450,   35.048198,       44.78,
 140.094955,   35.048198,       44.81,
 140.099459,   35.048198,       44.84,
 140.103964,   35.048198,       44.85,
 140.108468,   35.048198,       44.86,
 140.112973,   35.048198,       44.86,
 140.117477,   35.048198,       44.83,
 140.121982,   35.048198,       44.78,
 140.126486,   35.048198,       44.73,
 140.130991,   35.048198,       44.67,
 140.135495,   35.048198,       44.61,
 140.140000,   35.048198,       44.54,
 140.144505,   35.048198,       44.41,
 140.149009,   35.048198,       44.28,
 140.153514,   35.048198,       44.14,
 140.158018,   35.048198,       43.97,
 140.162523,   35.048198,       43.81,
 140.167027,   35.048198,       43.64,
 140.171532,   35.048198,       43.45,
 140.176036,   35.048198,       43.25,
 140.180541,   35.048198,       43.07,
 140.185045,   35.048198,       42.91,
 140.189550,   35.048198,       42.75,
 140.194054,   35.048198,       42.59,
 140.198559,   35.048198,       42.44,
 140.203063,   35.048198,       42.30,
 140.207568,   35.048198,       42.16,
 140.212072,   35.048198,       42.03,
 140.216577,   35.048198,       41.90,
 140.221081,   35.048198,       41.75,
 140.225586,   35.048198,       41.61,
 140.230090,   35.048198,       41.48,
 140.234595,   35.048198,       41.34,
 140.239099,   35.048198,       41.19,
 140.243604,   35.048198,       41.04,
 140.248108,   35.048198,       40.90,
 140.252613,   35.048198,       40.76,
 140.257117,   35.048198,       40.63,
 140.261622,   35.048198,       40.50,
 140.266126,   35.048198,       40.38,
 140.270631,   35.048198,       40.27,
 140.275135,   35.048198,       40.17,
 140.279640,   35.048198,       40.05,
 140.284144,   35.048198,       39.91,
 140.288649,   35.048198,       39.86,
 140.293153,   35.048198,       39.92,
 140.297658,   35.048198,       39.96,
 140.302162,   35.048198,       39.97,
 140.306667,   35.048198,       39.96,
 140.311171,   35.048198,       39.93,
 140.315676,   35.048198,       39.89,
 140.320180,   35.048198,       39.90,
 140.324685,   35.048198,       39.91,
 140.329189,   35.048198,       39.90,
 140.333694,   35.048198,       39.99,
 140.338198,   35.048198,       40.23,
 140.342703,   35.048198,       40.48,
 140.347207,   35.048198,       40.69,
 140.351712,   35.048198,       40.86,
 140.356216,   35.048198,       41.03,
 140.360721,   35.048198,       41.22,
 140.365225,   35.048198,       41.34,
 140.369730,   35.048198,       41.43,
 140.374234,   35.048198,       41.51,
 140.378739,   35.048198,       41.56,
 140.383243,   35.048198,       41.58,
 140.387748,   35.048198,       41.59,
 139.140000,   35.052703,       49.33,
 139.144505,   35.052703,       48.84,
 139.149009,   35.052703,       48.42,
 139.153514,   35.052703,       48.09,
 139.158018,   35.052703,       47.83,
 139.162523,   35.052703,       47.68,
 139.167027,   35.052703,       47.89,
 139.171532,   35.052703,       48.21,
 139.176036,   35.052703,       48.44,
 139.180541,   35.052703,       48.60,
 139.185045,   35.052703,       48.67,
 139.189550,   35.052703,       48.68,
 139.194054,   35.052703,       48.63,
 139.198559,   35.052703,       48.50,
 139.203063,   35.052703,       48.29,
 139.207568,   35.052703,       48.04,
 139.212072,   35.052703,       47.80,
 139.216577,   35.052703,       47.56,
 139.221081,   35.052703,       47.35,
 139.225586,   35.052703,       47.12,
 139.230090,   35.052703,       46.76,
 139.234595,   35.052703,       46.39,
 139.239099,   35.052703,       46.05,
 139.243604,   35.052703,       45.72,
 139.248108,   35.052703,       45.43,
 139.252613,   35.052703,       45.17,
 139.257117,   35.052703,       44.96,
 139.261622,   35.052703,       44.75,
 139.266126,   35.052703,       44.54,
 139.270631,   35.052703,       44.33,
 139.275135,   35.052703,       44.13,
 139.279640,   35.052703,       43.93,
 139.284144,   35.052703,       43.73,
 139.288649,   35.052703,       43.54,
 139.293153,   35.052703,       43.35,
 139.297658,   35.052703,       43.17,
 139.302162,   35.052703,       43.03,
 139.306667,   35.052703,       42.91,
 139.311171,   35.052703,       42.79,
 139.315676,   35.052703,       42.67,
 139.320180,   35.052703,       42.54,
 139.324685,   35.052703,       42.42,
 139.329189,   35.052703,       42.32,
 139.333694,   35.052703,       42.30,
 139.338198,   35.052703,       42.36,
 139.342703,   35.052703,       42.48,
 139.347207,   35.052703,       42.60,
 139.351712,   35.052703,       42.73,
 139.356216,   35.052703,       42.87,
 139.360721,   35.052703,       43.00,
 139.365225,   35.052703,       43.15,
 139.369730,   35.052703,       43.33,
 139.374234,   35.052703,       43.54,
 139.378739,   35.052703,       43.79,
 139.383243,   35.052703,       44.07,
 139.387748,   35.052703,       44.37,
 139.392252,   35.052703,       44.67,
 139.396757,   35.052703,       44.97,
 139.401261,   35.052703,       45.26,
 139.405766,   35.052703,       45.55,
 139.410270,   35.052703,       45.94,
 139.414775,   35.052703,       46.52,
 139.419279,   35.052703,       47.12,
 139.423784,   35.052703,       47.71,
 139.428288,   35.052703,       48.29,
 139.432793,   35.052703,       48.87,
 139.437297,   35.052703,       49.44,
 139.441802,   35.052703,       50.01,
 139.446306,   35.052703,       50.53,
 139.450811,   35.052703,       51.00,
 139.455315,   35.052703,       51.46,
 139.459820,   35.052703,       51.91,
 139.464324,   35.052703,       52.36,
 139.468829,   35.052703,       52.79,
 139.473333,   35.052703,       53.22,
 139.477838,   35.052703,       53.67,
 139.482342,   35.052703,       54.06,
 139.486847,   35.052703,       54.45,
 139.491351,   35.052703,       54.83,
 139.495856,   35.052703,       55.22,
 139.500360,   35.052703,       55.60,
 139.504865,   35.052703,       55.97,
 139.509369,   35.052703,       56.31,
 139.513874,   35.052703,       56.63,
 139.518378,   35.052703,       56.93,
 139.522883,   35.052703,       57.22,
 139.527387,   35.052703,       57.51,
 139.531892,   35.052703,       57.80,
 139.536396,   35.052703,       58.09,
 139.540901,   35.052703,       58.36,
 139.545405,   35.052703,       58.89,
 139.549910,   35.052703,       59.70,
 139.554414,   35.052703,       60.53,
 139.558919,   35.052703,       61.39,
 139.563423,   35.052703,       62.27,
 139.567928,   35.052703,       63.19,
 139.572432,   35.052703,       64.14,
 139.576937,   35.052703,       65.13,
 139.581441,   35.052703,       66.12,
 139.585946,   35.052703,       67.04,
 139.590450,   35.052703,       67.93,
 139.594955,   35.052703,       68.81,
 139.599459,   35.052703,       69.68,
 139.603964,   35.052703,       70.55,
 139.608468,   35.052703,       71.26,
 139.612973,   35.052703,       71.53,
 139.617477,   35.052703,       71.73,
 139.621982,   35.052703,       71.93,
 139.626486,   35.052703,       72.16,
 139.630991,   35.052703,       72.46,
 139.635495,   35.052703,       72.81,
 139.640000,   35.052703,       73.11,
 139.644505,   35.052703,       73.39,
 139.649009,   35.052703,       73.61,
 139.653514,   35.052703,       73.69,
 139.658018,   35.052703,       73.74,
 139.662523,   35.052703,       73.77,
 139.667027,   35.052703,       73.81,
 139.671532,   35.052703,       73.85,
 139.676036,   35.052703,       73.97,
 139.680541,   35.052703,       74.13,
 139.685045,   35.052703,       74.30,
 139.689550,   35.052703,       74.52,
 139.694054,   35.052703,       74.82,
 139.698559,   35.052703,       75.20,
 139.703063,   35.052703,       74.94,
 139.707568,   35.052703,       74.80,
 139.712072,   35.052703,       74.75,
 139.716577,   35.052703,       74.73,
 139.721081,   35.052703,       74.67,
 139.725586,   35.052703,       74.58,
 139.730090,   35.052703,       74.49,
 139.734595,   35.052703,       74.44,
 139.739099,   35.052703,       74.26,
 139.743604,   35.052703,       73.75,
 139.748108,   35.052703,       73.26,
 139.752613,   35.052703,       72.82,
 139.757117,   35.052703,       72.34,
 139.761622,   35.052703,       71.36,
 139.766126,   35.052703,       70.19,
 139.770631,   35.052703,       68.89,
 139.775135,   35.052703,       67.44,
 139.779640,   35.052703,       65.36,
 139.784144,   35.052703,       63.17,
 139.788649,   35.052703,       61.00,
 139.793153,   35.052703,       59.78,
 139.797658,   35.052703,       59.26,
 139.802162,   35.052703,       59.17,
 139.806667,   35.052703,       60.52,
 139.811171,   35.052703,       63.18,
 139.815676,   35.052703,       65.81,
 139.820180,   35.052703,       68.93,
 139.824685,   35.052703,       72.43,
 139.829189,   35.052703,       76.34,
 139.833694,   35.052703,       84.88,
 139.838198,   35.052703,       92.73,
 139.842703,   35.052703,       98.67,
 139.847207,   35.052703,      100.52,
 139.851712,   35.052703,      100.97,
 139.856216,   35.052703,      100.82,
 139.860721,   35.052703,      100.47,
 139.865225,   35.052703,       99.96,
 139.869730,   35.052703,       99.01,
 139.874234,   35.052703,       97.48,
 139.878739,   35.052703,       95.70,
 139.883243,   35.052703,       93.81,
 139.887748,   35.052703,       91.85,
 139.892252,   35.052703,       89.86,
 139.896757,   35.052703,       87.86,
 139.901261,   35.052703,       85.85,
 139.905766,   35.052703,       83.86,
 139.910270,   35.052703,       81.91,
 139.914775,   35.052703,       79.99,
 139.919279,   35.052703,       78.11,
 139.923784,   35.052703,       76.27,
 139.928288,   35.052703,       74.47,
 139.932793,   35.052703,       72.70,
 139.937297,   35.052703,       70.98,
 139.941802,   35.052703,       69.29,
 139.946306,   35.052703,       67.65,
 139.950811,   35.052703,       66.04,
 139.955315,   35.052703,       64.46,
 139.959820,   35.052703,       62.93,
 139.964324,   35.052703,       61.44,
 139.968829,   35.052703,       59.98,
 139.973333,   35.052703,       58.57,
 139.977838,   35.052703,       57.20,
 139.982342,   35.052703,       55.87,
 139.986847,   35.052703,       54.56,
 139.991351,   35.052703,       53.27,
 139.995856,   35.052703,       52.01,
 140.000360,   35.052703,       50.78,
 140.004865,   35.052703,       49.58,
 140.009369,   35.052703,       48.47,
 140.013874,   35.052703,       47.45,
 140.018378,   35.052703,       46.56,
 140.022883,   35.052703,       45.83,
 140.027387,   35.052703,       45.33,
 140.031892,   35.052703,       45.00,
 140.036396,   35.052703,       44.89,
 140.040901,   35.052703,       44.86,
 140.045405,   35.052703,       44.80,
 140.049910,   35.052703,       44.75,
 140.054414,   35.052703,       44.69,
 140.058919,   35.052703,       44.68,
 140.063423,   35.052703,       44.68,
 140.067928,   35.052703,       44.69,
 140.072432,   35.052703,       44.70,
 140.076937,   35.052703,       44.71,
 140.081441,   35.052703,       44.71,
 140.085946,   35.052703,       44.73,
 140.090450,   35.052703,       44.73,
 140.094955,   35.052703,       44.74,
 140.099459,   35.052703,       44.77,
 140.103964,   35.052703,       44.79,
 140.108468,   35.052703,       44.79,
 140.112973,   35.052703,       44.79,
 140.117477,   35.052703,       44.77,
 140.121982,   35.052703,       44.74,
 140.126486,   35.052703,       44.70,
 140.130991,   35.052703,       44.63,
 140.135495,   35.052703,       44.57,
 140.140000,   35.052703,       44.49,
 140.144505,   35.052703,       44.38,
 140.149009,   35.052703,       44.27,
 140.153514,   35.052703,       44.14,
 140.158018,   35.052703,       43.97,
 140.162523,   35.052703,       43.79,
 140.167027,   35.052703,       43.62,
 140.171532,   35.052703,       43.45,
 140.176036,   35.052703,       43.27,
 140.180541,   35.052703,       43.09,
 140.185045,   35.052703,       42.93,
 140.189550,   35.052703,       42.78,
 140.194054,   35.052703,       42.62,
 140.198559,   35.052703,       42.47,
 140.203063,   35.052703,       42.33,
 140.207568,   35.052703,       42.18,
 140.212072,   35.052703,       42.04,
 140.216577,   35.052703,       41.90,
 140.221081,   35.052703,       41.75,
 140.225586,   35.052703,       41.59,
 140.230090,   35.052703,       41.44,
 140.234595,   35.052703,       41.29,
 140.239099,   35.052703,       41.14,
 140.243604,   35.052703,       40.98,
 140.248108,   35.052703,       40.86,
 140.252613,   35.052703,       40.75,
 140.257117,   35.052703,       40.63,
 140.261622,   35.052703,       40.52,
 140.266126,   35.052703,       40.41,
 140.270631,   35.052703,       40.31,
 140.275135,   35.052703,       40.22,
 140.279640,   35.052703,       40.14,
 140.284144,   35.052703,       40.06,
 140.288649,   35.052703,       40.06,
 140.293153,   35.052703,       40.09,
 140.297658,   35.052703,       40.13,
 140.302162,   35.052703,       40.15,
 140.306667,   35.052703,       40.14,
 140.311171,   35.052703,       40.12,
 140.315676,   35.052703,       40.09,
 140.320180,   35.052703,       40.04,
 140.324685,   35.052703,       40.01,
 140.329189,   35.052703,       39.97,
 140.333694,   35.052703,       40.06,
 140.338198,   35.052703,       40.32,
 140.342703,   35.052703,       40.56,
 140.347207,   35.052703,       40.78,
 140.351712,   35.052703,       40.96,
 140.356216,   35.052703,       41.11,
 140.360721,   35.052703,       41.24,
 140.365225,   35.052703,       41.34,
 140.369730,   35.052703,       41.42,
 140.374234,   35.052703,       41.48,
 140.378739,   35.052703,       41.51,
 140.383243,   35.052703,       41.52,
 140.387748,   35.052703,       41.50,
 139.140000,   35.057207,       50.49,
 139.144505,   35.057207,       49.93,
 139.149009,   35.057207,       49.44,
 139.153514,   35.057207,       49.04,
 139.158018,   35.057207,       48.71,
 139.162523,   35.057207,       48.46,
 139.167027,   35.057207,       48.29,
 139.171532,   35.057207,       48.20,
 139.176036,   35.057207,       48.37,
 139.180541,   35.057207,       48.58,
 139.185045,   35.057207,       48.68,
 139.189550,   35.057207,       48.71,
 139.194054,   35.057207,       48.71,
 139.198559,   35.057207,       48.66,
 139.203063,   35.057207,       48.53,
 139.207568,   35.057207,       48.25,
 139.212072,   35.057207,       47.95,
 139.216577,   35.057207,       47.69,
 139.221081,   35.057207,       47.45,
 139.225586,   35.057207,       47.13,
 139.230090,   35.057207,       46.76,
 139.234595,   35.057207,       46.39,
 139.239099,   35.057207,       46.03,
 139.243604,   35.057207,       45.68,
 139.248108,   35.057207,       45.35,
 139.252613,   35.057207,       45.06,
 139.257117,   35.057207,       44.84,
 139.261622,   35.057207,       44.62,
 139.266126,   35.057207,       44.40,
 139.270631,   35.057207,       44.19,
 139.275135,   35.057207,       43.98,
 139.279640,   35.057207,       43.77,
 139.284144,   35.057207,       43.57,
 139.288649,   35.057207,       43.37,
 139.293153,   35.057207,       43.18,
 139.297658,   35.057207,       42.99,
 139.302162,   35.057207,       42.82,
 139.306667,   35.057207,       42.68,
 139.311171,   35.057207,       42.54,
 139.315676,   35.057207,       42.40,
 139.320180,   35.057207,       42.25,
 139.324685,   35.057207,       42.10,
 139.329189,   35.057207,       41.96,
 139.333694,   35.057207,       41.90,
 139.338198,   35.057207,       41.97,
 139.342703,   35.057207,       42.11,
 139.347207,   35.057207,       42.25,
 139.351712,   35.057207,       42.39,
 139.356216,   35.057207,       42.53,
 139.360721,   35.057207,       42.67,
 139.365225,   35.057207,       42.81,
 139.369730,   35.057207,       42.99,
 139.374234,   35.057207,       43.20,
 139.378739,   35.057207,       43.43,
 139.383243,   35.057207,       43.71,
 139.387748,   35.057207,       44.03,
 139.392252,   35.057207,       44.35,
 139.396757,   35.057207,       44.68,
 139.401261,   35.057207,       45.02,
 139.405766,   35.057207,       45.38,
 139.410270,   35.057207,       45.84,
 139.414775,   35.057207,       46.36,
 139.419279,   35.057207,       46.93,
 139.423784,   35.057207,       47.50,
 139.428288,   35.057207,       48.07,
 139.432793,   35.057207,       48.63,
 139.437297,   35.057207,       49.18,
 139.441802,   35.057207,       49.73,
 139.446306,   35.057207,       50.25,
 139.450811,   35.057207,       50.75,
 139.455315,   35.057207,       51.24,
 139.459820,   35.057207,       51.73,
 139.464324,   35.057207,       52.22,
 139.468829,   35.057207,       52.69,
 139.473333,   35.057207,       53.18,
 139.477838,   35.057207,       53.67,
 139.482342,   35.057207,       54.07,
 139.486847,   35.057207,       54.46,
 139.491351,   35.057207,       54.85,
 139.495856,   35.057207,       55.24,
 139.500360,   35.057207,       55.62,
 139.504865,   35.057207,       56.00,
 139.509369,   35.057207,       56.34,
 139.513874,   35.057207,       56.67,
 139.518378,   35.057207,       56.99,
 139.522883,   35.057207,       57.31,
 139.527387,   35.057207,       57.62,
 139.531892,   35.057207,       57.93,
 139.536396,   35.057207,       58.23,
 139.540901,   35.057207,       58.54,
 139.545405,   35.057207,       58.97,
 139.549910,   35.057207,       59.67,
 139.554414,   35.057207,       60.45,
 139.558919,   35.057207,       61.29,
 139.563423,   35.057207,       62.19,
 139.567928,   35.057207,       63.11,
 139.572432,   35.057207,       64.06,
 139.576937,   35.057207,       65.06,
 139.581441,   35.057207,       65.97,
 139.585946,   35.057207,       66.84,
 139.590450,   35.057207,       67.70,
 139.594955,   35.057207,       68.57,
 139.599459,   35.057207,       69.45,
 139.603964,   35.057207,       70.32,
 139.608468,   35.057207,       70.98,
 139.612973,   35.057207,       71.16,
 139.617477,   35.057207,       71.33,
 139.621982,   35.057207,       71.55,
 139.626486,   35.057207,       71.81,
 139.630991,   35.057207,       72.12,
 139.635495,   35.057207,       72.35,
 139.640000,   35.057207,       72.48,
 139.644505,   35.057207,       72.59,
 139.649009,   35.057207,       72.65,
 139.653514,   35.057207,       72.72,
 139.658018,   35.057207,       72.80,
 139.662523,   35.057207,       72.87,
 139.667027,   35.057207,       72.95,
 139.671532,   35.057207,       73.05,
 139.676036,   35.057207,       73.11,
 139.680541,   35.057207,       73.14,
 139.685045,   35.057207,       73.24,
 139.689550,   35.057207,       73.41,
 139.694054,   35.057207,       73.60,
 139.698559,   35.057207,       73.69,
 139.703063,   35.057207,       73.70,
 139.707568,   35.057207,       73.64,
 139.712072,   35.057207,       73.62,
 139.716577,   35.057207,       73.68,
 139.721081,   35.057207,       73.75,
 139.725586,   35.057207,       73.72,
 139.730090,   35.057207,       73.67,
 139.734595,   35.057207,       73.63,
 139.739099,   35.057207,       73.59,
 139.743604,   35.057207,       73.30,
 139.748108,   35.057207,       72.87,
 139.752613,   35.057207,       72.46,
 139.757117,   35.057207,       72.05,
 139.761622,   35.057207,       71.28,
 139.766126,   35.057207,       70.24,
 139.770631,   35.057207,       69.05,
 139.775135,   35.057207,       67.54,
 139.779640,   35.057207,       65.69,
 139.784144,   35.057207,       63.63,
 139.788649,   35.057207,       61.38,
 139.793153,   35.057207,       59.39,
 139.797658,   35.057207,       58.61,
 139.802162,   35.057207,       58.84,
 139.806667,   35.057207,       60.81,
 139.811171,   35.057207,       63.41,
 139.815676,   35.057207,       66.29,
 139.820180,   35.057207,       70.19,
 139.824685,   35.057207,       74.05,
 139.829189,   35.057207,       80.27,
 139.833694,   35.057207,       90.11,
 139.838198,   35.057207,       98.42,
 139.842703,   35.057207,       98.42,
 139.847207,   35.057207,       98.42,
 139.851712,   35.057207,       98.42,
 139.856216,   35.057207,      101.41,
 139.860721,   35.057207,      101.41,
 139.865225,   35.057207,      101.41,
 139.869730,   35.057207,      101.41,
 139.874234,   35.057207,       99.37,
 139.878739,   35.057207,       97.26,
 139.883243,   35.057207,       95.12,
 139.887748,   35.057207,       92.97,
 139.892252,   35.057207,       90.84,
 139.896757,   35.057207,       88.72,
 139.901261,   35.057207,       86.62,
 139.905766,   35.057207,       84.56,
 139.910270,   35.057207,       82.55,
 139.914775,   35.057207,       80.59,
 139.919279,   35.057207,       78.68,
 139.923784,   35.057207,       76.81,
 139.928288,   35.057207,       74.98,
 139.932793,   35.057207,       73.20,
 139.937297,   35.057207,       71.46,
 139.941802,   35.057207,       69.77,
 139.946306,   35.057207,       68.11,
 139.950811,   35.057207,       66.50,
 139.955315,   35.057207,       64.93,
 139.959820,   35.057207,       63.42,
 139.964324,   35.057207,       61.95,
 139.968829,   35.057207,       60.52,
 139.973333,   35.057207,       59.14,
 139.977838,   35.057207,       57.79,
 139.982342,   35.057207,       56.48,
 139.986847,   35.057207,       55.19,
 139.991351,   35.057207,       53.94,
 139.995856,   35.057207,       52.71,
 140.000360,   35.057207,       51.52,
 140.004865,   35.057207,       50.35,
 140.009369,   35.057207,       49.25,
 140.013874,   35.057207,       48.23,
 140.018378,   35.057207,       47.33,
 140.022883,   35.057207,       46.54,
 140.027387,   35.057207,       45.89,
 140.031892,   35.057207,       45.45,
 140.036396,   35.057207,       45.15,
 140.040901,   35.057207,       44.95,
 140.045405,   35.057207,       44.86,
 140.049910,   35.057207,       44.81,
 140.054414,   35.057207,       44.76,
 140.058919,   35.057207,       44.73,
 140.063423,   35.057207,       44.72,
 140.067928,   35.057207,       44.73,
 140.072432,   35.057207,       44.73,
 140.076937,   35.057207,       44.74,
 140.081441,   35.057207,       44.72,
 140.085946,   35.057207,       44.71,
 140.090450,   35.057207,       44.71,
 140.094955,   35.057207,       44.69,
 140.099459,   35.057207,       44.69,
 140.103964,   35.057207,       44.70,
 140.108468,   35.057207,       44.71,
 140.112973,   35.057207,       44.70,
 140.117477,   35.057207,       44.68,
 140.121982,   35.057207,       44.66,
 140.126486,   35.057207,       44.64,
 140.130991,   35.057207,       44.57,
 140.135495,   35.057207,       44.50,
 140.140000,   35.057207,       44.43,
 140.144505,   35.057207,       44.33,
 140.149009,   35.057207,       44.21,
 140.153514,   35.057207,       44.07,
 140.158018,   35.057207,       43.92,
 140.162523,   35.057207,       43.77,
 140.167027,   35.057207,       43.59,
 140.171532,   35.057207,       43.42,
 140.176036,   35.057207,       43.26,
 140.180541,   35.057207,       43.11,
 140.185045,   35.057207,       42.95,
 140.189550,   35.057207,       42.79,
 140.194054,   35.057207,       42.63,
 140.198559,   35.057207,       42.48,
 140.203063,   35.057207,       42.34,
 140.207568,   35.057207,       42.19,
 140.212072,   35.057207,       42.05,
 140.216577,   35.057207,       41.90,
 140.221081,   35.057207,       41.74,
 140.225586,   35.057207,       41.58,
 140.230090,   35.057207,       41.42,
 140.234595,   35.057207,       41.28,
 140.239099,   35.057207,       41.14,
 140.243604,   35.057207,       41.02,
 140.248108,   35.057207,       40.91,
 140.252613,   35.057207,       40.79,
 140.257117,   35.057207,       40.67,
 140.261622,   35.057207,       40.55,
 140.266126,   35.057207,       40.44,
 140.270631,   35.057207,       40.38,
 140.275135,   35.057207,       40.33,
 140.279640,   35.057207,       40.28,
 140.284144,   35.057207,       40.25,
 140.288649,   35.057207,       40.27,
 140.293153,   35.057207,       40.31,
 140.297658,   35.057207,       40.34,
 140.302162,   35.057207,       40.37,
 140.306667,   35.057207,       40.37,
 140.311171,   35.057207,       40.34,
 140.315676,   35.057207,       40.29,
 140.320180,   35.057207,       40.25,
 140.324685,   35.057207,       40.22,
 140.329189,   35.057207,       40.24,
 140.333694,   35.057207,       40.33,
 140.338198,   35.057207,       40.51,
 140.342703,   35.057207,       40.73,
 140.347207,   35.057207,       40.91,
 140.351712,   35.057207,       41.04,
 140.356216,   35.057207,       41.18,
 140.360721,   35.057207,       41.29,
 140.365225,   35.057207,       41.37,
 140.369730,   35.057207,       41.43,
 140.374234,   35.057207,       41.47,
 140.378739,   35.057207,       41.48,
 140.383243,   35.057207,       41.53,
 140.387748,   35.057207,       41.54,
 139.140000,   35.061712,       51.57,
 139.144505,   35.061712,       50.94,
 139.149009,   35.061712,       50.39,
 139.153514,   35.061712,       49.91,
 139.158018,   35.061712,       49.51,
 139.162523,   35.061712,       49.20,
 139.167027,   35.061712,       48.96,
 139.171532,   35.061712,       48.79,
 139.176036,   35.061712,       48.71,
 139.180541,   35.061712,       48.70,
 139.185045,   35.061712,       48.78,
 139.189550,   35.061712,       48.85,
 139.194054,   35.061712,       48.87,
 139.198559,   35.061712,       48.84,
 139.203063,   35.061712,       48.69,
 139.207568,   35.061712,       48.35,
 139.212072,   35.061712,       48.02,
 139.216577,   35.061712,       47.72,
 139.221081,   35.061712,       47.43,
 139.225586,   35.061712,       47.09,
 139.230090,   35.061712,       46.72,
 139.234595,   35.061712,       46.35,
 139.239099,   35.061712,       45.99,
 139.243604,   35.061712,       45.63,
 139.248108,   35.061712,       45.29,
 139.252613,   35.061712,       44.95,
 139.257117,   35.061712,       44.72,
 139.261622,   35.061712,       44.49,
 139.266126,   35.061712,       44.26,
 139.270631,   35.061712,       44.04,
 139.275135,   35.061712,       43.82,
 139.279640,   35.061712,       43.61,
 139.284144,   35.061712,       43.40,
 139.288649,   35.061712,       43.19,
 139.293153,   35.061712,       42.99,
 139.297658,   35.061712,       42.80,
 139.302162,   35.061712,       42.63,
 139.306667,   35.061712,       42.47,
 139.311171,   35.061712,       42.32,
 139.315676,   35.061712,       42.17,
 139.320180,   35.061712,       42.01,
 139.324685,   35.061712,       41.85,
 139.329189,   35.061712,       41.66,
 139.333694,   35.061712,       41.49,
 139.338198,   35.061712,       41.63,
 139.342703,   35.061712,       41.81,
 139.347207,   35.061712,       41.98,
 139.351712,   35.061712,       42.12,
 139.356216,   35.061712,       42.26,
 139.360721,   35.061712,       42.38,
 139.365225,   35.061712,       42.50,
 139.369730,   35.061712,       42.65,
 139.374234,   35.061712,       42.84,
 139.378739,   35.061712,       43.08,
 139.383243,   35.061712,       43.38,
 139.387748,   35.061712,       43.73,
 139.392252,   35.061712,       44.09,
 139.396757,   35.061712,       44.46,
 139.401261,   35.061712,       44.84,
 139.405766,   35.061712,       45.26,
 139.410270,   35.061712,       45.73,
 139.414775,   35.061712,       46.23,
 139.419279,   35.061712,       46.77,
 139.423784,   35.061712,       47.32,
 139.428288,   35.061712,       47.87,
 139.432793,   35.061712,       48.41,
 139.437297,   35.061712,       48.95,
 139.441802,   35.061712,       49.47,
 139.446306,   35.061712,       49.99,
 139.450811,   35.061712,       50.53,
 139.455315,   35.061712,       51.08,
 139.459820,   35.061712,       51.61,
 139.464324,   35.061712,       52.13,
 139.468829,   35.061712,       52.65,
 139.473333,   35.061712,       53.19,
 139.477838,   35.061712,       53.66,
 139.482342,   35.061712,       54.08,
 139.486847,   35.061712,       54.47,
 139.491351,   35.061712,       54.86,
 139.495856,   35.061712,       55.26,
 139.500360,   35.061712,       55.65,
 139.504865,   35.061712,       56.03,
 139.509369,   35.061712,       56.38,
 139.513874,   35.061712,       56.73,
 139.518378,   35.061712,       57.07,
 139.522883,   35.061712,       57.41,
 139.527387,   35.061712,       57.74,
 139.531892,   35.061712,       58.07,
 139.536396,   35.061712,       58.40,
 139.540901,   35.061712,       58.75,
 139.545405,   35.061712,       59.16,
 139.549910,   35.061712,       59.71,
 139.554414,   35.061712,       60.39,
 139.558919,   35.061712,       61.17,
 139.563423,   35.061712,       62.06,
 139.567928,   35.061712,       62.98,
 139.572432,   35.061712,       63.92,
 139.576937,   35.061712,       64.84,
 139.581441,   35.061712,       65.72,
 139.585946,   35.061712,       66.60,
 139.590450,   35.061712,       67.46,
 139.594955,   35.061712,       68.34,
 139.599459,   35.061712,       69.20,
 139.603964,   35.061712,       69.92,
 139.608468,   35.061712,       70.33,
 139.612973,   35.061712,       70.56,
 139.617477,   35.061712,       70.79,
 139.621982,   35.061712,       71.04,
 139.626486,   35.061712,       71.29,
 139.630991,   35.061712,       71.49,
 139.635495,   35.061712,       71.55,
 139.640000,   35.061712,       71.60,
 139.644505,   35.061712,       71.64,
 139.649009,   35.061712,       71.68,
 139.653514,   35.061712,       71.74,
 139.658018,   35.061712,       71.80,
 139.662523,   35.061712,       71.85,
 139.667027,   35.061712,       71.92,
 139.671532,   35.061712,       71.98,
 139.676036,   35.061712,       71.94,
 139.680541,   35.061712,       71.95,
 139.685045,   35.061712,       71.98,
 139.689550,   35.061712,       72.05,
 139.694054,   35.061712,       72.12,
 139.698559,   35.061712,       72.17,
 139.703063,   35.061712,       72.22,
 139.707568,   35.061712,       72.26,
 139.712072,   35.061712,       72.31,
 139.716577,   35.061712,       72.42,
 139.721081,   35.061712,       72.61,
 139.725586,   35.061712,       72.73,
 139.730090,   35.061712,       72.81,
 139.734595,   35.061712,       72.82,
 139.739099,   35.061712,       72.81,
 139.743604,   35.061712,       72.75,
 139.748108,   35.061712,       72.42,
 139.752613,   35.061712,       72.04,
 139.757117,   35.061712,       71.65,
 139.761622,   35.061712,       71.04,
 139.766126,   35.061712,       70.22,
 139.770631,   35.061712,       69.31,
 139.775135,   35.061712,       67.59,
 139.779640,   35.061712,       65.92,
 139.784144,   35.061712,       64.04,
 139.788649,   35.061712,       61.68,
 139.793153,   35.061712,       59.26,
 139.797658,   35.061712,       57.41,
 139.802162,   35.061712,       58.98,
 139.806667,   35.061712,       61.37,
 139.811171,   35.061712,       63.87,
 139.815676,   35.061712,       67.36,
 139.820180,   35.061712,       71.55,
 139.824685,   35.061712,       75.67,
 139.829189,   35.061712,       84.73,
 139.833694,   35.061712,       95.65,
 139.838198,   35.061712,      104.24,
 139.842703,   35.061712,      104.24,
 139.847207,   35.061712,      104.24,
 139.851712,   35.061712,      104.24,
 139.856216,   35.061712,      103.31,
 139.860721,   35.061712,      103.31,
 139.865225,   35.061712,      103.31,
 139.869730,   35.061712,      103.31,
 139.874234,   35.061712,      100.90,
 139.878739,   35.061712,       98.51,
 139.883243,   35.061712,       96.16,
 139.887748,   35.061712,       93.86,
 139.892252,   35.061712,       91.60,
 139.896757,   35.061712,       89.39,
 139.901261,   35.061712,       87.22,
 139.905766,   35.061712,       85.11,
 139.910270,   35.061712,       83.06,
 139.914775,   35.061712,       81.06,
 139.919279,   35.061712,       79.12,
 139.923784,   35.061712,       77.22,
 139.928288,   35.061712,       75.38,
 139.932793,   35.061712,       73.58,
 139.937297,   35.061712,       71.83,
 139.941802,   35.061712,       70.13,
 139.946306,   35.061712,       68.48,
 139.950811,   35.061712,       66.89,
 139.955315,   35.061712,       65.35,
 139.959820,   35.061712,       63.86,
 139.964324,   35.061712,       62.42,
 139.968829,   35.061712,       61.01,
 139.973333,   35.061712,       59.65,
 139.977838,   35.061712,       58.33,
 139.982342,   35.061712,       57.04,
 139.986847,   35.061712,       55.78,
 139.991351,   35.061712,       54.56,
 139.995856,   35.061712,       53.36,
 140.000360,   35.061712,       52.19,
 140.004865,   35.061712,       51.05,
 140.009369,   35.061712,       49.97,
 140.013874,   35.061712,       48.97,
 140.018378,   35.061712,       48.05,
 140.022883,   35.061712,       47.23,
 140.027387,   35.061712,       46.53,
 140.031892,   35.061712,       45.96,
 140.036396,   35.061712,       45.56,
 140.040901,   35.061712,       45.27,
 140.045405,   35.061712,       45.07,
 140.049910,   35.061712,       44.91,
 140.054414,   35.061712,       44.82,
 140.058919,   35.061712,       44.79,
 140.063423,   35.061712,       44.79,
 140.067928,   35.061712,       44.79,
 140.072432,   35.061712,       44.80,
 140.076937,   35.061712,       44.79,
 140.081441,   35.061712,       44.76,
 140.085946,   35.061712,       44.72,
 140.090450,   35.061712,       44.70,
 140.094955,   35.061712,       44.67,
 140.099459,   35.061712,       44.63,
 140.103964,   35.061712,       44.62,
 140.108468,   35.061712,       44.62,
 140.112973,   35.061712,       44.61,
 140.117477,   35.061712,       44.58,
 140.121982,   35.061712,       44.56,
 140.126486,   35.061712,       44.52,
 140.130991,   35.061712,       44.47,
 140.135495,   35.061712,       44.41,
 140.140000,   35.061712,       44.33,
 140.144505,   35.061712,       44.23,
 140.149009,   35.061712,       44.12,
 140.153514,   35.061712,       43.99,
 140.158018,   35.061712,       43.84,
 140.162523,   35.061712,       43.70,
 140.167027,   35.061712,       43.54,
 140.171532,   35.061712,       43.37,
 140.176036,   35.061712,       43.22,
 140.180541,   35.061712,       43.09,
 140.185045,   35.061712,       42.95,
 140.189550,   35.061712,       42.80,
 140.194054,   35.061712,       42.64,
 140.198559,   35.061712,       42.50,
 140.203063,   35.061712,       42.36,
 140.207568,   35.061712,       42.20,
 140.212072,   35.061712,       42.05,
 140.216577,   35.061712,       41.92,
 140.221081,   35.061712,       41.77,
 140.225586,   35.061712,       41.58,
 140.230090,   35.061712,       41.41,
 140.234595,   35.061712,       41.31,
 140.239099,   35.061712,       41.19,
 140.243604,   35.061712,       41.08,
 140.248108,   35.061712,       40.97,
 140.252613,   35.061712,       40.85,
 140.257117,   35.061712,       40.74,
 140.261622,   35.061712,       40.60,
 140.266126,   35.061712,       40.48,
 140.270631,   35.061712,       40.49,
 140.275135,   35.061712,       40.48,
 140.279640,   35.061712,       40.45,
 140.284144,   35.061712,       40.44,
 140.288649,   35.061712,       40.47,
 140.293153,   35.061712,       40.53,
 140.297658,   35.061712,       40.58,
 140.302162,   35.061712,       40.62,
 140.306667,   35.061712,       40.62,
 140.311171,   35.061712,       40.60,
 140.315676,   35.061712,       40.55,
 140.320180,   35.061712,       40.46,
 140.324685,   35.061712,       40.49,
 140.329189,   35.061712,       40.57,
 140.333694,   35.061712,       40.63,
 140.338198,   35.061712,       40.73,
 140.342703,   35.061712,       40.90,
 140.347207,   35.061712,       41.04,
 140.351712,   35.061712,       41.15,
 140.356216,   35.061712,       41.27,
 140.360721,   35.061712,       41.36,
 140.365225,   35.061712,       41.43,
 140.369730,   35.061712,       41.47,
 140.374234,   35.061712,       41.53,
 140.378739,   35.061712,       41.51,
 140.383243,   35.061712,       41.45,
 140.387748,   35.061712,       41.34,
 139.140000,   35.066216,       50.34,
 139.144505,   35.066216,       50.88,
 139.149009,   35.066216,       51.23,
 139.153514,   35.066216,       50.71,
 139.158018,   35.066216,       50.24,
 139.162523,   35.066216,       49.85,
 139.167027,   35.066216,       49.54,
 139.171532,   35.066216,       49.30,
 139.176036,   35.066216,       49.15,
 139.180541,   35.066216,       49.08,
 139.185045,   35.066216,       49.08,
 139.189550,   35.066216,       49.11,
 139.194054,   35.066216,       49.13,
 139.198559,   35.066216,       49.03,
 139.203063,   35.066216,       48.77,
 139.207568,   35.066216,       48.39,
 139.212072,   35.066216,       48.04,
 139.216577,   35.066216,       47.70,
 139.221081,   35.066216,       47.38,
 139.225586,   35.066216,       47.03,
 139.230090,   35.066216,       46.65,
 139.234595,   35.066216,       46.27,
 139.239099,   35.066216,       45.90,
 139.243604,   35.066216,       45.54,
 139.248108,   35.066216,       45.18,
 139.252613,   35.066216,       44.85,
 139.257117,   35.066216,       44.59,
 139.261622,   35.066216,       44.35,
 139.266126,   35.066216,       44.12,
 139.270631,   35.066216,       43.89,
 139.275135,   35.066216,       43.66,
 139.279640,   35.066216,       43.44,
 139.284144,   35.066216,       43.22,
 139.288649,   35.066216,       43.01,
 139.293153,   35.066216,       42.81,
 139.297658,   35.066216,       42.62,
 139.302162,   35.066216,       42.44,
 139.306667,   35.066216,       42.29,
 139.311171,   35.066216,       42.15,
 139.315676,   35.066216,       42.01,
 139.320180,   35.066216,       41.87,
 139.324685,   35.066216,       41.72,
 139.329189,   35.066216,       41.56,
 139.333694,   35.066216,       41.43,
 139.338198,   35.066216,       41.49,
 139.342703,   35.066216,       41.64,
 139.347207,   35.066216,       41.79,
 139.351712,   35.066216,       41.93,
 139.356216,   35.066216,       42.05,
 139.360721,   35.066216,       42.15,
 139.365225,   35.066216,       42.24,
 139.369730,   35.066216,       42.33,
 139.374234,   35.066216,       42.49,
 139.378739,   35.066216,       42.72,
 139.383243,   35.066216,       43.07,
 139.387748,   35.066216,       43.46,
 139.392252,   35.066216,       43.87,
 139.396757,   35.066216,       44.28,
 139.401261,   35.066216,       44.70,
 139.405766,   35.066216,       45.15,
 139.410270,   35.066216,       45.63,
 139.414775,   35.066216,       46.12,
 139.419279,   35.066216,       46.64,
 139.423784,   35.066216,       47.17,
 139.428288,   35.066216,       47.71,
 139.432793,   35.066216,       48.26,
 139.437297,   35.066216,       48.80,
 139.441802,   35.066216,       49.33,
 139.446306,   35.066216,       49.90,
 139.450811,   35.066216,       50.46,
 139.455315,   35.066216,       51.01,
 139.459820,   35.066216,       51.56,
 139.464324,   35.066216,       52.11,
 139.468829,   35.066216,       52.66,
 139.473333,   35.066216,       53.20,
 139.477838,   35.066216,       53.67,
 139.482342,   35.066216,       54.08,
 139.486847,   35.066216,       54.49,
 139.491351,   35.066216,       54.89,
 139.495856,   35.066216,       55.28,
 139.500360,   35.066216,       55.67,
 139.504865,   35.066216,       56.07,
 139.509369,   35.066216,       56.43,
 139.513874,   35.066216,       56.79,
 139.518378,   35.066216,       57.16,
 139.522883,   35.066216,       57.52,
 139.527387,   35.066216,       57.88,
 139.531892,   35.066216,       58.23,
 139.536396,   35.066216,       58.59,
 139.540901,   35.066216,       58.97,
 139.545405,   35.066216,       59.38,
 139.549910,   35.066216,       59.82,
 139.554414,   35.066216,       60.37,
 139.558919,   35.066216,       61.03,
 139.563423,   35.066216,       61.87,
 139.567928,   35.066216,       62.78,
 139.572432,   35.066216,       63.69,
 139.576937,   35.066216,       64.59,
 139.581441,   35.066216,       65.47,
 139.585946,   35.066216,       66.35,
 139.590450,   35.066216,       67.22,
 139.594955,   35.066216,       68.09,
 139.599459,   35.066216,       68.89,
 139.603964,   35.066216,       69.43,
 139.608468,   35.066216,       69.68,
 139.612973,   35.066216,       69.89,
 139.617477,   35.066216,       70.12,
 139.621982,   35.066216,       70.34,
 139.626486,   35.066216,       70.50,
 139.630991,   35.066216,       70.59,
 139.635495,   35.066216,       70.64,
 139.640000,   35.066216,       70.67,
 139.644505,   35.066216,       70.70,
 139.649009,   35.066216,       70.72,
 139.653514,   35.066216,       70.74,
 139.658018,   35.066216,       70.73,
 139.662523,   35.066216,       70.73,
 139.667027,   35.066216,       70.75,
 139.671532,   35.066216,       70.72,
 139.676036,   35.066216,       70.63,
 139.680541,   35.066216,       70.58,
 139.685045,   35.066216,       70.55,
 139.689550,   35.066216,       70.56,
 139.694054,   35.066216,       70.61,
 139.698559,   35.066216,       70.67,
 139.703063,   35.066216,       70.72,
 139.707568,   35.066216,       70.75,
 139.712072,   35.066216,       70.90,
 139.716577,   35.066216,       71.11,
 139.721081,   35.066216,       71.31,
 139.725586,   35.066216,       71.49,
 139.730090,   35.066216,       71.66,
 139.734595,   35.066216,       71.81,
 139.739099,   35.066216,       71.84,
 139.743604,   35.066216,       71.89,
 139.748108,   35.066216,       71.79,
 139.752613,   35.066216,       71.48,
 139.757117,   35.066216,       71.25,
 139.761622,   35.066216,       70.73,
 139.766126,   35.066216,       69.86,
 139.770631,   35.066216,       68.95,
 139.775135,   35.066216,       67.54,
 139.779640,   35.066216,       65.89,
 139.784144,   35.066216,       64.24,
 139.788649,   35.066216,       62.10,
 139.793153,   35.066216,       59.73,
 139.797658,   35.066216,       58.30,
 139.802162,   35.066216,       59.50,
 139.806667,   35.066216,       61.80,
 139.811171,   35.066216,       64.67,
 139.815676,   35.066216,       68.77,
 139.820180,   35.066216,       72.97,
 139.824685,   35.066216,       78.02,
 139.829189,   35.066216,       89.68,
 139.833694,   35.066216,      101.31,
 139.838198,   35.066216,      101.31,
 139.842703,   35.066216,      101.31,
 139.847207,   35.066216,      101.31,
 139.851712,   35.066216,      104.77,
 139.856216,   35.066216,      104.77,
 139.860721,   35.066216,      104.77,
 139.865225,   35.066216,      104.77,
 139.869730,   35.066216,      104.77,
 139.874234,   35.066216,      102.08,
 139.878739,   35.066216,       99.48,
 139.883243,   35.066216,       96.97,
 139.887748,   35.066216,       94.54,
 139.892252,   35.066216,       92.19,
 139.896757,   35.066216,       89.90,
 139.901261,   35.066216,       87.68,
 139.905766,   35.066216,       85.53,
 139.910270,   35.066216,       83.44,
 139.914775,   35.066216,       81.41,
 139.919279,   35.066216,       79.44,
 139.923784,   35.066216,       77.52,
 139.928288,   35.066216,       75.66,
 139.932793,   35.066216,       73.85,
 139.937297,   35.066216,       72.11,
 139.941802,   35.066216,       70.43,
 139.946306,   35.066216,       68.81,
 139.950811,   35.066216,       67.24,
 139.955315,   35.066216,       65.73,
 139.959820,   35.066216,       64.26,
 139.964324,   35.066216,       62.84,
 139.968829,   35.066216,       61.46,
 139.973333,   35.066216,       60.12,
 139.977838,   35.066216,       58.82,
 139.982342,   35.066216,       57.56,
 139.986847,   35.066216,       56.32,
 139.991351,   35.066216,       55.12,
 139.995856,   35.066216,       53.95,
 140.000360,   35.066216,       52.81,
 140.004865,   35.066216,       51.69,
 140.009369,   35.066216,       50.62,
 140.013874,   35.066216,       49.63,
 140.018378,   35.066216,       48.71,
 140.022883,   35.066216,       47.87,
 140.027387,   35.066216,       47.14,
 140.031892,   35.066216,       46.50,
 140.036396,   35.066216,       46.01,
 140.040901,   35.066216,       45.64,
 140.045405,   35.066216,       45.37,
 140.049910,   35.066216,       45.17,
 140.054414,   35.066216,       45.00,
 140.058919,   35.066216,       44.85,
 140.063423,   35.066216,       44.80,
 140.067928,   35.066216,       44.84,
 140.072432,   35.066216,       44.86,
 140.076937,   35.066216,       44.86,
 140.081441,   35.066216,       44.82,
 140.085946,   35.066216,       44.76,
 140.090450,   35.066216,       44.70,
 140.094955,   35.066216,       44.67,
 140.099459,   35.066216,       44.62,
 140.103964,   35.066216,       44.56,
 140.108468,   35.066216,       44.54,
 140.112973,   35.066216,       44.52,
 140.117477,   35.066216,       44.48,
 140.121982,   35.066216,       44.45,
 140.126486,   35.066216,       44.41,
 140.130991,   35.066216,       44.37,
 140.135495,   35.066216,       44.30,
 140.140000,   35.066216,       44.20,
 140.144505,   35.066216,       44.11,
 140.149009,   35.066216,       44.00,
 140.153514,   35.066216,       43.88,
 140.158018,   35.066216,       43.74,
 140.162523,   35.066216,       43.61,
 140.167027,   35.066216,       43.47,
 140.171532,   35.066216,       43.32,
 140.176036,   35.066216,       43.18,
 140.180541,   35.066216,       43.06,
 140.185045,   35.066216,       42.93,
 140.189550,   35.066216,       42.80,
 140.194054,   35.066216,       42.67,
 140.198559,   35.066216,       42.55,
 140.203063,   35.066216,       42.42,
 140.207568,   35.066216,       42.28,
 140.212072,   35.066216,       42.16,
 140.216577,   35.066216,       42.02,
 140.221081,   35.066216,       41.86,
 140.225586,   35.066216,       41.70,
 140.230090,   35.066216,       41.56,
 140.234595,   35.066216,       41.44,
 140.239099,   35.066216,       41.31,
 140.243604,   35.066216,       41.16,
 140.248108,   35.066216,       41.05,
 140.252613,   35.066216,       40.97,
 140.257117,   35.066216,       40.87,
 140.261622,   35.066216,       40.77,
 140.266126,   35.066216,       40.71,
 140.270631,   35.066216,       40.69,
 140.275135,   35.066216,       40.67,
 140.279640,   35.066216,       40.66,
 140.284144,   35.066216,       40.64,
 140.288649,   35.066216,       40.70,
 140.293153,   35.066216,       40.78,
 140.297658,   35.066216,       40.85,
 140.302162,   35.066216,       40.92,
 140.306667,   35.066216,       40.95,
 140.311171,   35.066216,       40.93,
 140.315676,   35.066216,       40.89,
 140.320180,   35.066216,       40.86,
 140.324685,   35.066216,       40.89,
 140.329189,   35.066216,       40.94,
 140.333694,   35.066216,       40.98,
 140.338198,   35.066216,       40.97,
 140.342703,   35.066216,       41.06,
 140.347207,   35.066216,       41.17,
 140.351712,   35.066216,       41.28,
 140.356216,   35.066216,       41.38,
 140.360721,   35.066216,       41.45,
 140.365225,   35.066216,       41.51,
 140.369730,   35.066216,       41.53,
 140.374234,   35.066216,       41.51,
 140.378739,   35.066216,       41.44,
 140.383243,   35.066216,       41.34,
 140.387748,   35.066216,       41.44,
 139.140000,   35.070721,       48.84,
 139.144505,   35.070721,       49.50,
 139.149009,   35.070721,       50.02,
 139.153514,   35.070721,       50.43,
 139.158018,   35.070721,       50.71,
 139.162523,   35.070721,       50.42,
 139.167027,   35.070721,       50.04,
 139.171532,   35.070721,       49.74,
 139.176036,   35.070721,       49.51,
 139.180541,   35.070721,       49.45,
 139.185045,   35.070721,       49.44,
 139.189550,   35.070721,       49.45,
 139.194054,   35.070721,       49.42,
 139.198559,   35.070721,       49.20,
 139.203063,   35.070721,       48.85,
 139.207568,   35.070721,       48.45,
 139.212072,   35.070721,       48.06,
 139.216577,   35.070721,       47.68,
 139.221081,   35.070721,       47.34,
 139.225586,   35.070721,       46.95,
 139.230090,   35.070721,       46.55,
 139.234595,   35.070721,       46.17,
 139.239099,   35.070721,       45.79,
 139.243604,   35.070721,       45.41,
 139.248108,   35.070721,       45.06,
 139.252613,   35.070721,       44.74,
 139.257117,   35.070721,       44.47,
 139.261622,   35.070721,       44.22,
 139.266126,   35.070721,       43.98,
 139.270631,   35.070721,       43.74,
 139.275135,   35.070721,       43.50,
 139.279640,   35.070721,       43.26,
 139.284144,   35.070721,       43.03,
 139.288649,   35.070721,       42.82,
 139.293153,   35.070721,       42.62,
 139.297658,   35.070721,       42.44,
 139.302162,   35.070721,       42.28,
 139.306667,   35.070721,       42.15,
 139.311171,   35.070721,       42.03,
 139.315676,   35.070721,       41.91,
 139.320180,   35.070721,       41.79,
 139.324685,   35.070721,       41.67,
 139.329189,   35.070721,       41.55,
 139.333694,   35.070721,       41.48,
 139.338198,   35.070721,       41.49,
 139.342703,   35.070721,       41.57,
 139.347207,   35.070721,       41.69,
 139.351712,   35.070721,       41.80,
 139.356216,   35.070721,       41.90,
 139.360721,   35.070721,       41.98,
 139.365225,   35.070721,       42.04,
 139.369730,   35.070721,       42.09,
 139.374234,   35.070721,       42.14,
 139.378739,   35.070721,       42.38,
 139.383243,   35.070721,       42.82,
 139.387748,   35.070721,       43.28,
 139.392252,   35.070721,       43.73,
 139.396757,   35.070721,       44.17,
 139.401261,   35.070721,       44.61,
 139.405766,   35.070721,       45.05,
 139.410270,   35.070721,       45.52,
 139.414775,   35.070721,       46.01,
 139.419279,   35.070721,       46.52,
 139.423784,   35.070721,       47.06,
 139.428288,   35.070721,       47.62,
 139.432793,   35.070721,       48.18,
 139.437297,   35.070721,       48.75,
 139.441802,   35.070721,       49.33,
 139.446306,   35.070721,       49.93,
 139.450811,   35.070721,       50.50,
 139.455315,   35.070721,       51.05,
 139.459820,   35.070721,       51.60,
 139.464324,   35.070721,       52.14,
 139.468829,   35.070721,       52.69,
 139.473333,   35.070721,       53.23,
 139.477838,   35.070721,       53.68,
 139.482342,   35.070721,       54.11,
 139.486847,   35.070721,       54.53,
 139.491351,   35.070721,       54.95,
 139.495856,   35.070721,       55.34,
 139.500360,   35.070721,       55.73,
 139.504865,   35.070721,       56.11,
 139.509369,   35.070721,       56.50,
 139.513874,   35.070721,       56.90,
 139.518378,   35.070721,       57.29,
 139.522883,   35.070721,       57.67,
 139.527387,   35.070721,       58.04,
 139.531892,   35.070721,       58.41,
 139.536396,   35.070721,       58.79,
 139.540901,   35.070721,       59.19,
 139.545405,   35.070721,       59.61,
 139.549910,   35.070721,       60.04,
 139.554414,   35.070721,       60.48,
 139.558919,   35.070721,       60.92,
 139.563423,   35.070721,       61.65,
 139.567928,   35.070721,       62.56,
 139.572432,   35.070721,       63.45,
 139.576937,   35.070721,       64.34,
 139.581441,   35.070721,       65.23,
 139.585946,   35.070721,       66.09,
 139.590450,   35.070721,       66.96,
 139.594955,   35.070721,       67.83,
 139.599459,   35.070721,       68.58,
 139.603964,   35.070721,       68.86,
 139.608468,   35.070721,       69.10,
 139.612973,   35.070721,       69.28,
 139.617477,   35.070721,       69.44,
 139.621982,   35.070721,       69.59,
 139.626486,   35.070721,       69.67,
 139.630991,   35.070721,       69.71,
 139.635495,   35.070721,       69.73,
 139.640000,   35.070721,       69.76,
 139.644505,   35.070721,       69.76,
 139.649009,   35.070721,       69.77,
 139.653514,   35.070721,       69.72,
 139.658018,   35.070721,       69.64,
 139.662523,   35.070721,       69.58,
 139.667027,   35.070721,       69.52,
 139.671532,   35.070721,       69.47,
 139.676036,   35.070721,       69.37,
 139.680541,   35.070721,       69.26,
 139.685045,   35.070721,       69.16,
 139.689550,   35.070721,       69.08,
 139.694054,   35.070721,       69.12,
 139.698559,   35.070721,       69.23,
 139.703063,   35.070721,       69.32,
 139.707568,   35.070721,       69.43,
 139.712072,   35.070721,       69.61,
 139.716577,   35.070721,       69.82,
 139.721081,   35.070721,       70.02,
 139.725586,   35.070721,       70.21,
 139.730090,   35.070721,       70.41,
 139.734595,   35.070721,       70.59,
 139.739099,   35.070721,       70.70,
 139.743604,   35.070721,       70.78,
 139.748108,   35.070721,       70.78,
 139.752613,   35.070721,       70.63,
 139.757117,   35.070721,       70.48,
 139.761622,   35.070721,       70.14,
 139.766126,   35.070721,       69.29,
 139.770631,   35.070721,       68.47,
 139.775135,   35.070721,       67.43,
 139.779640,   35.070721,       65.83,
 139.784144,   35.070721,       64.27,
 139.788649,   35.070721,       62.54,
 139.793153,   35.070721,       60.87,
 139.797658,   35.070721,       60.30,
 139.802162,   35.070721,       60.55,
 139.806667,   35.070721,       62.19,
 139.811171,   35.070721,       65.77,
 139.815676,   35.070721,       69.99,
 139.820180,   35.070721,       74.44,
 139.824685,   35.070721,       81.64,
 139.829189,   35.070721,       94.27,
 139.833694,   35.070721,       94.27,
 139.838198,   35.070721,       94.27,
 139.842703,   35.070721,       94.27,
 139.847207,   35.070721,       94.27,
 139.851712,   35.070721,      105.84,
 139.856216,   35.070721,      105.84,
 139.860721,   35.070721,      105.84,
 139.865225,   35.070721,      105.84,
 139.869730,   35.070721,      105.84,
 139.874234,   35.070721,      102.95,
 139.878739,   35.070721,      100.20,
 139.883243,   35.070721,       97.57,
 139.887748,   35.070721,       95.04,
 139.892252,   35.070721,       92.62,
 139.896757,   35.070721,       90.27,
 139.901261,   35.070721,       88.00,
 139.905766,   35.070721,       85.81,
 139.910270,   35.070721,       83.69,
 139.914775,   35.070721,       81.64,
 139.919279,   35.070721,       79.64,
 139.923784,   35.070721,       77.71,
 139.928288,   35.070721,       75.85,
 139.932793,   35.070721,       74.07,
 139.937297,   35.070721,       72.35,
 139.941802,   35.070721,       70.69,
 139.946306,   35.070721,       69.09,
 139.950811,   35.070721,       67.55,
 139.955315,   35.070721,       66.05,
 139.959820,   35.070721,       64.61,
 139.964324,   35.070721,       63.21,
 139.968829,   35.070721,       61.85,
 139.973333,   35.070721,       60.54,
 139.977838,   35.070721,       59.26,
 139.982342,   35.070721,       58.01,
 139.986847,   35.070721,       56.80,
 139.991351,   35.070721,       55.62,
 139.995856,   35.070721,       54.47,
 140.000360,   35.070721,       53.35,
 140.004865,   35.070721,       52.26,
 140.009369,   35.070721,       51.21,
 140.013874,   35.070721,       50.23,
 140.018378,   35.070721,       49.31,
 140.022883,   35.070721,       48.47,
 140.027387,   35.070721,       47.72,
 140.031892,   35.070721,       47.05,
 140.036396,   35.070721,       46.49,
 140.040901,   35.070721,       46.06,
 140.045405,   35.070721,       45.71,
 140.049910,   35.070721,       45.45,
 140.054414,   35.070721,       45.26,
 140.058919,   35.070721,       45.07,
 140.063423,   35.070721,       44.91,
 140.067928,   35.070721,       44.80,
 140.072432,   35.070721,       44.80,
 140.076937,   35.070721,       44.88,
 140.081441,   35.070721,       44.86,
 140.085946,   35.070721,       44.79,
 140.090450,   35.070721,       44.73,
 140.094955,   35.070721,       44.67,
 140.099459,   35.070721,       44.62,
 140.103964,   35.070721,       44.56,
 140.108468,   35.070721,       44.49,
 140.112973,   35.070721,       44.44,
 140.117477,   35.070721,       44.41,
 140.121982,   35.070721,       44.35,
 140.126486,   35.070721,       44.30,
 140.130991,   35.070721,       44.24,
 140.135495,   35.070721,       44.17,
 140.140000,   35.070721,       44.08,
 140.144505,   35.070721,       43.98,
 140.149009,   35.070721,       43.88,
 140.153514,   35.070721,       43.76,
 140.158018,   35.070721,       43.65,
 140.162523,   35.070721,       43.52,
 140.167027,   35.070721,       43.39,
 140.171532,   35.070721,       43.27,
 140.176036,   35.070721,       43.16,
 140.180541,   35.070721,       43.04,
 140.185045,   35.070721,       42.92,
 140.189550,   35.070721,       42.82,
 140.194054,   35.070721,       42.73,
 140.198559,   35.070721,       42.63,
 140.203063,   35.070721,       42.52,
 140.207568,   35.070721,       42.41,
 140.212072,   35.070721,       42.31,
 140.216577,   35.070721,       42.19,
 140.221081,   35.070721,       42.05,
 140.225586,   35.070721,       41.94,
 140.230090,   35.070721,       41.82,
 140.234595,   35.070721,       41.66,
 140.239099,   35.070721,       41.49,
 140.243604,   35.070721,       41.32,
 140.248108,   35.070721,       41.20,
 140.252613,   35.070721,       41.14,
 140.257117,   35.070721,       41.07,
 140.261622,   35.070721,       41.01,
 140.266126,   35.070721,       40.96,
 140.270631,   35.070721,       40.93,
 140.275135,   35.070721,       40.91,
 140.279640,   35.070721,       40.91,
 140.284144,   35.070721,       40.94,
 140.288649,   35.070721,       41.01,
 140.293153,   35.070721,       41.09,
 140.297658,   35.070721,       41.17,
 140.302162,   35.070721,       41.24,
 140.306667,   35.070721,       41.29,
 140.311171,   35.070721,       41.32,
 140.315676,   35.070721,       41.31,
 140.320180,   35.070721,       41.30,
 140.324685,   35.070721,       41.32,
 140.329189,   35.070721,       41.35,
 140.333694,   35.070721,       41.30,
 140.338198,   35.070721,       41.22,
 140.342703,   35.070721,       41.24,
 140.347207,   35.070721,       41.34,
 140.351712,   35.070721,       41.43,
 140.356216,   35.070721,       41.53,
 140.360721,   35.070721,       41.59,
 140.365225,   35.070721,       41.61,
 140.369730,   35.070721,       41.58,
 140.374234,   35.070721,       41.52,
 140.378739,   35.070721,       41.78,
 140.383243,   35.070721,       42.21,
 140.387748,   35.070721,       42.73,
 139.140000,   35.075225,       47.47,
 139.144505,   35.075225,       48.24,
 139.149009,   35.075225,       48.89,
 139.153514,   35.075225,       49.41,
 139.158018,   35.075225,       49.81,
 139.162523,   35.075225,       50.08,
 139.167027,   35.075225,       50.23,
 139.171532,   35.075225,       50.09,
 139.176036,   35.075225,       49.83,
 139.180541,   35.075225,       49.81,
 139.185045,   35.075225,       49.80,
 139.189550,   35.075225,       49.79,
 139.194054,   35.075225,       49.70,
 139.198559,   35.075225,       49.33,
 139.203063,   35.075225,       48.91,
 139.207568,   35.075225,       48.51,
 139.212072,   35.075225,       48.10,
 139.216577,   35.075225,       47.70,
 139.221081,   35.075225,       47.28,
 139.225586,   35.075225,       46.85,
 139.230090,   35.075225,       46.45,
 139.234595,   35.075225,       46.05,
 139.239099,   35.075225,       45.66,
 139.243604,   35.075225,       45.29,
 139.248108,   35.075225,       44.95,
 139.252613,   35.075225,       44.63,
 139.257117,   35.075225,       44.35,
 139.261622,   35.075225,       44.09,
 139.266126,   35.075225,       43.84,
 139.270631,   35.075225,       43.59,
 139.275135,   35.075225,       43.34,
 139.279640,   35.075225,       43.09,
 139.284144,   35.075225,       42.85,
 139.288649,   35.075225,       42.63,
 139.293153,   35.075225,       42.43,
 139.297658,   35.075225,       42.27,
 139.302162,   35.075225,       42.14,
 139.306667,   35.075225,       42.04,
 139.311171,   35.075225,       41.94,
 139.315676,   35.075225,       41.85,
 139.320180,   35.075225,       41.75,
 139.324685,   35.075225,       41.66,
 139.329189,   35.075225,       41.57,
 139.333694,   35.075225,       41.53,
 139.338198,   35.075225,       41.53,
 139.342703,   35.075225,       41.57,
 139.347207,   35.075225,       41.64,
 139.351712,   35.075225,       41.73,
 139.356216,   35.075225,       41.81,
 139.360721,   35.075225,       41.88,
 139.365225,   35.075225,       41.94,
 139.369730,   35.075225,       41.99,
 139.374234,   35.075225,       42.02,
 139.378739,   35.075225,       42.25,
 139.383243,   35.075225,       42.74,
 139.387748,   35.075225,       43.23,
 139.392252,   35.075225,       43.69,
 139.396757,   35.075225,       44.14,
 139.401261,   35.075225,       44.58,
 139.405766,   35.075225,       45.00,
 139.410270,   35.075225,       45.42,
 139.414775,   35.075225,       45.89,
 139.419279,   35.075225,       46.41,
 139.423784,   35.075225,       46.97,
 139.428288,   35.075225,       47.56,
 139.432793,   35.075225,       48.15,
 139.437297,   35.075225,       48.74,
 139.441802,   35.075225,       49.35,
 139.446306,   35.075225,       49.96,
 139.450811,   35.075225,       50.54,
 139.455315,   35.075225,       51.09,
 139.459820,   35.075225,       51.64,
 139.464324,   35.075225,       52.18,
 139.468829,   35.075225,       52.72,
 139.473333,   35.075225,       53.26,
 139.477838,   35.075225,       53.73,
 139.482342,   35.075225,       54.19,
 139.486847,   35.075225,       54.62,
 139.491351,   35.075225,       55.04,
 139.495856,   35.075225,       55.45,
 139.500360,   35.075225,       55.85,
 139.504865,   35.075225,       56.26,
 139.509369,   35.075225,       56.67,
 139.513874,   35.075225,       57.07,
 139.518378,   35.075225,       57.46,
 139.522883,   35.075225,       57.84,
 139.527387,   35.075225,       58.23,
 139.531892,   35.075225,       58.62,
 139.536396,   35.075225,       59.01,
 139.540901,   35.075225,       59.41,
 139.545405,   35.075225,       59.82,
 139.549910,   35.075225,       60.25,
 139.554414,   35.075225,       60.67,
 139.558919,   35.075225,       61.10,
 139.563423,   35.075225,       61.66,
 139.567928,   35.075225,       62.47,
 139.572432,   35.075225,       63.30,
 139.576937,   35.075225,       64.11,
 139.581441,   35.075225,       64.97,
 139.585946,   35.075225,       65.80,
 139.590450,   35.075225,       66.65,
 139.594955,   35.075225,       67.49,
 139.599459,   35.075225,       68.07,
 139.603964,   35.075225,       68.36,
 139.608468,   35.075225,       68.60,
 139.612973,   35.075225,       68.79,
 139.617477,   35.075225,       68.90,
 139.621982,   35.075225,       68.88,
 139.626486,   35.075225,       68.92,
 139.630991,   35.075225,       68.91,
 139.635495,   35.075225,       68.85,
 139.640000,   35.075225,       68.85,
 139.644505,   35.075225,       68.83,
 139.649009,   35.075225,       68.80,
 139.653514,   35.075225,       68.73,
 139.658018,   35.075225,       68.59,
 139.662523,   35.075225,       68.46,
 139.667027,   35.075225,       68.33,
 139.671532,   35.075225,       68.23,
 139.676036,   35.075225,       68.13,
 139.680541,   35.075225,       68.02,
 139.685045,   35.075225,       67.90,
 139.689550,   35.075225,       67.78,
 139.694054,   35.075225,       67.79,
 139.698559,   35.075225,       67.91,
 139.703063,   35.075225,       68.03,
 139.707568,   35.075225,       68.15,
 139.712072,   35.075225,       68.34,
 139.716577,   35.075225,       68.56,
 139.721081,   35.075225,       68.78,
 139.725586,   35.075225,       68.99,
 139.730090,   35.075225,       69.19,
 139.734595,   35.075225,       69.39,
 139.739099,   35.075225,       69.53,
 139.743604,   35.075225,       69.65,
 139.748108,   35.075225,       69.75,
 139.752613,   35.075225,       69.63,
 139.757117,   35.075225,       69.51,
 139.761622,   35.075225,       69.28,
 139.766126,   35.075225,       68.60,
 139.770631,   35.075225,       67.82,
 139.775135,   35.075225,       67.02,
 139.779640,   35.075225,       65.68,
 139.784144,   35.075225,       64.13,
 139.788649,   35.075225,       62.69,
 139.793153,   35.075225,       61.74,
 139.797658,   35.075225,       61.27,
 139.802162,   35.075225,       61.39,
 139.806667,   35.075225,       62.75,
 139.811171,   35.075225,       66.31,
 139.815676,   35.075225,       70.56,
 139.820180,   35.075225,       75.62,
 139.824685,   35.075225,       84.55,
 139.829189,   35.075225,       97.94,
 139.833694,   35.075225,       97.94,
 139.838198,   35.075225,       97.94,
 139.842703,   35.075225,       97.94,
 139.847207,   35.075225,       97.94,
 139.851712,   35.075225,      106.59,
 139.856216,   35.075225,      106.59,
 139.860721,   35.075225,      106.59,
 139.865225,   35.075225,      106.59,
 139.869730,   35.075225,      106.59,
 139.874234,   35.075225,      103.56,
 139.878739,   35.075225,      100.70,
 139.883243,   35.075225,       97.98,
 139.887748,   35.075225,       95.38,
 139.892252,   35.075225,       92.90,
 139.896757,   35.075225,       90.50,
 139.901261,   35.075225,       88.20,
 139.905766,   35.075225,       85.97,
 139.910270,   35.075225,       83.83,
 139.914775,   35.075225,       81.75,
 139.919279,   35.075225,       79.75,
 139.923784,   35.075225,       77.83,
 139.928288,   35.075225,       75.99,
 139.932793,   35.075225,       74.23,
 139.937297,   35.075225,       72.53,
 139.941802,   35.075225,       70.90,
 139.946306,   35.075225,       69.32,
 139.950811,   35.075225,       67.80,
 139.955315,   35.075225,       66.33,
 139.959820,   35.075225,       64.90,
 139.964324,   35.075225,       63.53,
 139.968829,   35.075225,       62.19,
 139.973333,   35.075225,       60.90,
 139.977838,   35.075225,       59.64,
 139.982342,   35.075225,       58.41,
 139.986847,   35.075225,       57.22,
 139.991351,   35.075225,       56.06,
 139.995856,   35.075225,       54.93,
 140.000360,   35.075225,       53.83,
 140.004865,   35.075225,       52.76,
 140.009369,   35.075225,       51.73,
 140.013874,   35.075225,       50.76,
 140.018378,   35.075225,       49.85,
 140.022883,   35.075225,       49.02,
 140.027387,   35.075225,       48.25,
 140.031892,   35.075225,       47.57,
 140.036396,   35.075225,       46.97,
 140.040901,   35.075225,       46.48,
 140.045405,   35.075225,       46.09,
 140.049910,   35.075225,       45.77,
 140.054414,   35.075225,       45.53,
 140.058919,   35.075225,       45.33,
 140.063423,   35.075225,       45.13,
 140.067928,   35.075225,       44.95,
 140.072432,   35.075225,       44.81,
 140.076937,   35.075225,       44.76,
 140.081441,   35.075225,       44.80,
 140.085946,   35.075225,       44.80,
 140.090450,   35.075225,       44.74,
 140.094955,   35.075225,       44.68,
 140.099459,   35.075225,       44.62,
 140.103964,   35.075225,       44.56,
 140.108468,   35.075225,       44.48,
 140.112973,   35.075225,       44.39,
 140.117477,   35.075225,       44.33,
 140.121982,   35.075225,       44.27,
 140.126486,   35.075225,       44.19,
 140.130991,   35.075225,       44.13,
 140.135495,   35.075225,       44.05,
 140.140000,   35.075225,       43.96,
 140.144505,   35.075225,       43.86,
 140.149009,   35.075225,       43.76,
 140.153514,   35.075225,       43.66,
 140.158018,   35.075225,       43.56,
 140.162523,   35.075225,       43.45,
 140.167027,   35.075225,       43.33,
 140.171532,   35.075225,       43.23,
 140.176036,   35.075225,       43.14,
 140.180541,   35.075225,       43.03,
 140.185045,   35.075225,       42.94,
 140.189550,   35.075225,       42.88,
 140.194054,   35.075225,       42.83,
 140.198559,   35.075225,       42.74,
 140.203063,   35.075225,       42.65,
 140.207568,   35.075225,       42.56,
 140.212072,   35.075225,       42.47,
 140.216577,   35.075225,       42.39,
 140.221081,   35.075225,       42.30,
 140.225586,   35.075225,       42.19,
 140.230090,   35.075225,       42.08,
 140.234595,   35.075225,       41.93,
 140.239099,   35.075225,       41.77,
 140.243604,   35.075225,       41.60,
 140.248108,   35.075225,       41.48,
 140.252613,   35.075225,       41.39,
 140.257117,   35.075225,       41.31,
 140.261622,   35.075225,       41.25,
 140.266126,   35.075225,       41.22,
 140.270631,   35.075225,       41.18,
 140.275135,   35.075225,       41.19,
 140.279640,   35.075225,       41.24,
 140.284144,   35.075225,       41.29,
 140.288649,   35.075225,       41.35,
 140.293153,   35.075225,       41.43,
 140.297658,   35.075225,       41.51,
 140.302162,   35.075225,       41.55,
 140.306667,   35.075225,       41.59,
 140.311171,   35.075225,       41.65,
 140.315676,   35.075225,       41.68,
 140.320180,   35.075225,       41.67,
 140.324685,   35.075225,       41.68,
 140.329189,   35.075225,       41.65,
 140.333694,   35.075225,       41.57,
 140.338198,   35.075225,       41.47,
 140.342703,   35.075225,       41.43,
 140.347207,   35.075225,       41.53,
 140.351712,   35.075225,       41.63,
 140.356216,   35.075225,       41.72,
 140.360721,   35.075225,       41.76,
 140.365225,   35.075225,       41.80,
 140.369730,   35.075225,       42.03,
 140.374234,   35.075225,       42.36,
 140.378739,   35.075225,       42.79,
 140.383243,   35.075225,       43.31,
 140.387748,   35.075225,       43.93,
 139.140000,   35.079730,       46.22,
 139.144505,   35.079730,       47.11,
 139.149009,   35.079730,       47.87,
 139.153514,   35.079730,       48.51,
 139.158018,   35.079730,       49.03,
 139.162523,   35.079730,       49.42,
 139.167027,   35.079730,       49.69,
 139.171532,   35.079730,       49.83,
 139.176036,   35.079730,       49.84,
 139.180541,   35.079730,       49.82,
 139.185045,   35.079730,       49.83,
 139.189550,   35.079730,       49.86,
 139.194054,   35.079730,       49.76,
 139.198559,   35.079730,       49.38,
 139.203063,   35.079730,       48.97,
 139.207568,   35.079730,       48.56,
 139.212072,   35.079730,       48.15,
 139.216577,   35.079730,       47.71,
 139.221081,   35.079730,       47.24,
 139.225586,   35.079730,       46.78,
 139.230090,   35.079730,       46.35,
 139.234595,   35.079730,       45.93,
 139.239099,   35.079730,       45.53,
 139.243604,   35.079730,       45.16,
 139.248108,   35.079730,       44.82,
 139.252613,   35.079730,       44.52,
 139.257117,   35.079730,       44.23,
 139.261622,   35.079730,       43.96,
 139.266126,   35.079730,       43.70,
 139.270631,   35.079730,       43.44,
 139.275135,   35.079730,       43.19,
 139.279640,   35.079730,       42.93,
 139.284144,   35.079730,       42.68,
 139.288649,   35.079730,       42.44,
 139.293153,   35.079730,       42.24,
 139.297658,   35.079730,       42.11,
 139.302162,   35.079730,       42.03,
 139.306667,   35.079730,       41.95,
 139.311171,   35.079730,       41.87,
 139.315676,   35.079730,       41.80,
 139.320180,   35.079730,       41.72,
 139.324685,   35.079730,       41.65,
 139.329189,   35.079730,       41.60,
 139.333694,   35.079730,       41.57,
 139.338198,   35.079730,       41.57,
 139.342703,   35.079730,       41.59,
 139.347207,   35.079730,       41.64,
 139.351712,   35.079730,       41.71,
 139.356216,   35.079730,       41.79,
 139.360721,   35.079730,       41.88,
 139.365225,   35.079730,       41.98,
 139.369730,   35.079730,       42.08,
 139.374234,   35.079730,       42.21,
 139.378739,   35.079730,       42.46,
 139.383243,   35.079730,       42.84,
 139.387748,   35.079730,       43.29,
 139.392252,   35.079730,       43.74,
 139.396757,   35.079730,       44.17,
 139.401261,   35.079730,       44.58,
 139.405766,   35.079730,       44.98,
 139.410270,   35.079730,       45.36,
 139.414775,   35.079730,       45.77,
 139.419279,   35.079730,       46.31,
 139.423784,   35.079730,       46.92,
 139.428288,   35.079730,       47.53,
 139.432793,   35.079730,       48.14,
 139.437297,   35.079730,       48.76,
 139.441802,   35.079730,       49.39,
 139.446306,   35.079730,       50.00,
 139.450811,   35.079730,       50.59,
 139.455315,   35.079730,       51.15,
 139.459820,   35.079730,       51.69,
 139.464324,   35.079730,       52.23,
 139.468829,   35.079730,       52.79,
 139.473333,   35.079730,       53.34,
 139.477838,   35.079730,       53.85,
 139.482342,   35.079730,       54.31,
 139.486847,   35.079730,       54.75,
 139.491351,   35.079730,       55.17,
 139.495856,   35.079730,       55.59,
 139.500360,   35.079730,       56.01,
 139.504865,   35.079730,       56.43,
 139.509369,   35.079730,       56.85,
 139.513874,   35.079730,       57.26,
 139.518378,   35.079730,       57.65,
 139.522883,   35.079730,       58.04,
 139.527387,   35.079730,       58.43,
 139.531892,   35.079730,       58.82,
 139.536396,   35.079730,       59.21,
 139.540901,   35.079730,       59.61,
 139.545405,   35.079730,       59.98,
 139.549910,   35.079730,       60.39,
 139.554414,   35.079730,       60.81,
 139.558919,   35.079730,       61.25,
 139.563423,   35.079730,       61.80,
 139.567928,   35.079730,       62.51,
 139.572432,   35.079730,       63.22,
 139.576937,   35.079730,       63.93,
 139.581441,   35.079730,       64.64,
 139.585946,   35.079730,       65.45,
 139.590450,   35.079730,       66.27,
 139.594955,   35.079730,       67.02,
 139.599459,   35.079730,       67.55,
 139.603964,   35.079730,       67.92,
 139.608468,   35.079730,       68.22,
 139.612973,   35.079730,       68.37,
 139.617477,   35.079730,       68.37,
 139.621982,   35.079730,       68.32,
 139.626486,   35.079730,       68.29,
 139.630991,   35.079730,       68.24,
 139.635495,   35.079730,       68.16,
 139.640000,   35.079730,       68.04,
 139.644505,   35.079730,       67.96,
 139.649009,   35.079730,       67.86,
 139.653514,   35.079730,       67.76,
 139.658018,   35.079730,       67.61,
 139.662523,   35.079730,       67.46,
 139.667027,   35.079730,       67.30,
 139.671532,   35.079730,       67.08,
 139.676036,   35.079730,       66.92,
 139.680541,   35.079730,       66.79,
 139.685045,   35.079730,       66.69,
 139.689550,   35.079730,       66.61,
 139.694054,   35.079730,       66.59,
 139.698559,   35.079730,       66.65,
 139.703063,   35.079730,       66.77,
 139.707568,   35.079730,       66.90,
 139.712072,   35.079730,       67.12,
 139.716577,   35.079730,       67.36,
 139.721081,   35.079730,       67.59,
 139.725586,   35.079730,       67.81,
 139.730090,   35.079730,       68.01,
 139.734595,   35.079730,       68.20,
 139.739099,   35.079730,       68.37,
 139.743604,   35.079730,       68.55,
 139.748108,   35.079730,       68.70,
 139.752613,   35.079730,       68.65,
 139.757117,   35.079730,       68.54,
 139.761622,   35.079730,       68.43,
 139.766126,   35.079730,       67.87,
 139.770631,   35.079730,       67.16,
 139.775135,   35.079730,       66.42,
 139.779640,   35.079730,       65.37,
 139.784144,   35.079730,       63.98,
 139.788649,   35.079730,       62.75,
 139.793153,   35.079730,       61.77,
 139.797658,   35.079730,       61.18,
 139.802162,   35.079730,       61.76,
 139.806667,   35.079730,       63.62,
 139.811171,   35.079730,       66.35,
 139.815676,   35.079730,       70.92,
 139.820180,   35.079730,       77.26,
 139.824685,   35.079730,       85.25,
 139.829189,   35.079730,       99.99,
 139.833694,   35.079730,       99.99,
 139.838198,   35.079730,       99.99,
 139.842703,   35.079730,       99.99,
 139.847207,   35.079730,       99.99,
 139.851712,   35.079730,      107.07,
 139.856216,   35.079730,      107.07,
 139.860721,   35.079730,      107.07,
 139.865225,   35.079730,      107.07,
 139.869730,   35.079730,      107.07,
 139.874234,   35.079730,      103.93,
 139.878739,   35.079730,      100.99,
 139.883243,   35.079730,       98.20,
 139.887748,   35.079730,       95.56,
 139.892252,   35.079730,       93.03,
 139.896757,   35.079730,       90.60,
 139.901261,   35.079730,       88.27,
 139.905766,   35.079730,       86.02,
 139.910270,   35.079730,       83.85,
 139.914775,   35.079730,       81.78,
 139.919279,   35.079730,       79.79,
 139.923784,   35.079730,       77.90,
 139.928288,   35.079730,       76.09,
 139.932793,   35.079730,       74.34,
 139.937297,   35.079730,       72.67,
 139.941802,   35.079730,       71.05,
 139.946306,   35.079730,       69.50,
 139.950811,   35.079730,       68.00,
 139.955315,   35.079730,       66.55,
 139.959820,   35.079730,       65.14,
 139.964324,   35.079730,       63.79,
 139.968829,   35.079730,       62.47,
 139.973333,   35.079730,       61.20,
 139.977838,   35.079730,       59.96,
 139.982342,   35.079730,       58.75,
 139.986847,   35.079730,       57.58,
 139.991351,   35.079730,       56.44,
 139.995856,   35.079730,       55.33,
 140.000360,   35.079730,       54.25,
 140.004865,   35.079730,       53.20,
 140.009369,   35.079730,       52.19,
 140.013874,   35.079730,       51.24,
 140.018378,   35.079730,       50.35,
 140.022883,   35.079730,       49.51,
 140.027387,   35.079730,       48.75,
 140.031892,   35.079730,       48.06,
 140.036396,   35.079730,       47.44,
 140.040901,   35.079730,       46.90,
 140.045405,   35.079730,       46.47,
 140.049910,   35.079730,       46.12,
 140.054414,   35.079730,       45.82,
 140.058919,   35.079730,       45.59,
 140.063423,   35.079730,       45.38,
 140.067928,   35.079730,       45.18,
 140.072432,   35.079730,       44.98,
 140.076937,   35.079730,       44.82,
 140.081441,   35.079730,       44.72,
 140.085946,   35.079730,       44.73,
 140.090450,   35.079730,       44.74,
 140.094955,   35.079730,       44.72,
 140.099459,   35.079730,       44.66,
 140.103964,   35.079730,       44.58,
 140.108468,   35.079730,       44.48,
 140.112973,   35.079730,       44.39,
 140.117477,   35.079730,       44.30,
 140.121982,   35.079730,       44.23,
 140.126486,   35.079730,       44.14,
 140.130991,   35.079730,       44.05,
 140.135495,   35.079730,       43.96,
 140.140000,   35.079730,       43.87,
 140.144505,   35.079730,       43.77,
 140.149009,   35.079730,       43.67,
 140.153514,   35.079730,       43.58,
 140.158018,   35.079730,       43.48,
 140.162523,   35.079730,       43.38,
 140.167027,   35.079730,       43.30,
 140.171532,   35.079730,       43.22,
 140.176036,   35.079730,       43.13,
 140.180541,   35.079730,       43.03,
 140.185045,   35.079730,       43.00,
 140.189550,   35.079730,       42.96,
 140.194054,   35.079730,       42.91,
 140.198559,   35.079730,       42.87,
 140.203063,   35.079730,       42.80,
 140.207568,   35.079730,       42.75,
 140.212072,   35.079730,       42.70,
 140.216577,   35.079730,       42.65,
 140.221081,   35.079730,       42.58,
 140.225586,   35.079730,       42.46,
 140.230090,   35.079730,       42.33,
 140.234595,   35.079730,       42.19,
 140.239099,   35.079730,       42.03,
 140.243604,   35.079730,       41.88,
 140.248108,   35.079730,       41.76,
 140.252613,   35.079730,       41.67,
 140.257117,   35.079730,       41.58,
 140.261622,   35.079730,       41.54,
 140.266126,   35.079730,       41.52,
 140.270631,   35.079730,       41.51,
 140.275135,   35.079730,       41.54,
 140.279640,   35.079730,       41.58,
 140.284144,   35.079730,       41.63,
 140.288649,   35.079730,       41.69,
 140.293153,   35.079730,       41.75,
 140.297658,   35.079730,       41.80,
 140.302162,   35.079730,       41.84,
 140.306667,   35.079730,       41.87,
 140.311171,   35.079730,       41.91,
 140.315676,   35.079730,       41.93,
 140.320180,   35.079730,       41.94,
 140.324685,   35.079730,       41.95,
 140.329189,   35.079730,       41.92,
 140.333694,   35.079730,       41.86,
 140.338198,   35.079730,       41.77,
 140.342703,   35.079730,       41.69,
 140.347207,   35.079730,       41.77,
 140.351712,   35.079730,       41.88,
 140.356216,   35.079730,       41.99,
 140.360721,   35.079730,       42.18,
 140.365225,   35.079730,       42.42,
 140.369730,   35.079730,       42.75,
 140.374234,   35.079730,       43.18,
 140.378739,   35.079730,       43.70,
 140.383243,   35.079730,       44.32,
 140.387748,   35.079730,       45.04,
 139.140000,   35.084234,       46.00,
 139.144505,   35.084234,       46.38,
 139.149009,   35.084234,       46.99,
 139.153514,   35.084234,       47.74,
 139.158018,   35.084234,       48.38,
 139.162523,   35.084234,       48.88,
 139.167027,   35.084234,       49.27,
 139.171532,   35.084234,       49.53,
 139.176036,   35.084234,       49.59,
 139.180541,   35.084234,       49.66,
 139.185045,   35.084234,       49.70,
 139.189550,   35.084234,       49.70,
 139.194054,   35.084234,       49.62,
 139.198559,   35.084234,       49.38,
 139.203063,   35.084234,       49.01,
 139.207568,   35.084234,       48.60,
 139.212072,   35.084234,       48.17,
 139.216577,   35.084234,       47.70,
 139.221081,   35.084234,       47.22,
 139.225586,   35.084234,       46.72,
 139.230090,   35.084234,       46.26,
 139.234595,   35.084234,       45.82,
 139.239099,   35.084234,       45.39,
 139.243604,   35.084234,       45.02,
 139.248108,   35.084234,       44.69,
 139.252613,   35.084234,       44.40,
 139.257117,   35.084234,       44.12,
 139.261622,   35.084234,       43.85,
 139.266126,   35.084234,       43.58,
 139.270631,   35.084234,       43.32,
 139.275135,   35.084234,       43.05,
 139.279640,   35.084234,       42.78,
 139.284144,   35.084234,       42.51,
 139.288649,   35.084234,       42.25,
 139.293153,   35.084234,       42.06,
 139.297658,   35.084234,       41.99,
 139.302162,   35.084234,       41.93,
 139.306667,   35.084234,       41.87,
 139.311171,   35.084234,       41.82,
 139.315676,   35.084234,       41.76,
 139.320180,   35.084234,       41.70,
 139.324685,   35.084234,       41.66,
 139.329189,   35.084234,       41.62,
 139.333694,   35.084234,       41.61,
 139.338198,   35.084234,       41.61,
 139.342703,   35.084234,       41.63,
 139.347207,   35.084234,       41.67,
 139.351712,   35.084234,       41.75,
 139.356216,   35.084234,       41.85,
 139.360721,   35.084234,       41.97,
 139.365225,   35.084234,       42.10,
 139.369730,   35.084234,       42.25,
 139.374234,   35.084234,       42.42,
 139.378739,   35.084234,       42.69,
 139.383243,   35.084234,       43.01,
 139.387748,   35.084234,       43.40,
 139.392252,   35.084234,       43.82,
 139.396757,   35.084234,       44.24,
 139.401261,   35.084234,       44.64,
 139.405766,   35.084234,       45.02,
 139.410270,   35.084234,       45.39,
 139.414775,   35.084234,       45.74,
 139.419279,   35.084234,       46.28,
 139.423784,   35.084234,       46.92,
 139.428288,   35.084234,       47.55,
 139.432793,   35.084234,       48.18,
 139.437297,   35.084234,       48.80,
 139.441802,   35.084234,       49.43,
 139.446306,   35.084234,       50.05,
 139.450811,   35.084234,       50.64,
 139.455315,   35.084234,       51.20,
 139.459820,   35.084234,       51.75,
 139.464324,   35.084234,       52.31,
 139.468829,   35.084234,       52.87,
 139.473333,   35.084234,       53.45,
 139.477838,   35.084234,       53.98,
 139.482342,   35.084234,       54.47,
 139.486847,   35.084234,       54.92,
 139.491351,   35.084234,       55.34,
 139.495856,   35.084234,       55.77,
 139.500360,   35.084234,       56.19,
 139.504865,   35.084234,       56.61,
 139.509369,   35.084234,       57.03,
 139.513874,   35.084234,       57.44,
 139.518378,   35.084234,       57.84,
 139.522883,   35.084234,       58.24,
 139.527387,   35.084234,       58.62,
 139.531892,   35.084234,       58.99,
 139.536396,   35.084234,       59.34,
 139.540901,   35.084234,       59.64,
 139.545405,   35.084234,       60.01,
 139.549910,   35.084234,       60.44,
 139.554414,   35.084234,       60.90,
 139.558919,   35.084234,       61.37,
 139.563423,   35.084234,       61.91,
 139.567928,   35.084234,       62.52,
 139.572432,   35.084234,       63.11,
 139.576937,   35.084234,       63.67,
 139.581441,   35.084234,       64.26,
 139.585946,   35.084234,       65.05,
 139.590450,   35.084234,       65.86,
 139.594955,   35.084234,       66.58,
 139.599459,   35.084234,       67.06,
 139.603964,   35.084234,       67.49,
 139.608468,   35.084234,       67.85,
 139.612973,   35.084234,       67.94,
 139.617477,   35.084234,       67.90,
 139.621982,   35.084234,       67.81,
 139.626486,   35.084234,       67.72,
 139.630991,   35.084234,       67.63,
 139.635495,   35.084234,       67.47,
 139.640000,   35.084234,       67.33,
 139.644505,   35.084234,       67.18,
 139.649009,   35.084234,       67.03,
 139.653514,   35.084234,       66.83,
 139.658018,   35.084234,       66.66,
 139.662523,   35.084234,       66.48,
 139.667027,   35.084234,       66.30,
 139.671532,   35.084234,       66.05,
 139.676036,   35.084234,       65.79,
 139.680541,   35.084234,       65.60,
 139.685045,   35.084234,       65.50,
 139.689550,   35.084234,       65.43,
 139.694054,   35.084234,       65.39,
 139.698559,   35.084234,       65.41,
 139.703063,   35.084234,       65.58,
 139.707568,   35.084234,       65.83,
 139.712072,   35.084234,       66.09,
 139.716577,   35.084234,       66.28,
 139.721081,   35.084234,       66.51,
 139.725586,   35.084234,       66.79,
 139.730090,   35.084234,       66.99,
 139.734595,   35.084234,       67.16,
 139.739099,   35.084234,       67.36,
 139.743604,   35.084234,       67.54,
 139.748108,   35.084234,       67.68,
 139.752613,   35.084234,       67.67,
 139.757117,   35.084234,       67.62,
 139.761622,   35.084234,       67.59,
 139.766126,   35.084234,       67.26,
 139.770631,   35.084234,       66.55,
 139.775135,   35.084234,       65.82,
 139.779640,   35.084234,       65.04,
 139.784144,   35.084234,       63.91,
 139.788649,   35.084234,       62.86,
 139.793153,   35.084234,       61.83,
 139.797658,   35.084234,       60.80,
 139.802162,   35.084234,       62.07,
 139.806667,   35.084234,       64.09,
 139.811171,   35.084234,       66.46,
 139.815676,   35.084234,       70.33,
 139.820180,   35.084234,       76.83,
 139.824685,   35.084234,       84.58,
 139.829189,   35.084234,       96.85,
 139.833694,   35.084234,       96.85,
 139.838198,   35.084234,       96.85,
 139.842703,   35.084234,       96.85,
 139.847207,   35.084234,       96.85,
 139.851712,   35.084234,      107.28,
 139.856216,   35.084234,      107.28,
 139.860721,   35.084234,      107.28,
 139.865225,   35.084234,      107.28,
 139.869730,   35.084234,      107.28,
 139.874234,   35.084234,      104.08,
 139.878739,   35.084234,      101.09,
 139.883243,   35.084234,       98.27,
 139.887748,   35.084234,       95.58,
 139.892252,   35.084234,       93.02,
 139.896757,   35.084234,       90.57,
 139.901261,   35.084234,       88.22,
 139.905766,   35.084234,       85.95,
 139.910270,   35.084234,       83.79,
 139.914775,   35.084234,       81.74,
 139.919279,   35.084234,       79.79,
 139.923784,   35.084234,       77.91,
 139.928288,   35.084234,       76.12,
 139.932793,   35.084234,       74.40,
 139.937297,   35.084234,       72.75,
 139.941802,   35.084234,       71.15,
 139.946306,   35.084234,       69.62,
 139.950811,   35.084234,       68.14,
 139.955315,   35.084234,       66.71,
 139.959820,   35.084234,       65.33,
 139.964324,   35.084234,       63.99,
 139.968829,   35.084234,       62.70,
 139.973333,   35.084234,       61.44,
 139.977838,   35.084234,       60.22,
 139.982342,   35.084234,       59.04,
 139.986847,   35.084234,       57.89,
 139.991351,   35.084234,       56.77,
 139.995856,   35.084234,       55.68,
 140.000360,   35.084234,       54.61,
 140.004865,   35.084234,       53.58,
 140.009369,   35.084234,       52.59,
 140.013874,   35.084234,       51.66,
 140.018378,   35.084234,       50.78,
 140.022883,   35.084234,       49.96,
 140.027387,   35.084234,       49.20,
 140.031892,   35.084234,       48.51,
 140.036396,   35.084234,       47.88,
 140.040901,   35.084234,       47.32,
 140.045405,   35.084234,       46.85,
 140.049910,   35.084234,       46.47,
 140.054414,   35.084234,       46.14,
 140.058919,   35.084234,       45.87,
 140.063423,   35.084234,       45.64,
 140.067928,   35.084234,       45.42,
 140.072432,   35.084234,       45.21,
 140.076937,   35.084234,       45.00,
 140.081441,   35.084234,       44.82,
 140.085946,   35.084234,       44.69,
 140.090450,   35.084234,       44.68,
 140.094955,   35.084234,       44.69,
 140.099459,   35.084234,       44.72,
 140.103964,   35.084234,       44.61,
 140.108468,   35.084234,       44.50,
 140.112973,   35.084234,       44.40,
 140.117477,   35.084234,       44.30,
 140.121982,   35.084234,       44.21,
 140.126486,   35.084234,       44.12,
 140.130991,   35.084234,       44.00,
 140.135495,   35.084234,       43.91,
 140.140000,   35.084234,       43.81,
 140.144505,   35.084234,       43.70,
 140.149009,   35.084234,       43.62,
 140.153514,   35.084234,       43.54,
 140.158018,   35.084234,       43.45,
 140.162523,   35.084234,       43.37,
 140.167027,   35.084234,       43.30,
 140.171532,   35.084234,       43.23,
 140.176036,   35.084234,       43.15,
 140.180541,   35.084234,       43.14,
 140.185045,   35.084234,       43.12,
 140.189550,   35.084234,       43.09,
 140.194054,   35.084234,       43.08,
 140.198559,   35.084234,       43.07,
 140.203063,   35.084234,       43.03,
 140.207568,   35.084234,       43.00,
 140.212072,   35.084234,       42.96,
 140.216577,   35.084234,       42.91,
 140.221081,   35.084234,       42.83,
 140.225586,   35.084234,       42.69,
 140.230090,   35.084234,       42.56,
 140.234595,   35.084234,       42.42,
 140.239099,   35.084234,       42.28,
 140.243604,   35.084234,       42.15,
 140.248108,   35.084234,       42.04,
 140.252613,   35.084234,       41.94,
 140.257117,   35.084234,       41.86,
 140.261622,   35.084234,       41.83,
 140.266126,   35.084234,       41.83,
 140.270631,   35.084234,       41.84,
 140.275135,   35.084234,       41.86,
 140.279640,   35.084234,       41.90,
 140.284144,   35.084234,       41.94,
 140.288649,   35.084234,       41.98,
 140.293153,   35.084234,       42.03,
 140.297658,   35.084234,       42.08,
 140.302162,   35.084234,       42.10,
 140.306667,   35.084234,       42.13,
 140.311171,   35.084234,       42.16,
 140.315676,   35.084234,       42.18,
 140.320180,   35.084234,       42.20,
 140.324685,   35.084234,       42.21,
 140.329189,   35.084234,       42.21,
 140.333694,   35.084234,       42.19,
 140.338198,   35.084234,       42.14,
 140.342703,   35.084234,       42.09,
 140.347207,   35.084234,       42.09,
 140.351712,   35.084234,       42.18,
 140.356216,   35.084234,       42.37,
 140.360721,   35.084234,       42.63,
 140.365225,   35.084234,       42.95,
 140.369730,   35.084234,       43.38,
 140.374234,   35.084234,       43.90,
 140.378739,   35.084234,       44.38,
 140.383243,   35.084234,       44.62,
 140.387748,   35.084234,       44.83,
 139.140000,   35.088739,       46.87,
 139.144505,   35.088739,       47.02,
 139.149009,   35.088739,       47.20,
 139.153514,   35.088739,       47.43,
 139.158018,   35.088739,       47.85,
 139.162523,   35.088739,       48.47,
 139.167027,   35.088739,       48.97,
 139.171532,   35.088739,       49.27,
 139.176036,   35.088739,       49.46,
 139.180541,   35.088739,       49.58,
 139.185045,   35.088739,       49.62,
 139.189550,   35.088739,       49.61,
 139.194054,   35.088739,       49.53,
 139.198559,   35.088739,       49.34,
 139.203063,   35.088739,       49.04,
 139.207568,   35.088739,       48.63,
 139.212072,   35.088739,       48.17,
 139.216577,   35.088739,       47.68,
 139.221081,   35.088739,       47.18,
 139.225586,   35.088739,       46.68,
 139.230090,   35.088739,       46.19,
 139.234595,   35.088739,       45.72,
 139.239099,   35.088739,       45.26,
 139.243604,   35.088739,       44.87,
 139.248108,   35.088739,       44.57,
 139.252613,   35.088739,       44.29,
 139.257117,   35.088739,       44.02,
 139.261622,   35.088739,       43.75,
 139.266126,   35.088739,       43.47,
 139.270631,   35.088739,       43.20,
 139.275135,   35.088739,       42.93,
 139.279640,   35.088739,       42.65,
 139.284144,   35.088739,       42.38,
 139.288649,   35.088739,       42.09,
 139.293153,   35.088739,       41.93,
 139.297658,   35.088739,       41.90,
 139.302162,   35.088739,       41.86,
 139.306667,   35.088739,       41.81,
 139.311171,   35.088739,       41.77,
 139.315676,   35.088739,       41.73,
 139.320180,   35.088739,       41.69,
 139.324685,   35.088739,       41.66,
 139.329189,   35.088739,       41.65,
 139.333694,   35.088739,       41.64,
 139.338198,   35.088739,       41.64,
 139.342703,   35.088739,       41.65,
 139.347207,   35.088739,       41.70,
 139.351712,   35.088739,       41.81,
 139.356216,   35.088739,       41.94,
 139.360721,   35.088739,       42.09,
 139.365225,   35.088739,       42.26,
 139.369730,   35.088739,       42.44,
 139.374234,   35.088739,       42.64,
 139.378739,   35.088739,       42.91,
 139.383243,   35.088739,       43.22,
 139.387748,   35.088739,       43.57,
 139.392252,   35.088739,       43.96,
 139.396757,   35.088739,       44.36,
 139.401261,   35.088739,       44.75,
 139.405766,   35.088739,       45.13,
 139.410270,   35.088739,       45.51,
 139.414775,   35.088739,       45.89,
 139.419279,   35.088739,       46.38,
 139.423784,   35.088739,       46.97,
 139.428288,   35.088739,       47.60,
 139.432793,   35.088739,       48.23,
 139.437297,   35.088739,       48.85,
 139.441802,   35.088739,       49.48,
 139.446306,   35.088739,       50.10,
 139.450811,   35.088739,       50.70,
 139.455315,   35.088739,       51.27,
 139.459820,   35.088739,       51.83,
 139.464324,   35.088739,       52.39,
 139.468829,   35.088739,       52.97,
 139.473333,   35.088739,       53.54,
 139.477838,   35.088739,       54.10,
 139.482342,   35.088739,       54.62,
 139.486847,   35.088739,       55.10,
 139.491351,   35.088739,       55.53,
 139.495856,   35.088739,       55.95,
 139.500360,   35.088739,       56.37,
 139.504865,   35.088739,       56.78,
 139.509369,   35.088739,       57.20,
 139.513874,   35.088739,       57.62,
 139.518378,   35.088739,       58.03,
 139.522883,   35.088739,       58.43,
 139.527387,   35.088739,       58.79,
 139.531892,   35.088739,       59.12,
 139.536396,   35.088739,       59.42,
 139.540901,   35.088739,       59.65,
 139.545405,   35.088739,       60.00,
 139.549910,   35.088739,       60.46,
 139.554414,   35.088739,       60.96,
 139.558919,   35.088739,       61.47,
 139.563423,   35.088739,       61.99,
 139.567928,   35.088739,       62.47,
 139.572432,   35.088739,       62.95,
 139.576937,   35.088739,       63.36,
 139.581441,   35.088739,       63.87,
 139.585946,   35.088739,       64.63,
 139.590450,   35.088739,       65.40,
 139.594955,   35.088739,       66.14,
 139.599459,   35.088739,       66.70,
 139.603964,   35.088739,       67.19,
 139.608468,   35.088739,       67.54,
 139.612973,   35.088739,       67.60,
 139.617477,   35.088739,       67.55,
 139.621982,   35.088739,       67.50,
 139.626486,   35.088739,       67.41,
 139.630991,   35.088739,       67.21,
 139.635495,   35.088739,       66.93,
 139.640000,   35.088739,       66.64,
 139.644505,   35.088739,       66.47,
 139.649009,   35.088739,       66.25,
 139.653514,   35.088739,       66.02,
 139.658018,   35.088739,       65.77,
 139.662523,   35.088739,       65.54,
 139.667027,   35.088739,       65.32,
 139.671532,   35.088739,       65.03,
 139.676036,   35.088739,       64.75,
 139.680541,   35.088739,       64.46,
 139.685045,   35.088739,       64.29,
 139.689550,   35.088739,       64.23,
 139.694054,   35.088739,       64.18,
 139.698559,   35.088739,       64.22,
 139.703063,   35.088739,       64.54,
 139.707568,   35.088739,       64.83,
 139.712072,   35.088739,       65.09,
 139.716577,   35.088739,       65.38,
 139.721081,   35.088739,       65.73,
 139.725586,   35.088739,       66.03,
 139.730090,   35.088739,       66.22,
 139.734595,   35.088739,       66.37,
 139.739099,   35.088739,       66.49,
 139.743604,   35.088739,       66.62,
 139.748108,   35.088739,       66.71,
 139.752613,   35.088739,       66.77,
 139.757117,   35.088739,       66.82,
 139.761622,   35.088739,       66.85,
 139.766126,   35.088739,       66.65,
 139.770631,   35.088739,       66.03,
 139.775135,   35.088739,       65.40,
 139.779640,   35.088739,       64.77,
 139.784144,   35.088739,       63.96,
 139.788649,   35.088739,       62.96,
 139.793153,   35.088739,       61.95,
 139.797658,   35.088739,       61.49,
 139.802162,   35.088739,       62.33,
 139.806667,   35.088739,       63.91,
 139.811171,   35.088739,       66.13,
 139.815676,   35.088739,       68.82,
 139.820180,   35.088739,       73.49,
 139.824685,   35.088739,       81.77,
 139.829189,   35.088739,       91.87,
 139.833694,   35.088739,      107.50,
 139.838198,   35.088739,      107.50,
 139.842703,   35.088739,      107.50,
 139.847207,   35.088739,      107.50,
 139.851712,   35.088739,      107.25,
 139.856216,   35.088739,      107.25,
 139.860721,   35.088739,      107.25,
 139.865225,   35.088739,      107.25,
 139.869730,   35.088739,      107.25,
 139.874234,   35.088739,      104.03,
 139.878739,   35.088739,      101.01,
 139.883243,   35.088739,       98.16,
 139.887748,   35.088739,       95.46,
 139.892252,   35.088739,       92.88,
 139.896757,   35.088739,       90.41,
 139.901261,   35.088739,       88.05,
 139.905766,   35.088739,       85.80,
 139.910270,   35.088739,       83.67,
 139.914775,   35.088739,       81.65,
 139.919279,   35.088739,       79.72,
 139.923784,   35.088739,       77.87,
 139.928288,   35.088739,       76.10,
 139.932793,   35.088739,       74.40,
 139.937297,   35.088739,       72.77,
 139.941802,   35.088739,       71.20,
 139.946306,   35.088739,       69.69,
 139.950811,   35.088739,       68.23,
 139.955315,   35.088739,       66.82,
 139.959820,   35.088739,       65.46,
 139.964324,   35.088739,       64.14,
 139.968829,   35.088739,       62.87,
 139.973333,   35.088739,       61.63,
 139.977838,   35.088739,       60.43,
 139.982342,   35.088739,       59.26,
 139.986847,   35.088739,       58.13,
 139.991351,   35.088739,       57.03,
 139.995856,   35.088739,       55.96,
 140.000360,   35.088739,       54.92,
 140.004865,   35.088739,       53.91,
 140.009369,   35.088739,       52.94,
 140.013874,   35.088739,       52.03,
 140.018378,   35.088739,       51.17,
 140.022883,   35.088739,       50.36,
 140.027387,   35.088739,       49.61,
 140.031892,   35.088739,       48.92,
 140.036396,   35.088739,       48.29,
 140.040901,   35.088739,       47.72,
 140.045405,   35.088739,       47.23,
 140.049910,   35.088739,       46.82,
 140.054414,   35.088739,       46.47,
 140.058919,   35.088739,       46.16,
 140.063423,   35.088739,       45.91,
 140.067928,   35.088739,       45.68,
 140.072432,   35.088739,       45.45,
 140.076937,   35.088739,       45.23,
 140.081441,   35.088739,       45.01,
 140.085946,   35.088739,       44.81,
 140.090450,   35.088739,       44.65,
 140.094955,   35.088739,       44.63,
 140.099459,   35.088739,       44.65,
 140.103964,   35.088739,       44.57,
 140.108468,   35.088739,       44.49,
 140.112973,   35.088739,       44.41,
 140.117477,   35.088739,       44.32,
 140.121982,   35.088739,       44.23,
 140.126486,   35.088739,       44.14,
 140.130991,   35.088739,       44.03,
 140.135495,   35.088739,       43.91,
 140.140000,   35.088739,       43.81,
 140.144505,   35.088739,       43.71,
 140.149009,   35.088739,       43.61,
 140.153514,   35.088739,       43.53,
 140.158018,   35.088739,       43.46,
 140.162523,   35.088739,       43.39,
 140.167027,   35.088739,       43.33,
 140.171532,   35.088739,       43.27,
 140.176036,   35.088739,       43.23,
 140.180541,   35.088739,       43.24,
 140.185045,   35.088739,       43.26,
 140.189550,   35.088739,       43.25,
 140.194054,   35.088739,       43.26,
 140.198559,   35.088739,       43.29,
 140.203063,   35.088739,       43.26,
 140.207568,   35.088739,       43.23,
 140.212072,   35.088739,       43.20,
 140.216577,   35.088739,       43.12,
 140.221081,   35.088739,       43.02,
 140.225586,   35.088739,       42.90,
 140.230090,   35.088739,       42.78,
 140.234595,   35.088739,       42.65,
 140.239099,   35.088739,       42.52,
 140.243604,   35.088739,       42.40,
 140.248108,   35.088739,       42.30,
 140.252613,   35.088739,       42.21,
 140.257117,   35.088739,       42.12,
 140.261622,   35.088739,       42.11,
 140.266126,   35.088739,       42.13,
 140.270631,   35.088739,       42.14,
 140.275135,   35.088739,       42.17,
 140.279640,   35.088739,       42.19,
 140.284144,   35.088739,       42.23,
 140.288649,   35.088739,       42.27,
 140.293153,   35.088739,       42.31,
 140.297658,   35.088739,       42.35,
 140.302162,   35.088739,       42.38,
 140.306667,   35.088739,       42.41,
 140.311171,   35.088739,       42.43,
 140.315676,   35.088739,       42.45,
 140.320180,   35.088739,       42.47,
 140.324685,   35.088739,       42.49,
 140.329189,   35.088739,       42.52,
 140.333694,   35.088739,       42.53,
 140.338198,   35.088739,       42.54,
 140.342703,   35.088739,       42.47,
 140.347207,   35.088739,       42.44,
 140.351712,   35.088739,       42.50,
 140.356216,   35.088739,       42.72,
 140.360721,   35.088739,       43.02,
 140.365225,   35.088739,       43.39,
 140.369730,   35.088739,       43.72,
 140.374234,   35.088739,       43.99,
 140.378739,   35.088739,       44.22,
 140.383243,   35.088739,       44.43,
 140.387748,   35.088739,       44.61,
 139.140000,   35.093243,       47.70,
 139.144505,   35.093243,       47.79,
 139.149009,   35.093243,       47.92,
 139.153514,   35.093243,       48.10,
 139.158018,   35.093243,       48.31,
 139.162523,   35.093243,       48.57,
 139.167027,   35.093243,       48.86,
 139.171532,   35.093243,       49.21,
 139.176036,   35.093243,       49.45,
 139.180541,   35.093243,       49.58,
 139.185045,   35.093243,       49.62,
 139.189550,   35.093243,       49.60,
 139.194054,   35.093243,       49.50,
 139.198559,   35.093243,       49.33,
 139.203063,   35.093243,       49.06,
 139.207568,   35.093243,       48.65,
 139.212072,   35.093243,       48.16,
 139.216577,   35.093243,       47.65,
 139.221081,   35.093243,       47.14,
 139.225586,   35.093243,       46.63,
 139.230090,   35.093243,       46.13,
 139.234595,   35.093243,       45.64,
 139.239099,   35.093243,       45.16,
 139.243604,   35.093243,       44.72,
 139.248108,   35.093243,       44.46,
 139.252613,   35.093243,       44.19,
 139.257117,   35.093243,       43.92,
 139.261622,   35.093243,       43.65,
 139.266126,   35.093243,       43.38,
 139.270631,   35.093243,       43.10,
 139.275135,   35.093243,       42.83,
 139.279640,   35.093243,       42.57,
 139.284144,   35.093243,       42.31,
 139.288649,   35.093243,       42.06,
 139.293153,   35.093243,       41.91,
 139.297658,   35.093243,       41.85,
 139.302162,   35.093243,       41.81,
 139.306667,   35.093243,       41.77,
 139.311171,   35.093243,       41.74,
 139.315676,   35.093243,       41.71,
 139.320180,   35.093243,       41.69,
 139.324685,   35.093243,       41.67,
 139.329189,   35.093243,       41.66,
 139.333694,   35.093243,       41.66,
 139.338198,   35.093243,       41.66,
 139.342703,   35.093243,       41.68,
 139.347207,   35.093243,       41.74,
 139.351712,   35.093243,       41.88,
 139.356216,   35.093243,       42.05,
 139.360721,   35.093243,       42.24,
 139.365225,   35.093243,       42.43,
 139.369730,   35.093243,       42.64,
 139.374234,   35.093243,       42.88,
 139.378739,   35.093243,       43.14,
 139.383243,   35.093243,       43.43,
 139.387748,   35.093243,       43.76,
 139.392252,   35.093243,       44.13,
 139.396757,   35.093243,       44.52,
 139.401261,   35.093243,       44.90,
 139.405766,   35.093243,       45.29,
 139.410270,   35.093243,       45.66,
 139.414775,   35.093243,       46.05,
 139.419279,   35.093243,       46.50,
 139.423784,   35.093243,       47.05,
 139.428288,   35.093243,       47.66,
 139.432793,   35.093243,       48.29,
 139.437297,   35.093243,       48.91,
 139.441802,   35.093243,       49.53,
 139.446306,   35.093243,       50.15,
 139.450811,   35.093243,       50.76,
 139.455315,   35.093243,       51.34,
 139.459820,   35.093243,       51.91,
 139.464324,   35.093243,       52.48,
 139.468829,   35.093243,       53.05,
 139.473333,   35.093243,       53.63,
 139.477838,   35.093243,       54.21,
 139.482342,   35.093243,       54.77,
 139.486847,   35.093243,       55.27,
 139.491351,   35.093243,       55.71,
 139.495856,   35.093243,       56.12,
 139.500360,   35.093243,       56.52,
 139.504865,   35.093243,       56.92,
 139.509369,   35.093243,       57.34,
 139.513874,   35.093243,       57.76,
 139.518378,   35.093243,       58.20,
 139.522883,   35.093243,       58.62,
 139.527387,   35.093243,       58.95,
 139.531892,   35.093243,       59.21,
 139.536396,   35.093243,       59.44,
 139.540901,   35.093243,       59.67,
 139.545405,   35.093243,       59.95,
 139.549910,   35.093243,       60.46,
 139.554414,   35.093243,       61.02,
 139.558919,   35.093243,       61.58,
 139.563423,   35.093243,       62.08,
 139.567928,   35.093243,       62.44,
 139.572432,   35.093243,       62.82,
 139.576937,   35.093243,       63.21,
 139.581441,   35.093243,       63.57,
 139.585946,   35.093243,       64.12,
 139.590450,   35.093243,       64.83,
 139.594955,   35.093243,       65.62,
 139.599459,   35.093243,       66.34,
 139.603964,   35.093243,       66.99,
 139.608468,   35.093243,       67.27,
 139.612973,   35.093243,       67.32,
 139.617477,   35.093243,       67.32,
 139.621982,   35.093243,       67.33,
 139.626486,   35.093243,       67.29,
 139.630991,   35.093243,       67.05,
 139.635495,   35.093243,       66.72,
 139.640000,   35.093243,       66.35,
 139.644505,   35.093243,       65.94,
 139.649009,   35.093243,       65.54,
 139.653514,   35.093243,       65.21,
 139.658018,   35.093243,       64.87,
 139.662523,   35.093243,       64.56,
 139.667027,   35.093243,       64.28,
 139.671532,   35.093243,       64.01,
 139.676036,   35.093243,       63.73,
 139.680541,   35.093243,       63.42,
 139.685045,   35.093243,       63.13,
 139.689550,   35.093243,       62.97,
 139.694054,   35.093243,       63.01,
 139.698559,   35.093243,       63.29,
 139.703063,   35.093243,       63.63,
 139.707568,   35.093243,       63.93,
 139.712072,   35.093243,       64.30,
 139.716577,   35.093243,       64.73,
 139.721081,   35.093243,       65.07,
 139.725586,   35.093243,       65.34,
 139.730090,   35.093243,       65.48,
 139.734595,   35.093243,       65.60,
 139.739099,   35.093243,       65.73,
 139.743604,   35.093243,       65.87,
 139.748108,   35.093243,       66.00,
 139.752613,   35.093243,       66.11,
 139.757117,   35.093243,       66.16,
 139.761622,   35.093243,       66.17,
 139.766126,   35.093243,       66.12,
 139.770631,   35.093243,       65.65,
 139.775135,   35.093243,       65.19,
 139.779640,   35.093243,       64.69,
 139.784144,   35.093243,       63.94,
 139.788649,   35.093243,       63.03,
 139.793153,   35.093243,       62.08,
 139.797658,   35.093243,       62.22,
 139.802162,   35.093243,       62.77,
 139.806667,   35.093243,       63.50,
 139.811171,   35.093243,       65.50,
 139.815676,   35.093243,       67.89,
 139.820180,   35.093243,       70.72,
 139.824685,   35.093243,       80.36,
 139.829189,   35.093243,       90.56,
 139.833694,   35.093243,      105.33,
 139.838198,   35.093243,      105.33,
 139.842703,   35.093243,      105.33,
 139.847207,   35.093243,      105.33,
 139.851712,   35.093243,      107.00,
 139.856216,   35.093243,      107.00,
 139.860721,   35.093243,      107.00,
 139.865225,   35.093243,      107.00,
 139.869730,   35.093243,      107.00,
 139.874234,   35.093243,      103.78,
 139.878739,   35.093243,      100.76,
 139.883243,   35.093243,       97.91,
 139.887748,   35.093243,       95.20,
 139.892252,   35.093243,       92.62,
 139.896757,   35.093243,       90.15,
 139.901261,   35.093243,       87.80,
 139.905766,   35.093243,       85.59,
 139.910270,   35.093243,       83.49,
 139.914775,   35.093243,       81.49,
 139.919279,   35.093243,       79.59,
 139.923784,   35.093243,       77.76,
 139.928288,   35.093243,       76.02,
 139.932793,   35.093243,       74.34,
 139.937297,   35.093243,       72.74,
 139.941802,   35.093243,       71.19,
 139.946306,   35.093243,       69.70,
 139.950811,   35.093243,       68.26,
 139.955315,   35.093243,       66.87,
 139.959820,   35.093243,       65.53,
 139.964324,   35.093243,       64.23,
 139.968829,   35.093243,       62.98,
 139.973333,   35.093243,       61.76,
 139.977838,   35.093243,       60.58,
 139.982342,   35.093243,       59.44,
 139.986847,   35.093243,       58.32,
 139.991351,   35.093243,       57.24,
 139.995856,   35.093243,       56.19,
 140.000360,   35.093243,       55.17,
 140.004865,   35.093243,       54.19,
 140.009369,   35.093243,       53.25,
 140.013874,   35.093243,       52.35,
 140.018378,   35.093243,       51.51,
 140.022883,   35.093243,       50.72,
 140.027387,   35.093243,       49.98,
 140.031892,   35.093243,       49.30,
 140.036396,   35.093243,       48.67,
 140.040901,   35.093243,       48.10,
 140.045405,   35.093243,       47.60,
 140.049910,   35.093243,       47.17,
 140.054414,   35.093243,       46.80,
 140.058919,   35.093243,       46.47,
 140.063423,   35.093243,       46.19,
 140.067928,   35.093243,       45.95,
 140.072432,   35.093243,       45.71,
 140.076937,   35.093243,       45.47,
 140.081441,   35.093243,       45.23,
 140.085946,   35.093243,       45.00,
 140.090450,   35.093243,       44.79,
 140.094955,   35.093243,       44.61,
 140.099459,   35.093243,       44.57,
 140.103964,   35.093243,       44.53,
 140.108468,   35.093243,       44.47,
 140.112973,   35.093243,       44.41,
 140.117477,   35.093243,       44.34,
 140.121982,   35.093243,       44.27,
 140.126486,   35.093243,       44.19,
 140.130991,   35.093243,       44.07,
 140.135495,   35.093243,       43.95,
 140.140000,   35.093243,       43.83,
 140.144505,   35.093243,       43.74,
 140.149009,   35.093243,       43.64,
 140.153514,   35.093243,       43.55,
 140.158018,   35.093243,       43.50,
 140.162523,   35.093243,       43.42,
 140.167027,   35.093243,       43.39,
 140.171532,   35.093243,       43.35,
 140.176036,   35.093243,       43.34,
 140.180541,   35.093243,       43.35,
 140.185045,   35.093243,       43.37,
 140.189550,   35.093243,       43.39,
 140.194054,   35.093243,       43.41,
 140.198559,   35.093243,       43.42,
 140.203063,   35.093243,       43.41,
 140.207568,   35.093243,       43.39,
 140.212072,   35.093243,       43.34,
 140.216577,   35.093243,       43.29,
 140.221081,   35.093243,       43.22,
 140.225586,   35.093243,       43.11,
 140.230090,   35.093243,       43.00,
 140.234595,   35.093243,       42.89,
 140.239099,   35.093243,       42.77,
 140.243604,   35.093243,       42.66,
 140.248108,   35.093243,       42.58,
 140.252613,   35.093243,       42.50,
 140.257117,   35.093243,       42.42,
 140.261622,   35.093243,       42.41,
 140.266126,   35.093243,       42.42,
 140.270631,   35.093243,       42.44,
 140.275135,   35.093243,       42.46,
 140.279640,   35.093243,       42.48,
 140.284144,   35.093243,       42.50,
 140.288649,   35.093243,       42.53,
 140.293153,   35.093243,       42.56,
 140.297658,   35.093243,       42.60,
 140.302162,   35.093243,       42.64,
 140.306667,   35.093243,       42.68,
 140.311171,   35.093243,       42.70,
 140.315676,   35.093243,       42.72,
 140.320180,   35.093243,       42.74,
 140.324685,   35.093243,       42.77,
 140.329189,   35.093243,       42.80,
 140.333694,   35.093243,       42.81,
 140.338198,   35.093243,       42.79,
 140.342703,   35.093243,       42.75,
 140.347207,   35.093243,       42.70,
 140.351712,   35.093243,       42.68,
 140.356216,   35.093243,       42.88,
 140.360721,   35.093243,       43.15,
 140.365225,   35.093243,       43.40,
 140.369730,   35.093243,       43.66,
 140.374234,   35.093243,       43.89,
 140.378739,   35.093243,       44.10,
 140.383243,   35.093243,       44.27,
 140.387748,   35.093243,       44.41,
 139.140000,   35.097748,       48.48,
 139.144505,   35.097748,       48.52,
 139.149009,   35.097748,       48.60,
 139.153514,   35.097748,       48.72,
 139.158018,   35.097748,       48.88,
 139.162523,   35.097748,       49.08,
 139.167027,   35.097748,       49.28,
 139.171532,   35.097748,       49.40,
 139.176036,   35.097748,       49.56,
 139.180541,   35.097748,       49.67,
 139.185045,   35.097748,       49.70,
 139.189550,   35.097748,       49.66,
 139.194054,   35.097748,       49.54,
 139.198559,   35.097748,       49.35,
 139.203063,   35.097748,       49.08,
 139.207568,   35.097748,       48.66,
 139.212072,   35.097748,       48.13,
 139.216577,   35.097748,       47.61,
 139.221081,   35.097748,       47.09,
 139.225586,   35.097748,       46.58,
 139.230090,   35.097748,       46.08,
 139.234595,   35.097748,       45.58,
 139.239099,   35.097748,       45.10,
 139.243604,   35.097748,       44.68,
 139.248108,   35.097748,       44.38,
 139.252613,   35.097748,       44.10,
 139.257117,   35.097748,       43.82,
 139.261622,   35.097748,       43.55,
 139.266126,   35.097748,       43.28,
 139.270631,   35.097748,       43.02,
 139.275135,   35.097748,       42.77,
 139.279640,   35.097748,       42.52,
 139.284144,   35.097748,       42.28,
 139.288649,   35.097748,       42.06,
 139.293153,   35.097748,       41.91,
 139.297658,   35.097748,       41.83,
 139.302162,   35.097748,       41.77,
 139.306667,   35.097748,       41.74,
 139.311171,   35.097748,       41.71,
 139.315676,   35.097748,       41.69,
 139.320180,   35.097748,       41.68,
 139.324685,   35.097748,       41.67,
 139.329189,   35.097748,       41.67,
 139.333694,   35.097748,       41.67,
 139.338198,   35.097748,       41.68,
 139.342703,   35.097748,       41.70,
 139.347207,   35.097748,       41.79,
 139.351712,   35.097748,       41.98,
 139.356216,   35.097748,       42.19,
 139.360721,   35.097748,       42.41,
 139.365225,   35.097748,       42.63,
 139.369730,   35.097748,       42.87,
 139.374234,   35.097748,       43.11,
 139.378739,   35.097748,       43.36,
 139.383243,   35.097748,       43.63,
 139.387748,   35.097748,       43.94,
 139.392252,   35.097748,       44.31,
 139.396757,   35.097748,       44.69,
 139.401261,   35.097748,       45.07,
 139.405766,   35.097748,       45.45,
 139.410270,   35.097748,       45.82,
 139.414775,   35.097748,       46.19,
 139.419279,   35.097748,       46.63,
 139.423784,   35.097748,       47.14,
 139.428288,   35.097748,       47.73,
 139.432793,   35.097748,       48.35,
 139.437297,   35.097748,       48.97,
 139.441802,   35.097748,       49.59,
 139.446306,   35.097748,       50.21,
 139.450811,   35.097748,       50.82,
 139.455315,   35.097748,       51.41,
 139.459820,   35.097748,       51.98,
 139.464324,   35.097748,       52.56,
 139.468829,   35.097748,       53.14,
 139.473333,   35.097748,       53.72,
 139.477838,   35.097748,       54.30,
 139.482342,   35.097748,       54.89,
 139.486847,   35.097748,       55.45,
 139.491351,   35.097748,       55.89,
 139.495856,   35.097748,       56.27,
 139.500360,   35.097748,       56.65,
 139.504865,   35.097748,       57.03,
 139.509369,   35.097748,       57.44,
 139.513874,   35.097748,       57.86,
 139.518378,   35.097748,       58.30,
 139.522883,   35.097748,       58.76,
 139.527387,   35.097748,       58.98,
 139.531892,   35.097748,       59.18,
 139.536396,   35.097748,       59.40,
 139.540901,   35.097748,       59.63,
 139.545405,   35.097748,       59.89,
 139.549910,   35.097748,       60.51,
 139.554414,   35.097748,       61.15,
 139.558919,   35.097748,       61.76,
 139.563423,   35.097748,       62.22,
 139.567928,   35.097748,       62.54,
 139.572432,   35.097748,       62.85,
 139.576937,   35.097748,       63.19,
 139.581441,   35.097748,       63.41,
 139.585946,   35.097748,       63.71,
 139.590450,   35.097748,       64.24,
 139.594955,   35.097748,       65.02,
 139.599459,   35.097748,       65.83,
 139.603964,   35.097748,       66.67,
 139.608468,   35.097748,       67.16,
 139.612973,   35.097748,       67.20,
 139.617477,   35.097748,       67.21,
 139.621982,   35.097748,       67.27,
 139.626486,   35.097748,       67.24,
 139.630991,   35.097748,       66.94,
 139.635495,   35.097748,       66.57,
 139.640000,   35.097748,       66.19,
 139.644505,   35.097748,       65.71,
 139.649009,   35.097748,       65.21,
 139.653514,   35.097748,       64.49,
 139.658018,   35.097748,       63.89,
 139.662523,   35.097748,       63.46,
 139.667027,   35.097748,       63.20,
 139.671532,   35.097748,       62.97,
 139.676036,   35.097748,       62.70,
 139.680541,   35.097748,       62.42,
 139.685045,   35.097748,       62.07,
 139.689550,   35.097748,       61.71,
 139.694054,   35.097748,       62.03,
 139.698559,   35.097748,       62.48,
 139.703063,   35.097748,       62.77,
 139.707568,   35.097748,       63.15,
 139.712072,   35.097748,       63.66,
 139.716577,   35.097748,       64.16,
 139.721081,   35.097748,       64.48,
 139.725586,   35.097748,       64.66,
 139.730090,   35.097748,       64.83,
 139.734595,   35.097748,       64.96,
 139.739099,   35.097748,       65.11,
 139.743604,   35.097748,       65.26,
 139.748108,   35.097748,       65.40,
 139.752613,   35.097748,       65.52,
 139.757117,   35.097748,       65.57,
 139.761622,   35.097748,       65.57,
 139.766126,   35.097748,       65.52,
 139.770631,   35.097748,       65.30,
 139.775135,   35.097748,       64.99,
 139.779640,   35.097748,       64.68,
 139.784144,   35.097748,       64.01,
 139.788649,   35.097748,       63.26,
 139.793153,   35.097748,       62.61,
 139.797658,   35.097748,       62.73,
 139.802162,   35.097748,       63.12,
 139.806667,   35.097748,       63.68,
 139.811171,   35.097748,       64.73,
 139.815676,   35.097748,       66.70,
 139.820180,   35.097748,       72.40,
 139.824685,   35.097748,       81.56,
 139.829189,   35.097748,       91.55,
 139.833694,   35.097748,      106.34,
 139.838198,   35.097748,      106.34,
 139.842703,   35.097748,      106.34,
 139.847207,   35.097748,      106.34,
 139.851712,   35.097748,      106.34,
 139.856216,   35.097748,      103.35,
 139.860721,   35.097748,      103.35,
 139.865225,   35.097748,      103.35,
 139.869730,   35.097748,      103.35,
 139.874234,   35.097748,      103.35,
 139.878739,   35.097748,      100.35,
 139.883243,   35.097748,       97.52,
 139.887748,   35.097748,       94.82,
 139.892252,   35.097748,       92.24,
 139.896757,   35.097748,       89.79,
 139.901261,   35.097748,       87.49,
 139.905766,   35.097748,       85.31,
 139.910270,   35.097748,       83.24,
 139.914775,   35.097748,       81.27,
 139.919279,   35.097748,       79.40,
 139.923784,   35.097748,       77.60,
 139.928288,   35.097748,       75.88,
 139.932793,   35.097748,       74.23,
 139.937297,   35.097748,       72.65,
 139.941802,   35.097748,       71.12,
 139.946306,   35.097748,       69.65,
 139.950811,   35.097748,       68.24,
 139.955315,   35.097748,       66.87,
 139.959820,   35.097748,       65.55,
 139.964324,   35.097748,       64.27,
 139.968829,   35.097748,       63.04,
 139.973333,   35.097748,       61.84,
 139.977838,   35.097748,       60.68,
 139.982342,   35.097748,       59.56,
 139.986847,   35.097748,       58.47,
 139.991351,   35.097748,       57.41,
 139.995856,   35.097748,       56.38,
 140.000360,   35.097748,       55.38,
 140.004865,   35.097748,       54.42,
 140.009369,   35.097748,       53.50,
 140.013874,   35.097748,       52.64,
 140.018378,   35.097748,       51.81,
 140.022883,   35.097748,       51.04,
 140.027387,   35.097748,       50.31,
 140.031892,   35.097748,       49.64,
 140.036396,   35.097748,       49.02,
 140.040901,   35.097748,       48.46,
 140.045405,   35.097748,       47.95,
 140.049910,   35.097748,       47.50,
 140.054414,   35.097748,       47.13,
 140.058919,   35.097748,       46.78,
 140.063423,   35.097748,       46.48,
 140.067928,   35.097748,       46.22,
 140.072432,   35.097748,       45.98,
 140.076937,   35.097748,       45.73,
 140.081441,   35.097748,       45.48,
 140.085946,   35.097748,       45.23,
 140.090450,   35.097748,       44.99,
 140.094955,   35.097748,       44.75,
 140.099459,   35.097748,       44.55,
 140.103964,   35.097748,       44.50,
 140.108468,   35.097748,       44.45,
 140.112973,   35.097748,       44.43,
 140.117477,   35.097748,       44.38,
 140.121982,   35.097748,       44.31,
 140.126486,   35.097748,       44.24,
 140.130991,   35.097748,       44.13,
 140.135495,   35.097748,       44.02,
 140.140000,   35.097748,       43.91,
 140.144505,   35.097748,       43.81,
 140.149009,   35.097748,       43.72,
 140.153514,   35.097748,       43.66,
 140.158018,   35.097748,       43.59,
 140.162523,   35.097748,       43.55,
 140.167027,   35.097748,       43.52,
 140.171532,   35.097748,       43.49,
 140.176036,   35.097748,       43.48,
 140.180541,   35.097748,       43.47,
 140.185045,   35.097748,       43.49,
 140.189550,   35.097748,       43.52,
 140.194054,   35.097748,       43.54,
 140.198559,   35.097748,       43.53,
 140.203063,   35.097748,       43.53,
 140.207568,   35.097748,       43.52,
 140.212072,   35.097748,       43.48,
 140.216577,   35.097748,       43.43,
 140.221081,   35.097748,       43.38,
 140.225586,   35.097748,       43.31,
 140.230090,   35.097748,       43.23,
 140.234595,   35.097748,       43.15,
 140.239099,   35.097748,       43.06,
 140.243604,   35.097748,       42.97,
 140.248108,   35.097748,       42.89,
 140.252613,   35.097748,       42.82,
 140.257117,   35.097748,       42.76,
 140.261622,   35.097748,       42.73,
 140.266126,   35.097748,       42.72,
 140.270631,   35.097748,       42.72,
 140.275135,   35.097748,       42.72,
 140.279640,   35.097748,       42.73,
 140.284144,   35.097748,       42.74,
 140.288649,   35.097748,       42.76,
 140.293153,   35.097748,       42.79,
 140.297658,   35.097748,       42.82,
 140.302162,   35.097748,       42.86,
 140.306667,   35.097748,       42.90,
 140.311171,   35.097748,       42.92,
 140.315676,   35.097748,       42.95,
 140.320180,   35.097748,       42.98,
 140.324685,   35.097748,       43.01,
 140.329189,   35.097748,       43.04,
 140.333694,   35.097748,       43.03,
 140.338198,   35.097748,       43.02,
 140.342703,   35.097748,       42.99,
 140.347207,   35.097748,       42.92,
 140.351712,   35.097748,       42.87,
 140.356216,   35.097748,       42.93,
 140.360721,   35.097748,       43.18,
 140.365225,   35.097748,       43.40,
 140.369730,   35.097748,       43.63,
 140.374234,   35.097748,       43.83,
 140.378739,   35.097748,       44.01,
 140.383243,   35.097748,       44.17,
 140.387748,   35.097748,       44.30,
 139.140000,   35.102252,       49.23,
 139.144505,   35.102252,       49.22,
 139.149009,   35.102252,       49.24,
 139.153514,   35.102252,       49.31,
 139.158018,   35.102252,       49.41,
 139.162523,   35.102252,       49.56,
 139.167027,   35.102252,       49.66,
 139.171532,   35.102252,       49.70,
 139.176036,   35.102252,       49.79,
 139.180541,   35.102252,       49.85,
 139.185045,   35.102252,       49.86,
 139.189550,   35.102252,       49.78,
 139.194054,   35.102252,       49.62,
 139.198559,   35.102252,       49.39,
 139.203063,   35.102252,       49.08,
 139.207568,   35.102252,       48.62,
 139.212072,   35.102252,       48.08,
 139.216577,   35.102252,       47.55,
 139.221081,   35.102252,       47.03,
 139.225586,   35.102252,       46.52,
 139.230090,   35.102252,       46.01,
 139.234595,   35.102252,       45.52,
 139.239099,   35.102252,       45.07,
 139.243604,   35.102252,       44.66,
 139.248108,   35.102252,       44.33,
 139.252613,   35.102252,       44.03,
 139.257117,   35.102252,       43.74,
 139.261622,   35.102252,       43.46,
 139.266126,   35.102252,       43.20,
 139.270631,   35.102252,       42.95,
 139.275135,   35.102252,       42.71,
 139.279640,   35.102252,       42.48,
 139.284144,   35.102252,       42.26,
 139.288649,   35.102252,       42.05,
 139.293153,   35.102252,       41.90,
 139.297658,   35.102252,       41.81,
 139.302162,   35.102252,       41.74,
 139.306667,   35.102252,       41.70,
 139.311171,   35.102252,       41.68,
 139.315676,   35.102252,       41.67,
 139.320180,   35.102252,       41.67,
 139.324685,   35.102252,       41.68,
 139.329189,   35.102252,       41.69,
 139.333694,   35.102252,       41.70,
 139.338198,   35.102252,       41.71,
 139.342703,   35.102252,       41.71,
 139.347207,   35.102252,       41.88,
 139.351712,   35.102252,       42.12,
 139.356216,   35.102252,       42.37,
 139.360721,   35.102252,       42.61,
 139.365225,   35.102252,       42.86,
 139.369730,   35.102252,       43.11,
 139.374234,   35.102252,       43.35,
 139.378739,   35.102252,       43.60,
 139.383243,   35.102252,       43.85,
 139.387748,   35.102252,       44.12,
 139.392252,   35.102252,       44.49,
 139.396757,   35.102252,       44.87,
 139.401261,   35.102252,       45.25,
 139.405766,   35.102252,       45.62,
 139.410270,   35.102252,       45.98,
 139.414775,   35.102252,       46.34,
 139.419279,   35.102252,       46.74,
 139.423784,   35.102252,       47.22,
 139.428288,   35.102252,       47.80,
 139.432793,   35.102252,       48.42,
 139.437297,   35.102252,       49.03,
 139.441802,   35.102252,       49.65,
 139.446306,   35.102252,       50.27,
 139.450811,   35.102252,       50.88,
 139.455315,   35.102252,       51.47,
 139.459820,   35.102252,       52.06,
 139.464324,   35.102252,       52.63,
 139.468829,   35.102252,       53.22,
 139.473333,   35.102252,       53.81,
 139.477838,   35.102252,       54.40,
 139.482342,   35.102252,       54.99,
 139.486847,   35.102252,       55.58,
 139.491351,   35.102252,       56.02,
 139.495856,   35.102252,       56.38,
 139.500360,   35.102252,       56.74,
 139.504865,   35.102252,       57.11,
 139.509369,   35.102252,       57.50,
 139.513874,   35.102252,       57.91,
 139.518378,   35.102252,       58.32,
 139.522883,   35.102252,       58.66,
 139.527387,   35.102252,       58.88,
 139.531892,   35.102252,       59.09,
 139.536396,   35.102252,       59.30,
 139.540901,   35.102252,       59.53,
 139.545405,   35.102252,       59.89,
 139.549910,   35.102252,       60.57,
 139.554414,   35.102252,       61.29,
 139.558919,   35.102252,       61.97,
 139.563423,   35.102252,       62.38,
 139.567928,   35.102252,       62.60,
 139.572432,   35.102252,       62.85,
 139.576937,   35.102252,       62.94,
 139.581441,   35.102252,       62.97,
 139.585946,   35.102252,       63.17,
 139.590450,   35.102252,       63.63,
 139.594955,   35.102252,       64.39,
 139.599459,   35.102252,       65.21,
 139.603964,   35.102252,       66.32,
 139.608468,   35.102252,       67.32,
 139.612973,   35.102252,       67.52,
 139.617477,   35.102252,       67.48,
 139.621982,   35.102252,       67.71,
 139.626486,   35.102252,       67.65,
 139.630991,   35.102252,       66.98,
 139.635495,   35.102252,       66.40,
 139.640000,   35.102252,       66.01,
 139.644505,   35.102252,       65.59,
 139.649009,   35.102252,       65.09,
 139.653514,   35.102252,       64.26,
 139.658018,   35.102252,       63.26,
 139.662523,   35.102252,       62.33,
 139.667027,   35.102252,       62.34,
 139.671532,   35.102252,       62.19,
 139.676036,   35.102252,       61.96,
 139.680541,   35.102252,       61.65,
 139.685045,   35.102252,       61.34,
 139.689550,   35.102252,       61.27,
 139.694054,   35.102252,       61.67,
 139.698559,   35.102252,       62.08,
 139.703063,   35.102252,       62.34,
 139.707568,   35.102252,       62.54,
 139.712072,   35.102252,       63.02,
 139.716577,   35.102252,       63.48,
 139.721081,   35.102252,       63.64,
 139.725586,   35.102252,       63.80,
 139.730090,   35.102252,       64.05,
 139.734595,   35.102252,       64.29,
 139.739099,   35.102252,       64.44,
 139.743604,   35.102252,       64.65,
 139.748108,   35.102252,       64.86,
 139.752613,   35.102252,       64.99,
 139.757117,   35.102252,       65.02,
 139.761622,   35.102252,       64.99,
 139.766126,   35.102252,       64.93,
 139.770631,   35.102252,       64.78,
 139.775135,   35.102252,       64.61,
 139.779640,   35.102252,       64.47,
 139.784144,   35.102252,       64.21,
 139.788649,   35.102252,       63.78,
 139.793153,   35.102252,       63.39,
 139.797658,   35.102252,       63.20,
 139.802162,   35.102252,       63.22,
 139.806667,   35.102252,       63.48,
 139.811171,   35.102252,       64.10,
 139.815676,   35.102252,       65.70,
 139.820180,   35.102252,       73.39,
 139.824685,   35.102252,       82.36,
 139.829189,   35.102252,       92.05,
 139.833694,   35.102252,       92.05,
 139.838198,   35.102252,       92.05,
 139.842703,   35.102252,       92.05,
 139.847207,   35.102252,       92.05,
 139.851712,   35.102252,      102.78,
 139.856216,   35.102252,      102.78,
 139.860721,   35.102252,      102.78,
 139.865225,   35.102252,      102.78,
 139.869730,   35.102252,      102.78,
 139.874234,   35.102252,      102.78,
 139.878739,   35.102252,       99.81,
 139.883243,   35.102252,       97.00,
 139.887748,   35.102252,       94.32,
 139.892252,   35.102252,       91.77,
 139.896757,   35.102252,       89.37,
 139.901261,   35.102252,       87.11,
 139.905766,   35.102252,       84.97,
 139.910270,   35.102252,       82.93,
 139.914775,   35.102252,       80.99,
 139.919279,   35.102252,       79.15,
 139.923784,   35.102252,       77.38,
 139.928288,   35.102252,       75.68,
 139.932793,   35.102252,       74.06,
 139.937297,   35.102252,       72.50,
 139.941802,   35.102252,       71.00,
 139.946306,   35.102252,       69.55,
 139.950811,   35.102252,       68.16,
 139.955315,   35.102252,       66.81,
 139.959820,   35.102252,       65.51,
 139.964324,   35.102252,       64.26,
 139.968829,   35.102252,       63.05,
 139.973333,   35.102252,       61.87,
 139.977838,   35.102252,       60.74,
 139.982342,   35.102252,       59.64,
 139.986847,   35.102252,       58.57,
 139.991351,   35.102252,       57.53,
 139.995856,   35.102252,       56.52,
 140.000360,   35.102252,       55.55,
 140.004865,   35.102252,       54.61,
 140.009369,   35.102252,       53.72,
 140.013874,   35.102252,       52.88,
 140.018378,   35.102252,       52.07,
 140.022883,   35.102252,       51.32,
 140.027387,   35.102252,       50.61,
 140.031892,   35.102252,       49.95,
 140.036396,   35.102252,       49.34,
 140.040901,   35.102252,       48.78,
 140.045405,   35.102252,       48.27,
 140.049910,   35.102252,       47.82,
 140.054414,   35.102252,       47.43,
 140.058919,   35.102252,       47.08,
 140.063423,   35.102252,       46.77,
 140.067928,   35.102252,       46.50,
 140.072432,   35.102252,       46.25,
 140.076937,   35.102252,       46.00,
 140.081441,   35.102252,       45.75,
 140.085946,   35.102252,       45.49,
 140.090450,   35.102252,       45.23,
 140.094955,   35.102252,       44.97,
 140.099459,   35.102252,       44.71,
 140.103964,   35.102252,       44.49,
 140.108468,   35.102252,       44.45,
 140.112973,   35.102252,       44.44,
 140.117477,   35.102252,       44.43,
 140.121982,   35.102252,       44.36,
 140.126486,   35.102252,       44.28,
 140.130991,   35.102252,       44.20,
 140.135495,   35.102252,       44.10,
 140.140000,   35.102252,       44.01,
 140.144505,   35.102252,       43.90,
 140.149009,   35.102252,       43.83,
 140.153514,   35.102252,       43.77,
 140.158018,   35.102252,       43.71,
 140.162523,   35.102252,       43.67,
 140.167027,   35.102252,       43.65,
 140.171532,   35.102252,       43.65,
 140.176036,   35.102252,       43.64,
 140.180541,   35.102252,       43.62,
 140.185045,   35.102252,       43.63,
 140.189550,   35.102252,       43.65,
 140.194054,   35.102252,       43.65,
 140.198559,   35.102252,       43.64,
 140.203063,   35.102252,       43.63,
 140.207568,   35.102252,       43.63,
 140.212072,   35.102252,       43.60,
 140.216577,   35.102252,       43.56,
 140.221081,   35.102252,       43.52,
 140.225586,   35.102252,       43.47,
 140.230090,   35.102252,       43.43,
 140.234595,   35.102252,       43.42,
 140.239099,   35.102252,       43.39,
 140.243604,   35.102252,       43.33,
 140.248108,   35.102252,       43.24,
 140.252613,   35.102252,       43.16,
 140.257117,   35.102252,       43.10,
 140.261622,   35.102252,       43.05,
 140.266126,   35.102252,       43.02,
 140.270631,   35.102252,       43.00,
 140.275135,   35.102252,       42.98,
 140.279640,   35.102252,       42.98,
 140.284144,   35.102252,       42.98,
 140.288649,   35.102252,       42.99,
 140.293153,   35.102252,       43.01,
 140.297658,   35.102252,       43.03,
 140.302162,   35.102252,       43.06,
 140.306667,   35.102252,       43.09,
 140.311171,   35.102252,       43.12,
 140.315676,   35.102252,       43.15,
 140.320180,   35.102252,       43.19,
 140.324685,   35.102252,       43.22,
 140.329189,   35.102252,       43.25,
 140.333694,   35.102252,       43.24,
 140.338198,   35.102252,       43.22,
 140.342703,   35.102252,       43.17,
 140.347207,   35.102252,       43.11,
 140.351712,   35.102252,       43.05,
 140.356216,   35.102252,       43.03,
 140.360721,   35.102252,       43.21,
 140.365225,   35.102252,       43.43,
 140.369730,   35.102252,       43.62,
 140.374234,   35.102252,       43.78,
 140.378739,   35.102252,       43.92,
 140.383243,   35.102252,       44.05,
 140.387748,   35.102252,       44.15,
 139.140000,   35.106757,       49.94,
 139.144505,   35.106757,       49.87,
 139.149009,   35.106757,       49.84,
 139.153514,   35.106757,       49.85,
 139.158018,   35.106757,       49.90,
 139.162523,   35.106757,       50.00,
 139.167027,   35.106757,       50.04,
 139.171532,   35.106757,       50.06,
 139.176036,   35.106757,       50.10,
 139.180541,   35.106757,       50.13,
 139.185045,   35.106757,       50.10,
 139.189550,   35.106757,       49.95,
 139.194054,   35.106757,       49.72,
 139.198559,   35.106757,       49.42,
 139.203063,   35.106757,       49.04,
 139.207568,   35.106757,       48.55,
 139.212072,   35.106757,       48.02,
 139.216577,   35.106757,       47.49,
 139.221081,   35.106757,       46.96,
 139.225586,   35.106757,       46.44,
 139.230090,   35.106757,       45.93,
 139.234595,   35.106757,       45.47,
 139.239099,   35.106757,       45.04,
 139.243604,   35.106757,       44.64,
 139.248108,   35.106757,       44.29,
 139.252613,   35.106757,       43.96,
 139.257117,   35.106757,       43.66,
 139.261622,   35.106757,       43.38,
 139.266126,   35.106757,       43.13,
 139.270631,   35.106757,       42.89,
 139.275135,   35.106757,       42.66,
 139.279640,   35.106757,       42.45,
 139.284144,   35.106757,       42.24,
 139.288649,   35.106757,       42.04,
 139.293153,   35.106757,       41.89,
 139.297658,   35.106757,       41.78,
 139.302162,   35.106757,       41.71,
 139.306667,   35.106757,       41.66,
 139.311171,   35.106757,       41.65,
 139.315676,   35.106757,       41.65,
 139.320180,   35.106757,       41.67,
 139.324685,   35.106757,       41.69,
 139.329189,   35.106757,       41.72,
 139.333694,   35.106757,       41.74,
 139.338198,   35.106757,       41.76,
 139.342703,   35.106757,       41.82,
 139.347207,   35.106757,       42.07,
 139.351712,   35.106757,       42.33,
 139.356216,   35.106757,       42.59,
 139.360721,   35.106757,       42.85,
 139.365225,   35.106757,       43.10,
 139.369730,   35.106757,       43.35,
 139.374234,   35.106757,       43.60,
 139.378739,   35.106757,       43.84,
 139.383243,   35.106757,       44.09,
 139.387748,   35.106757,       44.33,
 139.392252,   35.106757,       44.68,
 139.396757,   35.106757,       45.07,
 139.401261,   35.106757,       45.44,
 139.405766,   35.106757,       45.81,
 139.410270,   35.106757,       46.16,
 139.414775,   35.106757,       46.51,
 139.419279,   35.106757,       46.87,
 139.423784,   35.106757,       47.30,
 139.428288,   35.106757,       47.87,
 139.432793,   35.106757,       48.48,
 139.437297,   35.106757,       49.10,
 139.441802,   35.106757,       49.71,
 139.446306,   35.106757,       50.32,
 139.450811,   35.106757,       50.93,
 139.455315,   35.106757,       51.53,
 139.459820,   35.106757,       52.12,
 139.464324,   35.106757,       52.71,
 139.468829,   35.106757,       53.30,
 139.473333,   35.106757,       53.90,
 139.477838,   35.106757,       54.51,
 139.482342,   35.106757,       55.11,
 139.486847,   35.106757,       55.68,
 139.491351,   35.106757,       56.13,
 139.495856,   35.106757,       56.48,
 139.500360,   35.106757,       56.82,
 139.504865,   35.106757,       57.17,
 139.509369,   35.106757,       57.52,
 139.513874,   35.106757,       57.90,
 139.518378,   35.106757,       58.26,
 139.522883,   35.106757,       58.55,
 139.527387,   35.106757,       58.76,
 139.531892,   35.106757,       58.96,
 139.536396,   35.106757,       59.17,
 139.540901,   35.106757,       59.40,
 139.545405,   35.106757,       59.85,
 139.549910,   35.106757,       60.58,
 139.554414,   35.106757,       61.33,
 139.558919,   35.106757,       62.08,
 139.563423,   35.106757,       62.41,
 139.567928,   35.106757,       62.55,
 139.572432,   35.106757,       62.69,
 139.576937,   35.106757,       62.61,
 139.581441,   35.106757,       62.41,
 139.585946,   35.106757,       62.39,
 139.590450,   35.106757,       63.04,
 139.594955,   35.106757,       63.77,
 139.599459,   35.106757,       64.62,
 139.603964,   35.106757,       66.16,
 139.608468,   35.106757,       67.55,
 139.612973,   35.106757,       68.22,
 139.617477,   35.106757,       68.35,
 139.621982,   35.106757,       68.54,
 139.626486,   35.106757,       68.14,
 139.630991,   35.106757,       67.19,
 139.635495,   35.106757,       66.24,
 139.640000,   35.106757,       65.76,
 139.644505,   35.106757,       65.37,
 139.649009,   35.106757,       65.03,
 139.653514,   35.106757,       64.19,
 139.658018,   35.106757,       63.24,
 139.662523,   35.106757,       62.42,
 139.667027,   35.106757,       62.01,
 139.671532,   35.106757,       61.79,
 139.676036,   35.106757,       61.50,
 139.680541,   35.106757,       61.16,
 139.685045,   35.106757,       60.95,
 139.689550,   35.106757,       61.12,
 139.694054,   35.106757,       61.63,
 139.698559,   35.106757,       62.02,
 139.703063,   35.106757,       61.97,
 139.707568,   35.106757,       62.05,
 139.712072,   35.106757,       62.36,
 139.716577,   35.106757,       62.50,
 139.721081,   35.106757,       62.58,
 139.725586,   35.106757,       62.74,
 139.730090,   35.106757,       63.08,
 139.734595,   35.106757,       63.47,
 139.739099,   35.106757,       63.72,
 139.743604,   35.106757,       64.02,
 139.748108,   35.106757,       64.35,
 139.752613,   35.106757,       64.54,
 139.757117,   35.106757,       64.53,
 139.761622,   35.106757,       64.47,
 139.766126,   35.106757,       64.38,
 139.770631,   35.106757,       64.30,
 139.775135,   35.106757,       64.24,
 139.779640,   35.106757,       64.21,
 139.784144,   35.106757,       64.08,
 139.788649,   35.106757,       63.86,
 139.793153,   35.106757,       63.71,
 139.797658,   35.106757,       63.49,
 139.802162,   35.106757,       62.89,
 139.806667,   35.106757,       62.49,
 139.811171,   35.106757,       63.24,
 139.815676,   35.106757,       66.51,
 139.820180,   35.106757,       73.06,
 139.824685,   35.106757,       82.75,
 139.829189,   35.106757,       93.00,
 139.833694,   35.106757,       93.00,
 139.838198,   35.106757,       93.00,
 139.842703,   35.106757,       93.00,
 139.847207,   35.106757,       93.00,
 139.851712,   35.106757,      102.07,
 139.856216,   35.106757,      102.07,
 139.860721,   35.106757,      102.07,
 139.865225,   35.106757,      102.07,
 139.869730,   35.106757,      102.07,
 139.874234,   35.106757,      102.07,
 139.878739,   35.106757,       99.15,
 139.883243,   35.106757,       96.37,
 139.887748,   35.106757,       93.71,
 139.892252,   35.106757,       91.22,
 139.896757,   35.106757,       88.87,
 139.901261,   35.106757,       86.66,
 139.905766,   35.106757,       84.55,
 139.910270,   35.106757,       82.56,
 139.914775,   35.106757,       80.65,
 139.919279,   35.106757,       78.83,
 139.923784,   35.106757,       77.09,
 139.928288,   35.106757,       75.43,
 139.932793,   35.106757,       73.83,
 139.937297,   35.106757,       72.30,
 139.941802,   35.106757,       70.82,
 139.946306,   35.106757,       69.40,
 139.950811,   35.106757,       68.03,
 139.955315,   35.106757,       66.71,
 139.959820,   35.106757,       65.43,
 139.964324,   35.106757,       64.20,
 139.968829,   35.106757,       63.01,
 139.973333,   35.106757,       61.86,
 139.977838,   35.106757,       60.75,
 139.982342,   35.106757,       59.67,
 139.986847,   35.106757,       58.63,
 139.991351,   35.106757,       57.61,
 139.995856,   35.106757,       56.63,
 140.000360,   35.106757,       55.67,
 140.004865,   35.106757,       54.76,
 140.009369,   35.106757,       53.90,
 140.013874,   35.106757,       53.07,
 140.018378,   35.106757,       52.29,
 140.022883,   35.106757,       51.55,
 140.027387,   35.106757,       50.86,
 140.031892,   35.106757,       50.21,
 140.036396,   35.106757,       49.61,
 140.040901,   35.106757,       49.06,
 140.045405,   35.106757,       48.55,
 140.049910,   35.106757,       48.10,
 140.054414,   35.106757,       47.71,
 140.058919,   35.106757,       47.35,
 140.063423,   35.106757,       47.04,
 140.067928,   35.106757,       46.75,
 140.072432,   35.106757,       46.49,
 140.076937,   35.106757,       46.25,
 140.081441,   35.106757,       46.00,
 140.085946,   35.106757,       45.75,
 140.090450,   35.106757,       45.49,
 140.094955,   35.106757,       45.23,
 140.099459,   35.106757,       44.95,
 140.103964,   35.106757,       44.66,
 140.108468,   35.106757,       44.48,
 140.112973,   35.106757,       44.47,
 140.117477,   35.106757,       44.44,
 140.121982,   35.106757,       44.40,
 140.126486,   35.106757,       44.32,
 140.130991,   35.106757,       44.26,
 140.135495,   35.106757,       44.19,
 140.140000,   35.106757,       44.11,
 140.144505,   35.106757,       44.03,
 140.149009,   35.106757,       43.96,
 140.153514,   35.106757,       43.90,
 140.158018,   35.106757,       43.85,
 140.162523,   35.106757,       43.79,
 140.167027,   35.106757,       43.78,
 140.171532,   35.106757,       43.80,
 140.176036,   35.106757,       43.81,
 140.180541,   35.106757,       43.80,
 140.185045,   35.106757,       43.78,
 140.189550,   35.106757,       43.78,
 140.194054,   35.106757,       43.77,
 140.198559,   35.106757,       43.74,
 140.203063,   35.106757,       43.73,
 140.207568,   35.106757,       43.72,
 140.212072,   35.106757,       43.71,
 140.216577,   35.106757,       43.67,
 140.221081,   35.106757,       43.63,
 140.225586,   35.106757,       43.59,
 140.230090,   35.106757,       43.60,
 140.234595,   35.106757,       43.63,
 140.239099,   35.106757,       43.64,
 140.243604,   35.106757,       43.65,
 140.248108,   35.106757,       43.57,
 140.252613,   35.106757,       43.48,
 140.257117,   35.106757,       43.41,
 140.261622,   35.106757,       43.36,
 140.266126,   35.106757,       43.31,
 140.270631,   35.106757,       43.28,
 140.275135,   35.106757,       43.25,
 140.279640,   35.106757,       43.22,
 140.284144,   35.106757,       43.21,
 140.288649,   35.106757,       43.21,
 140.293153,   35.106757,       43.22,
 140.297658,   35.106757,       43.23,
 140.302162,   35.106757,       43.25,
 140.306667,   35.106757,       43.28,
 140.311171,   35.106757,       43.32,
 140.315676,   35.106757,       43.35,
 140.320180,   35.106757,       43.38,
 140.324685,   35.106757,       43.40,
 140.329189,   35.106757,       43.42,
 140.333694,   35.106757,       43.40,
 140.338198,   35.106757,       43.37,
 140.342703,   35.106757,       43.32,
 140.347207,   35.106757,       43.26,
 140.351712,   35.106757,       43.22,
 140.356216,   35.106757,       43.20,
 140.360721,   35.106757,       43.28,
 140.365225,   35.106757,       43.46,
 140.369730,   35.106757,       43.61,
 140.374234,   35.106757,       43.74,
 140.378739,   35.106757,       43.85,
 140.383243,   35.106757,       43.94,
 140.387748,   35.106757,       44.02,
 139.140000,   35.111261,       50.48,
 139.144505,   35.111261,       50.48,
 139.149009,   35.111261,       50.40,
 139.153514,   35.111261,       50.35,
 139.158018,   35.111261,       50.35,
 139.162523,   35.111261,       50.38,
 139.167027,   35.111261,       50.40,
 139.171532,   35.111261,       50.43,
 139.176036,   35.111261,       50.46,
 139.180541,   35.111261,       50.48,
 139.185045,   35.111261,       50.41,
 139.189550,   35.111261,       50.15,
 139.194054,   35.111261,       49.82,
 139.198559,   35.111261,       49.43,
 139.203063,   35.111261,       48.98,
 139.207568,   35.111261,       48.50,
 139.212072,   35.111261,       47.97,
 139.216577,   35.111261,       47.43,
 139.221081,   35.111261,       46.89,
 139.225586,   35.111261,       46.36,
 139.230090,   35.111261,       45.86,
 139.234595,   35.111261,       45.43,
 139.239099,   35.111261,       45.02,
 139.243604,   35.111261,       44.62,
 139.248108,   35.111261,       44.24,
 139.252613,   35.111261,       43.90,
 139.257117,   35.111261,       43.59,
 139.261622,   35.111261,       43.30,
 139.266126,   35.111261,       43.06,
 139.270631,   35.111261,       42.83,
 139.275135,   35.111261,       42.62,
 139.279640,   35.111261,       42.42,
 139.284144,   35.111261,       42.22,
 139.288649,   35.111261,       42.04,
 139.293153,   35.111261,       41.87,
 139.297658,   35.111261,       41.75,
 139.302162,   35.111261,       41.66,
 139.306667,   35.111261,       41.61,
 139.311171,   35.111261,       41.60,
 139.315676,   35.111261,       41.63,
 139.320180,   35.111261,       41.67,
 139.324685,   35.111261,       41.71,
 139.329189,   35.111261,       41.75,
 139.333694,   35.111261,       41.80,
 139.338198,   35.111261,       41.86,
 139.342703,   35.111261,       42.02,
 139.347207,   35.111261,       42.27,
 139.351712,   35.111261,       42.55,
 139.356216,   35.111261,       42.82,
 139.360721,   35.111261,       43.08,
 139.365225,   35.111261,       43.34,
 139.369730,   35.111261,       43.59,
 139.374234,   35.111261,       43.84,
 139.378739,   35.111261,       44.09,
 139.383243,   35.111261,       44.35,
 139.387748,   35.111261,       44.62,
 139.392252,   35.111261,       44.94,
 139.396757,   35.111261,       45.29,
 139.401261,   35.111261,       45.66,
 139.405766,   35.111261,       46.02,
 139.410270,   35.111261,       46.37,
 139.414775,   35.111261,       46.71,
 139.419279,   35.111261,       47.04,
 139.423784,   35.111261,       47.37,
 139.428288,   35.111261,       47.94,
 139.432793,   35.111261,       48.57,
 139.437297,   35.111261,       49.18,
 139.441802,   35.111261,       49.79,
 139.446306,   35.111261,       50.39,
 139.450811,   35.111261,       50.99,
 139.455315,   35.111261,       51.59,
 139.459820,   35.111261,       52.19,
 139.464324,   35.111261,       52.79,
 139.468829,   35.111261,       53.40,
 139.473333,   35.111261,       54.01,
 139.477838,   35.111261,       54.62,
 139.482342,   35.111261,       55.24,
 139.486847,   35.111261,       55.80,
 139.491351,   35.111261,       56.25,
 139.495856,   35.111261,       56.59,
 139.500360,   35.111261,       56.90,
 139.504865,   35.111261,       57.21,
 139.509369,   35.111261,       57.53,
 139.513874,   35.111261,       57.87,
 139.518378,   35.111261,       58.20,
 139.522883,   35.111261,       58.44,
 139.527387,   35.111261,       58.62,
 139.531892,   35.111261,       58.82,
 139.536396,   35.111261,       59.03,
 139.540901,   35.111261,       59.26,
 139.545405,   35.111261,       59.81,
 139.549910,   35.111261,       60.57,
 139.554414,   35.111261,       61.34,
 139.558919,   35.111261,       62.09,
 139.563423,   35.111261,       62.46,
 139.567928,   35.111261,       62.49,
 139.572432,   35.111261,       62.52,
 139.576937,   35.111261,       62.22,
 139.581441,   35.111261,       61.82,
 139.585946,   35.111261,       61.75,
 139.590450,   35.111261,       62.52,
 139.594955,   35.111261,       63.31,
 139.599459,   35.111261,       64.81,
 139.603964,   35.111261,       66.48,
 139.608468,   35.111261,       67.88,
 139.612973,   35.111261,       68.78,
 139.617477,   35.111261,       69.13,
 139.621982,   35.111261,       69.17,
 139.626486,   35.111261,       68.62,
 139.630991,   35.111261,       67.73,
 139.635495,   35.111261,       66.52,
 139.640000,   35.111261,       65.44,
 139.644505,   35.111261,       65.01,
 139.649009,   35.111261,       64.91,
 139.653514,   35.111261,       64.44,
 139.658018,   35.111261,       63.44,
 139.662523,   35.111261,       62.64,
 139.667027,   35.111261,       62.06,
 139.671532,   35.111261,       61.30,
 139.676036,   35.111261,       60.73,
 139.680541,   35.111261,       60.37,
 139.685045,   35.111261,       59.93,
 139.689550,   35.111261,       59.97,
 139.694054,   35.111261,       60.49,
 139.698559,   35.111261,       60.79,
 139.703063,   35.111261,       60.56,
 139.707568,   35.111261,       60.68,
 139.712072,   35.111261,       60.95,
 139.716577,   35.111261,       60.90,
 139.721081,   35.111261,       61.04,
 139.725586,   35.111261,       61.61,
 139.730090,   35.111261,       62.06,
 139.734595,   35.111261,       62.49,
 139.739099,   35.111261,       63.00,
 139.743604,   35.111261,       63.38,
 139.748108,   35.111261,       63.74,
 139.752613,   35.111261,       64.08,
 139.757117,   35.111261,       64.14,
 139.761622,   35.111261,       64.09,
 139.766126,   35.111261,       64.01,
 139.770631,   35.111261,       63.94,
 139.775135,   35.111261,       63.91,
 139.779640,   35.111261,       63.91,
 139.784144,   35.111261,       63.90,
 139.788649,   35.111261,       63.75,
 139.793153,   35.111261,       63.66,
 139.797658,   35.111261,       63.45,
 139.802162,   35.111261,       62.59,
 139.806667,   35.111261,       61.62,
 139.811171,   35.111261,       62.72,
 139.815676,   35.111261,       67.44,
 139.820180,   35.111261,       72.66,
 139.824685,   35.111261,       83.47,
 139.829189,   35.111261,       94.39,
 139.833694,   35.111261,       94.39,
 139.838198,   35.111261,       94.39,
 139.842703,   35.111261,       94.39,
 139.847207,   35.111261,       94.39,
 139.851712,   35.111261,      101.24,
 139.856216,   35.111261,      101.24,
 139.860721,   35.111261,      101.24,
 139.865225,   35.111261,      101.24,
 139.869730,   35.111261,      101.24,
 139.874234,   35.111261,      101.24,
 139.878739,   35.111261,       98.37,
 139.883243,   35.111261,       95.62,
 139.887748,   35.111261,       93.03,
 139.892252,   35.111261,       90.60,
 139.896757,   35.111261,       88.31,
 139.901261,   35.111261,       86.14,
 139.905766,   35.111261,       84.07,
 139.910270,   35.111261,       82.11,
 139.914775,   35.111261,       80.25,
 139.919279,   35.111261,       78.46,
 139.923784,   35.111261,       76.75,
 139.928288,   35.111261,       75.12,
 139.932793,   35.111261,       73.54,
 139.937297,   35.111261,       72.04,
 139.941802,   35.111261,       70.59,
 139.946306,   35.111261,       69.19,
 139.950811,   35.111261,       67.85,
 139.955315,   35.111261,       66.55,
 139.959820,   35.111261,       65.31,
 139.964324,   35.111261,       64.10,
 139.968829,   35.111261,       62.94,
 139.973333,   35.111261,       61.81,
 139.977838,   35.111261,       60.72,
 139.982342,   35.111261,       59.67,
 139.986847,   35.111261,       58.64,
 139.991351,   35.111261,       57.65,
 139.995856,   35.111261,       56.69,
 140.000360,   35.111261,       55.76,
 140.004865,   35.111261,       54.88,
 140.009369,   35.111261,       54.04,
 140.013874,   35.111261,       53.24,
 140.018378,   35.111261,       52.47,
 140.022883,   35.111261,       51.75,
 140.027387,   35.111261,       51.08,
 140.031892,   35.111261,       50.44,
 140.036396,   35.111261,       49.85,
 140.040901,   35.111261,       49.31,
 140.045405,   35.111261,       48.81,
 140.049910,   35.111261,       48.36,
 140.054414,   35.111261,       47.96,
 140.058919,   35.111261,       47.61,
 140.063423,   35.111261,       47.29,
 140.067928,   35.111261,       46.99,
 140.072432,   35.111261,       46.73,
 140.076937,   35.111261,       46.48,
 140.081441,   35.111261,       46.24,
 140.085946,   35.111261,       45.99,
 140.090450,   35.111261,       45.73,
 140.094955,   35.111261,       45.48,
 140.099459,   35.111261,       45.22,
 140.103964,   35.111261,       44.95,
 140.108468,   35.111261,       44.65,
 140.112973,   35.111261,       44.49,
 140.117477,   35.111261,       44.46,
 140.121982,   35.111261,       44.42,
 140.126486,   35.111261,       44.38,
 140.130991,   35.111261,       44.33,
 140.135495,   35.111261,       44.27,
 140.140000,   35.111261,       44.21,
 140.144505,   35.111261,       44.15,
 140.149009,   35.111261,       44.09,
 140.153514,   35.111261,       44.04,
 140.158018,   35.111261,       43.99,
 140.162523,   35.111261,       43.94,
 140.167027,   35.111261,       43.90,
 140.171532,   35.111261,       43.92,
 140.176036,   35.111261,       43.96,
 140.180541,   35.111261,       43.97,
 140.185045,   35.111261,       43.96,
 140.189550,   35.111261,       43.92,
 140.194054,   35.111261,       43.89,
 140.198559,   35.111261,       43.87,
 140.203063,   35.111261,       43.83,
 140.207568,   35.111261,       43.82,
 140.212072,   35.111261,       43.82,
 140.216577,   35.111261,       43.80,
 140.221081,   35.111261,       43.76,
 140.225586,   35.111261,       43.72,
 140.230090,   35.111261,       43.77,
 140.234595,   35.111261,       43.82,
 140.239099,   35.111261,       43.84,
 140.243604,   35.111261,       43.88,
 140.248108,   35.111261,       43.87,
 140.252613,   35.111261,       43.77,
 140.257117,   35.111261,       43.71,
 140.261622,   35.111261,       43.63,
 140.266126,   35.111261,       43.58,
 140.270631,   35.111261,       43.54,
 140.275135,   35.111261,       43.50,
 140.279640,   35.111261,       43.46,
 140.284144,   35.111261,       43.43,
 140.288649,   35.111261,       43.42,
 140.293153,   35.111261,       43.41,
 140.297658,   35.111261,       43.42,
 140.302162,   35.111261,       43.43,
 140.306667,   35.111261,       43.45,
 140.311171,   35.111261,       43.49,
 140.315676,   35.111261,       43.53,
 140.320180,   35.111261,       43.53,
 140.324685,   35.111261,       43.56,
 140.329189,   35.111261,       43.55,
 140.333694,   35.111261,       43.54,
 140.338198,   35.111261,       43.51,
 140.342703,   35.111261,       43.45,
 140.347207,   35.111261,       43.40,
 140.351712,   35.111261,       43.37,
 140.356216,   35.111261,       43.35,
 140.360721,   35.111261,       43.35,
 140.365225,   35.111261,       43.48,
 140.369730,   35.111261,       43.60,
 140.374234,   35.111261,       43.71,
 140.378739,   35.111261,       43.80,
 140.383243,   35.111261,       43.86,
 140.387748,   35.111261,       43.91,
 139.140000,   35.115766,       50.68,
 139.144505,   35.115766,       50.72,
 139.149009,   35.115766,       50.75,
 139.153514,   35.115766,       50.76,
 139.158018,   35.115766,       50.76,
 139.162523,   35.115766,       50.75,
 139.167027,   35.115766,       50.75,
 139.171532,   35.115766,       50.76,
 139.176036,   35.115766,       50.80,
 139.180541,   35.115766,       50.84,
 139.185045,   35.115766,       50.70,
 139.189550,   35.115766,       50.30,
 139.194054,   35.115766,       49.87,
 139.198559,   35.115766,       49.41,
 139.203063,   35.115766,       48.94,
 139.207568,   35.115766,       48.45,
 139.212072,   35.115766,       47.92,
 139.216577,   35.115766,       47.37,
 139.221081,   35.115766,       46.82,
 139.225586,   35.115766,       46.28,
 139.230090,   35.115766,       45.81,
 139.234595,   35.115766,       45.41,
 139.239099,   35.115766,       45.01,
 139.243604,   35.115766,       44.61,
 139.248108,   35.115766,       44.21,
 139.252613,   35.115766,       43.84,
 139.257117,   35.115766,       43.51,
 139.261622,   35.115766,       43.22,
 139.266126,   35.115766,       42.99,
 139.270631,   35.115766,       42.78,
 139.275135,   35.115766,       42.59,
 139.279640,   35.115766,       42.39,
 139.284144,   35.115766,       42.21,
 139.288649,   35.115766,       42.03,
 139.293153,   35.115766,       41.86,
 139.297658,   35.115766,       41.72,
 139.302162,   35.115766,       41.61,
 139.306667,   35.115766,       41.55,
 139.311171,   35.115766,       41.56,
 139.315676,   35.115766,       41.61,
 139.320180,   35.115766,       41.67,
 139.324685,   35.115766,       41.74,
 139.329189,   35.115766,       41.81,
 139.333694,   35.115766,       41.88,
 139.338198,   35.115766,       42.00,
 139.342703,   35.115766,       42.21,
 139.347207,   35.115766,       42.47,
 139.351712,   35.115766,       42.76,
 139.356216,   35.115766,       43.04,
 139.360721,   35.115766,       43.31,
 139.365225,   35.115766,       43.58,
 139.369730,   35.115766,       43.84,
 139.374234,   35.115766,       44.09,
 139.378739,   35.115766,       44.35,
 139.383243,   35.115766,       44.62,
 139.387748,   35.115766,       44.91,
 139.392252,   35.115766,       45.22,
 139.396757,   35.115766,       45.55,
 139.401261,   35.115766,       45.89,
 139.405766,   35.115766,       46.24,
 139.410270,   35.115766,       46.59,
 139.414775,   35.115766,       46.92,
 139.419279,   35.115766,       47.25,
 139.423784,   35.115766,       47.58,
 139.428288,   35.115766,       48.07,
 139.432793,   35.115766,       48.67,
 139.437297,   35.115766,       49.28,
 139.441802,   35.115766,       49.89,
 139.446306,   35.115766,       50.48,
 139.450811,   35.115766,       51.07,
 139.455315,   35.115766,       51.66,
 139.459820,   35.115766,       52.25,
 139.464324,   35.115766,       52.87,
 139.468829,   35.115766,       53.50,
 139.473333,   35.115766,       54.12,
 139.477838,   35.115766,       54.75,
 139.482342,   35.115766,       55.38,
 139.486847,   35.115766,       55.94,
 139.491351,   35.115766,       56.40,
 139.495856,   35.115766,       56.73,
 139.500360,   35.115766,       57.00,
 139.504865,   35.115766,       57.28,
 139.509369,   35.115766,       57.56,
 139.513874,   35.115766,       57.84,
 139.518378,   35.115766,       58.12,
 139.522883,   35.115766,       58.28,
 139.527387,   35.115766,       58.44,
 139.531892,   35.115766,       58.63,
 139.536396,   35.115766,       58.83,
 139.540901,   35.115766,       59.10,
 139.545405,   35.115766,       59.77,
 139.549910,   35.115766,       60.54,
 139.554414,   35.115766,       61.32,
 139.558919,   35.115766,       62.13,
 139.563423,   35.115766,       62.55,
 139.567928,   35.115766,       62.39,
 139.572432,   35.115766,       62.18,
 139.576937,   35.115766,       61.63,
 139.581441,   35.115766,       60.99,
 139.585946,   35.115766,       61.19,
 139.590450,   35.115766,       62.02,
 139.594955,   35.115766,       63.10,
 139.599459,   35.115766,       64.97,
 139.603964,   35.115766,       67.01,
 139.608468,   35.115766,       68.12,
 139.612973,   35.115766,       68.83,
 139.617477,   35.115766,       69.80,
 139.621982,   35.115766,       69.38,
 139.626486,   35.115766,       68.80,
 139.630991,   35.115766,       68.36,
 139.635495,   35.115766,       66.63,
 139.640000,   35.115766,       65.19,
 139.644505,   35.115766,       64.67,
 139.649009,   35.115766,       64.85,
 139.653514,   35.115766,       64.86,
 139.658018,   35.115766,       63.88,
 139.662523,   35.115766,       62.93,
 139.667027,   35.115766,       62.11,
 139.671532,   35.115766,       60.68,
 139.676036,   35.115766,       59.54,
 139.680541,   35.115766,       58.88,
 139.685045,   35.115766,       58.00,
 139.689550,   35.115766,       57.62,
 139.694054,   35.115766,       57.85,
 139.698559,   35.115766,       57.96,
 139.703063,   35.115766,       58.03,
 139.707568,   35.115766,       58.16,
 139.712072,   35.115766,       58.46,
 139.716577,   35.115766,       58.69,
 139.721081,   35.115766,       59.13,
 139.725586,   35.115766,       60.12,
 139.730090,   35.115766,       60.93,
 139.734595,   35.115766,       61.47,
 139.739099,   35.115766,       62.13,
 139.743604,   35.115766,       62.69,
 139.748108,   35.115766,       63.09,
 139.752613,   35.115766,       63.51,
 139.757117,   35.115766,       63.79,
 139.761622,   35.115766,       63.77,
 139.766126,   35.115766,       63.68,
 139.770631,   35.115766,       63.58,
 139.775135,   35.115766,       63.53,
 139.779640,   35.115766,       63.54,
 139.784144,   35.115766,       63.55,
 139.788649,   35.115766,       63.51,
 139.793153,   35.115766,       63.39,
 139.797658,   35.115766,       63.10,
 139.802162,   35.115766,       62.45,
 139.806667,   35.115766,       62.07,
 139.811171,   35.115766,       64.53,
 139.815676,   35.115766,       68.37,
 139.820180,   35.115766,       74.55,
 139.824685,   35.115766,       85.27,
 139.829189,   35.115766,       95.64,
 139.833694,   35.115766,       95.64,
 139.838198,   35.115766,       95.64,
 139.842703,   35.115766,       95.64,
 139.847207,   35.115766,       95.64,
 139.851712,   35.115766,      100.28,
 139.856216,   35.115766,      100.28,
 139.860721,   35.115766,      100.28,
 139.865225,   35.115766,      100.28,
 139.869730,   35.115766,      100.28,
 139.874234,   35.115766,      100.28,
 139.878739,   35.115766,       97.47,
 139.883243,   35.115766,       94.79,
 139.887748,   35.115766,       92.28,
 139.892252,   35.115766,       89.91,
 139.896757,   35.115766,       87.67,
 139.901261,   35.115766,       85.55,
 139.905766,   35.115766,       83.53,
 139.910270,   35.115766,       81.61,
 139.914775,   35.115766,       79.78,
 139.919279,   35.115766,       78.03,
 139.923784,   35.115766,       76.35,
 139.928288,   35.115766,       74.74,
 139.932793,   35.115766,       73.20,
 139.937297,   35.115766,       71.72,
 139.941802,   35.115766,       70.30,
 139.946306,   35.115766,       68.94,
 139.950811,   35.115766,       67.63,
 139.955315,   35.115766,       66.36,
 139.959820,   35.115766,       65.14,
 139.964324,   35.115766,       63.96,
 139.968829,   35.115766,       62.82,
 139.973333,   35.115766,       61.72,
 139.977838,   35.115766,       60.66,
 139.982342,   35.115766,       59.63,
 139.986847,   35.115766,       58.63,
 139.991351,   35.115766,       57.66,
 139.995856,   35.115766,       56.72,
 140.000360,   35.115766,       55.83,
 140.004865,   35.115766,       54.97,
 140.009369,   35.115766,       54.15,
 140.013874,   35.115766,       53.37,
 140.018378,   35.115766,       52.63,
 140.022883,   35.115766,       51.93,
 140.027387,   35.115766,       51.27,
 140.031892,   35.115766,       50.65,
 140.036396,   35.115766,       50.07,
 140.040901,   35.115766,       49.54,
 140.045405,   35.115766,       49.05,
 140.049910,   35.115766,       48.60,
 140.054414,   35.115766,       48.20,
 140.058919,   35.115766,       47.85,
 140.063423,   35.115766,       47.52,
 140.067928,   35.115766,       47.23,
 140.072432,   35.115766,       46.96,
 140.076937,   35.115766,       46.71,
 140.081441,   35.115766,       46.47,
 140.085946,   35.115766,       46.22,
 140.090450,   35.115766,       45.97,
 140.094955,   35.115766,       45.73,
 140.099459,   35.115766,       45.48,
 140.103964,   35.115766,       45.22,
 140.108468,   35.115766,       44.95,
 140.112973,   35.115766,       44.68,
 140.117477,   35.115766,       44.49,
 140.121982,   35.115766,       44.46,
 140.126486,   35.115766,       44.43,
 140.130991,   35.115766,       44.40,
 140.135495,   35.115766,       44.35,
 140.140000,   35.115766,       44.31,
 140.144505,   35.115766,       44.26,
 140.149009,   35.115766,       44.21,
 140.153514,   35.115766,       44.18,
 140.158018,   35.115766,       44.15,
 140.162523,   35.115766,       44.09,
 140.167027,   35.115766,       44.03,
 140.171532,   35.115766,       44.02,
 140.176036,   35.115766,       44.07,
 140.180541,   35.115766,       44.13,
 140.185045,   35.115766,       44.13,
 140.189550,   35.115766,       44.07,
 140.194054,   35.115766,       44.02,
 140.198559,   35.115766,       43.98,
 140.203063,   35.115766,       43.94,
 140.207568,   35.115766,       43.92,
 140.212072,   35.115766,       43.94,
 140.216577,   35.115766,       43.95,
 140.221081,   35.115766,       43.93,
 140.225586,   35.115766,       43.91,
 140.230090,   35.115766,       43.92,
 140.234595,   35.115766,       43.96,
 140.239099,   35.115766,       43.99,
 140.243604,   35.115766,       44.02,
 140.248108,   35.115766,       44.01,
 140.252613,   35.115766,       43.95,
 140.257117,   35.115766,       43.89,
 140.261622,   35.115766,       43.84,
 140.266126,   35.115766,       43.78,
 140.270631,   35.115766,       43.75,
 140.275135,   35.115766,       43.74,
 140.279640,   35.115766,       43.68,
 140.284144,   35.115766,       43.64,
 140.288649,   35.115766,       43.61,
 140.293153,   35.115766,       43.58,
 140.297658,   35.115766,       43.58,
 140.302162,   35.115766,       43.58,
 140.306667,   35.115766,       43.58,
 140.311171,   35.115766,       43.61,
 140.315676,   35.115766,       43.63,
 140.320180,   35.115766,       43.65,
 140.324685,   35.115766,       43.67,
 140.329189,   35.115766,       43.68,
 140.333694,   35.115766,       43.66,
 140.338198,   35.115766,       43.63,
 140.342703,   35.115766,       43.58,
 140.347207,   35.115766,       43.53,
 140.351712,   35.115766,       43.49,
 140.356216,   35.115766,       43.47,
 140.360721,   35.115766,       43.49,
 140.365225,   35.115766,       43.54,
 140.369730,   35.115766,       43.63,
 140.374234,   35.115766,       43.71,
 140.378739,   35.115766,       43.76,
 140.383243,   35.115766,       43.77,
 140.387748,   35.115766,       43.75,
 139.140000,   35.120270,       50.88,
 139.144505,   35.120270,       50.95,
 139.149009,   35.120270,       51.00,
 139.153514,   35.120270,       51.03,
 139.158018,   35.120270,       51.05,
 139.162523,   35.120270,       51.05,
 139.167027,   35.120270,       51.05,
 139.171532,   35.120270,       51.07,
 139.176036,   35.120270,       51.07,
 139.180541,   35.120270,       51.04,
 139.185045,   35.120270,       50.84,
 139.189550,   35.120270,       50.41,
 139.194054,   35.120270,       49.93,
 139.198559,   35.120270,       49.43,
 139.203063,   35.120270,       48.92,
 139.207568,   35.120270,       48.41,
 139.212072,   35.120270,       47.86,
 139.216577,   35.120270,       47.32,
 139.221081,   35.120270,       46.77,
 139.225586,   35.120270,       46.23,
 139.230090,   35.120270,       45.78,
 139.234595,   35.120270,       45.38,
 139.239099,   35.120270,       44.98,
 139.243604,   35.120270,       44.58,
 139.248108,   35.120270,       44.19,
 139.252613,   35.120270,       43.80,
 139.257117,   35.120270,       43.43,
 139.261622,   35.120270,       43.14,
 139.266126,   35.120270,       42.93,
 139.270631,   35.120270,       42.74,
 139.275135,   35.120270,       42.56,
 139.279640,   35.120270,       42.38,
 139.284144,   35.120270,       42.20,
 139.288649,   35.120270,       42.03,
 139.293153,   35.120270,       41.86,
 139.297658,   35.120270,       41.70,
 139.302162,   35.120270,       41.56,
 139.306667,   35.120270,       41.48,
 139.311171,   35.120270,       41.50,
 139.315676,   35.120270,       41.59,
 139.320180,   35.120270,       41.68,
 139.324685,   35.120270,       41.78,
 139.329189,   35.120270,       41.88,
 139.333694,   35.120270,       42.00,
 139.338198,   35.120270,       42.17,
 139.342703,   35.120270,       42.39,
 139.347207,   35.120270,       42.66,
 139.351712,   35.120270,       42.96,
 139.356216,   35.120270,       43.26,
 139.360721,   35.120270,       43.54,
 139.365225,   35.120270,       43.82,
 139.369730,   35.120270,       44.09,
 139.374234,   35.120270,       44.35,
 139.378739,   35.120270,       44.62,
 139.383243,   35.120270,       44.91,
 139.387748,   35.120270,       45.20,
 139.392252,   35.120270,       45.51,
 139.396757,   35.120270,       45.82,
 139.401261,   35.120270,       46.15,
 139.405766,   35.120270,       46.49,
 139.410270,   35.120270,       46.83,
 139.414775,   35.120270,       47.17,
 139.419279,   35.120270,       47.50,
 139.423784,   35.120270,       47.84,
 139.428288,   35.120270,       48.27,
 139.432793,   35.120270,       48.81,
 139.437297,   35.120270,       49.41,
 139.441802,   35.120270,       50.00,
 139.446306,   35.120270,       50.59,
 139.450811,   35.120270,       51.17,
 139.455315,   35.120270,       51.74,
 139.459820,   35.120270,       52.33,
 139.464324,   35.120270,       52.97,
 139.468829,   35.120270,       53.62,
 139.473333,   35.120270,       54.26,
 139.477838,   35.120270,       54.90,
 139.482342,   35.120270,       55.54,
 139.486847,   35.120270,       56.11,
 139.491351,   35.120270,       56.57,
 139.495856,   35.120270,       56.90,
 139.500360,   35.120270,       57.13,
 139.504865,   35.120270,       57.36,
 139.509369,   35.120270,       57.61,
 139.513874,   35.120270,       57.85,
 139.518378,   35.120270,       57.98,
 139.522883,   35.120270,       58.09,
 139.527387,   35.120270,       58.23,
 139.531892,   35.120270,       58.39,
 139.536396,   35.120270,       58.61,
 139.540901,   35.120270,       58.99,
 139.545405,   35.120270,       59.69,
 139.549910,   35.120270,       60.46,
 139.554414,   35.120270,       61.26,
 139.558919,   35.120270,       62.07,
 139.563423,   35.120270,       62.45,
 139.567928,   35.120270,       62.12,
 139.572432,   35.120270,       61.71,
 139.576937,   35.120270,       61.17,
 139.581441,   35.120270,       60.57,
 139.585946,   35.120270,       60.44,
 139.590450,   35.120270,       61.32,
 139.594955,   35.120270,       62.71,
 139.599459,   35.120270,       64.55,
 139.603964,   35.120270,       66.15,
 139.608468,   35.120270,       66.85,
 139.612973,   35.120270,       67.62,
 139.617477,   35.120270,       68.10,
 139.621982,   35.120270,       67.59,
 139.626486,   35.120270,       66.97,
 139.630991,   35.120270,       66.60,
 139.635495,   35.120270,       65.96,
 139.640000,   35.120270,       64.58,
 139.644505,   35.120270,       63.97,
 139.649009,   35.120270,       64.17,
 139.653514,   35.120270,       64.26,
 139.658018,   35.120270,       63.50,
 139.662523,   35.120270,       62.78,
 139.667027,   35.120270,       62.03,
 139.671532,   35.120270,       60.40,
 139.676036,   35.120270,       58.63,
 139.680541,   35.120270,       57.65,
 139.685045,   35.120270,       56.75,
 139.689550,   35.120270,       55.41,
 139.694054,   35.120270,       54.67,
 139.698559,   35.120270,       54.72,
 139.703063,   35.120270,       55.08,
 139.707568,   35.120270,       55.68,
 139.712072,   35.120270,       56.02,
 139.716577,   35.120270,       56.47,
 139.721081,   35.120270,       57.83,
 139.725586,   35.120270,       58.95,
 139.730090,   35.120270,       59.84,
 139.734595,   35.120270,       60.59,
 139.739099,   35.120270,       61.29,
 139.743604,   35.120270,       61.96,
 139.748108,   35.120270,       62.57,
 139.752613,   35.120270,       63.01,
 139.757117,   35.120270,       63.38,
 139.761622,   35.120270,       63.51,
 139.766126,   35.120270,       63.41,
 139.770631,   35.120270,       63.27,
 139.775135,   35.120270,       63.15,
 139.779640,   35.120270,       63.22,
 139.784144,   35.120270,       63.23,
 139.788649,   35.120270,       63.20,
 139.793153,   35.120270,       63.01,
 139.797658,   35.120270,       62.70,
 139.802162,   35.120270,       62.29,
 139.806667,   35.120270,       63.12,
 139.811171,   35.120270,       65.85,
 139.815676,   35.120270,       69.30,
 139.820180,   35.120270,       75.53,
 139.824685,   35.120270,       86.23,
 139.829189,   35.120270,       97.49,
 139.833694,   35.120270,       97.49,
 139.838198,   35.120270,       97.49,
 139.842703,   35.120270,       97.49,
 139.847207,   35.120270,       97.49,
 139.851712,   35.120270,       99.19,
 139.856216,   35.120270,       99.19,
 139.860721,   35.120270,       99.19,
 139.865225,   35.120270,       99.19,
 139.869730,   35.120270,       99.19,
 139.874234,   35.120270,       99.19,
 139.878739,   35.120270,       96.46,
 139.883243,   35.120270,       93.88,
 139.887748,   35.120270,       91.44,
 139.892252,   35.120270,       89.14,
 139.896757,   35.120270,       86.96,
 139.901261,   35.120270,       84.89,
 139.905766,   35.120270,       82.92,
 139.910270,   35.120270,       81.04,
 139.914775,   35.120270,       79.25,
 139.919279,   35.120270,       77.53,
 139.923784,   35.120270,       75.89,
 139.928288,   35.120270,       74.32,
 139.932793,   35.120270,       72.81,
 139.937297,   35.120270,       71.37,
 139.941802,   35.120270,       69.98,
 139.946306,   35.120270,       68.64,
 139.950811,   35.120270,       67.36,
 139.955315,   35.120270,       66.12,
 139.959820,   35.120270,       64.93,
 139.964324,   35.120270,       63.79,
 139.968829,   35.120270,       62.68,
 139.973333,   35.120270,       61.61,
 139.977838,   35.120270,       60.57,
 139.982342,   35.120270,       59.56,
 139.986847,   35.120270,       58.59,
 139.991351,   35.120270,       57.64,
 139.995856,   35.120270,       56.73,
 140.000360,   35.120270,       55.86,
 140.004865,   35.120270,       55.03,
 140.009369,   35.120270,       54.24,
 140.013874,   35.120270,       53.48,
 140.018378,   35.120270,       52.76,
 140.022883,   35.120270,       52.08,
 140.027387,   35.120270,       51.44,
 140.031892,   35.120270,       50.83,
 140.036396,   35.120270,       50.27,
 140.040901,   35.120270,       49.74,
 140.045405,   35.120270,       49.26,
 140.049910,   35.120270,       48.82,
 140.054414,   35.120270,       48.42,
 140.058919,   35.120270,       48.07,
 140.063423,   35.120270,       47.74,
 140.067928,   35.120270,       47.44,
 140.072432,   35.120270,       47.17,
 140.076937,   35.120270,       46.92,
 140.081441,   35.120270,       46.68,
 140.085946,   35.120270,       46.44,
 140.090450,   35.120270,       46.19,
 140.094955,   35.120270,       45.95,
 140.099459,   35.120270,       45.71,
 140.103964,   35.120270,       45.47,
 140.108468,   35.120270,       45.23,
 140.112973,   35.120270,       44.99,
 140.117477,   35.120270,       44.77,
 140.121982,   35.120270,       44.57,
 140.126486,   35.120270,       44.48,
 140.130991,   35.120270,       44.45,
 140.135495,   35.120270,       44.42,
 140.140000,   35.120270,       44.39,
 140.144505,   35.120270,       44.36,
 140.149009,   35.120270,       44.33,
 140.153514,   35.120270,       44.30,
 140.158018,   35.120270,       44.27,
 140.162523,   35.120270,       44.22,
 140.167027,   35.120270,       44.16,
 140.171532,   35.120270,       44.12,
 140.176036,   35.120270,       44.14,
 140.180541,   35.120270,       44.21,
 140.185045,   35.120270,       44.24,
 140.189550,   35.120270,       44.19,
 140.194054,   35.120270,       44.15,
 140.198559,   35.120270,       44.13,
 140.203063,   35.120270,       44.11,
 140.207568,   35.120270,       44.11,
 140.212072,   35.120270,       44.10,
 140.216577,   35.120270,       44.10,
 140.221081,   35.120270,       44.10,
 140.225586,   35.120270,       44.08,
 140.230090,   35.120270,       44.06,
 140.234595,   35.120270,       44.07,
 140.239099,   35.120270,       44.11,
 140.243604,   35.120270,       44.12,
 140.248108,   35.120270,       44.12,
 140.252613,   35.120270,       44.09,
 140.257117,   35.120270,       44.03,
 140.261622,   35.120270,       44.00,
 140.266126,   35.120270,       43.97,
 140.270631,   35.120270,       43.93,
 140.275135,   35.120270,       43.89,
 140.279640,   35.120270,       43.85,
 140.284144,   35.120270,       43.80,
 140.288649,   35.120270,       43.76,
 140.293153,   35.120270,       43.73,
 140.297658,   35.120270,       43.70,
 140.302162,   35.120270,       43.70,
 140.306667,   35.120270,       43.70,
 140.311171,   35.120270,       43.70,
 140.315676,   35.120270,       43.71,
 140.320180,   35.120270,       43.74,
 140.324685,   35.120270,       43.76,
 140.329189,   35.120270,       43.77,
 140.333694,   35.120270,       43.75,
 140.338198,   35.120270,       43.72,
 140.342703,   35.120270,       43.69,
 140.347207,   35.120270,       43.64,
 140.351712,   35.120270,       43.60,
 140.356216,   35.120270,       43.60,
 140.360721,   35.120270,       43.62,
 140.365225,   35.120270,       43.65,
 140.369730,   35.120270,       43.69,
 140.374234,   35.120270,       43.70,
 140.378739,   35.120270,       43.69,
 140.383243,   35.120270,       43.65,
 140.387748,   35.120270,       43.58,
 139.140000,   35.124775,       51.11,
 139.144505,   35.124775,       51.19,
 139.149009,   35.124775,       51.26,
 139.153514,   35.124775,       51.31,
 139.158018,   35.124775,       51.34,
 139.162523,   35.124775,       51.33,
 139.167027,   35.124775,       51.32,
 139.171532,   35.124775,       51.32,
 139.176036,   35.124775,       51.29,
 139.180541,   35.124775,       51.18,
 139.185045,   35.124775,       51.00,
 139.189550,   35.124775,       50.62,
 139.194054,   35.124775,       50.08,
 139.198559,   35.124775,       49.54,
 139.203063,   35.124775,       48.99,
 139.207568,   35.124775,       48.40,
 139.212072,   35.124775,       47.84,
 139.216577,   35.124775,       47.27,
 139.221081,   35.124775,       46.72,
 139.225586,   35.124775,       46.19,
 139.230090,   35.124775,       45.75,
 139.234595,   35.124775,       45.35,
 139.239099,   35.124775,       44.95,
 139.243604,   35.124775,       44.55,
 139.248108,   35.124775,       44.16,
 139.252613,   35.124775,       43.77,
 139.257117,   35.124775,       43.38,
 139.261622,   35.124775,       43.06,
 139.266126,   35.124775,       42.89,
 139.270631,   35.124775,       42.72,
 139.275135,   35.124775,       42.54,
 139.279640,   35.124775,       42.37,
 139.284144,   35.124775,       42.20,
 139.288649,   35.124775,       42.03,
 139.293153,   35.124775,       41.86,
 139.297658,   35.124775,       41.69,
 139.302162,   35.124775,       41.52,
 139.306667,   35.124775,       41.40,
 139.311171,   35.124775,       41.46,
 139.315676,   35.124775,       41.59,
 139.320180,   35.124775,       41.73,
 139.324685,   35.124775,       41.86,
 139.329189,   35.124775,       42.00,
 139.333694,   35.124775,       42.16,
 139.338198,   35.124775,       42.34,
 139.342703,   35.124775,       42.56,
 139.347207,   35.124775,       42.84,
 139.351712,   35.124775,       43.16,
 139.356216,   35.124775,       43.47,
 139.360721,   35.124775,       43.77,
 139.365225,   35.124775,       44.06,
 139.369730,   35.124775,       44.34,
 139.374234,   35.124775,       44.62,
 139.378739,   35.124775,       44.91,
 139.383243,   35.124775,       45.21,
 139.387748,   35.124775,       45.50,
 139.392252,   35.124775,       45.80,
 139.396757,   35.124775,       46.10,
 139.401261,   35.124775,       46.42,
 139.405766,   35.124775,       46.76,
 139.410270,   35.124775,       47.09,
 139.414775,   35.124775,       47.42,
 139.419279,   35.124775,       47.75,
 139.423784,   35.124775,       48.08,
 139.428288,   35.124775,       48.49,
 139.432793,   35.124775,       48.98,
 139.437297,   35.124775,       49.55,
 139.441802,   35.124775,       50.14,
 139.446306,   35.124775,       50.72,
 139.450811,   35.124775,       51.30,
 139.455315,   35.124775,       51.88,
 139.459820,   35.124775,       52.48,
 139.464324,   35.124775,       53.12,
 139.468829,   35.124775,       53.76,
 139.473333,   35.124775,       54.41,
 139.477838,   35.124775,       55.05,
 139.482342,   35.124775,       55.70,
 139.486847,   35.124775,       56.31,
 139.491351,   35.124775,       56.77,
 139.495856,   35.124775,       57.04,
 139.500360,   35.124775,       57.25,
 139.504865,   35.124775,       57.46,
 139.509369,   35.124775,       57.67,
 139.513874,   35.124775,       57.84,
 139.518378,   35.124775,       57.89,
 139.522883,   35.124775,       57.93,
 139.527387,   35.124775,       58.00,
 139.531892,   35.124775,       58.10,
 139.536396,   35.124775,       58.36,
 139.540901,   35.124775,       58.86,
 139.545405,   35.124775,       59.59,
 139.549910,   35.124775,       60.34,
 139.554414,   35.124775,       61.11,
 139.558919,   35.124775,       61.73,
 139.563423,   35.124775,       62.08,
 139.567928,   35.124775,       61.91,
 139.572432,   35.124775,       61.38,
 139.576937,   35.124775,       60.67,
 139.581441,   35.124775,       60.14,
 139.585946,   35.124775,       59.80,
 139.590450,   35.124775,       60.64,
 139.594955,   35.124775,       62.09,
 139.599459,   35.124775,       63.73,
 139.603964,   35.124775,       64.47,
 139.608468,   35.124775,       64.91,
 139.612973,   35.124775,       65.42,
 139.617477,   35.124775,       65.22,
 139.621982,   35.124775,       64.70,
 139.626486,   35.124775,       64.12,
 139.630991,   35.124775,       63.99,
 139.635495,   35.124775,       64.04,
 139.640000,   35.124775,       63.57,
 139.644505,   35.124775,       63.00,
 139.649009,   35.124775,       62.80,
 139.653514,   35.124775,       62.57,
 139.658018,   35.124775,       62.18,
 139.662523,   35.124775,       61.84,
 139.667027,   35.124775,       61.70,
 139.671532,   35.124775,       60.53,
 139.676036,   35.124775,       58.86,
 139.680541,   35.124775,       57.39,
 139.685045,   35.124775,       56.09,
 139.689550,   35.124775,       53.75,
 139.694054,   35.124775,       51.31,
 139.698559,   35.124775,       51.05,
 139.703063,   35.124775,       51.95,
 139.707568,   35.124775,       53.16,
 139.712072,   35.124775,       53.84,
 139.716577,   35.124775,       55.22,
 139.721081,   35.124775,       57.04,
 139.725586,   35.124775,       58.28,
 139.730090,   35.124775,       59.13,
 139.734595,   35.124775,       59.86,
 139.739099,   35.124775,       60.56,
 139.743604,   35.124775,       61.35,
 139.748108,   35.124775,       62.13,
 139.752613,   35.124775,       62.64,
 139.757117,   35.124775,       63.01,
 139.761622,   35.124775,       63.26,
 139.766126,   35.124775,       63.24,
 139.770631,   35.124775,       63.13,
 139.775135,   35.124775,       63.06,
 139.779640,   35.124775,       63.04,
 139.784144,   35.124775,       63.04,
 139.788649,   35.124775,       62.97,
 139.793153,   35.124775,       62.75,
 139.797658,   35.124775,       62.45,
 139.802162,   35.124775,       62.38,
 139.806667,   35.124775,       63.55,
 139.811171,   35.124775,       65.90,
 139.815676,   35.124775,       69.46,
 139.820180,   35.124775,       75.33,
 139.824685,   35.124775,       84.29,
 139.829189,   35.124775,       95.52,
 139.833694,   35.124775,       95.52,
 139.838198,   35.124775,       95.52,
 139.842703,   35.124775,       95.52,
 139.847207,   35.124775,       95.52,
 139.851712,   35.124775,       97.98,
 139.856216,   35.124775,       97.98,
 139.860721,   35.124775,       97.98,
 139.865225,   35.124775,       97.98,
 139.869730,   35.124775,       97.98,
 139.874234,   35.124775,       97.98,
 139.878739,   35.124775,       95.36,
 139.883243,   35.124775,       92.88,
 139.887748,   35.124775,       90.53,
 139.892252,   35.124775,       88.30,
 139.896757,   35.124775,       86.18,
 139.901261,   35.124775,       84.16,
 139.905766,   35.124775,       82.24,
 139.910270,   35.124775,       80.41,
 139.914775,   35.124775,       78.66,
 139.919279,   35.124775,       76.98,
 139.923784,   35.124775,       75.38,
 139.928288,   35.124775,       73.84,
 139.932793,   35.124775,       72.37,
 139.937297,   35.124775,       70.96,
 139.941802,   35.124775,       69.61,
 139.946306,   35.124775,       68.31,
 139.950811,   35.124775,       67.06,
 139.955315,   35.124775,       65.86,
 139.959820,   35.124775,       64.70,
 139.964324,   35.124775,       63.59,
 139.968829,   35.124775,       62.51,
 139.973333,   35.124775,       61.47,
 139.977838,   35.124775,       60.45,
 139.982342,   35.124775,       59.47,
 139.986847,   35.124775,       58.52,
 139.991351,   35.124775,       57.60,
 139.995856,   35.124775,       56.73,
 140.000360,   35.124775,       55.88,
 140.004865,   35.124775,       55.08,
 140.009369,   35.124775,       54.31,
 140.013874,   35.124775,       53.57,
 140.018378,   35.124775,       52.87,
 140.022883,   35.124775,       52.21,
 140.027387,   35.124775,       51.58,
 140.031892,   35.124775,       50.99,
 140.036396,   35.124775,       50.44,
 140.040901,   35.124775,       49.93,
 140.045405,   35.124775,       49.45,
 140.049910,   35.124775,       49.02,
 140.054414,   35.124775,       48.62,
 140.058919,   35.124775,       48.27,
 140.063423,   35.124775,       47.94,
 140.067928,   35.124775,       47.64,
 140.072432,   35.124775,       47.37,
 140.076937,   35.124775,       47.11,
 140.081441,   35.124775,       46.87,
 140.085946,   35.124775,       46.63,
 140.090450,   35.124775,       46.39,
 140.094955,   35.124775,       46.15,
 140.099459,   35.124775,       45.92,
 140.103964,   35.124775,       45.68,
 140.108468,   35.124775,       45.45,
 140.112973,   35.124775,       45.23,
 140.117477,   35.124775,       45.02,
 140.121982,   35.124775,       44.84,
 140.126486,   35.124775,       44.67,
 140.130991,   35.124775,       44.56,
 140.135495,   35.124775,       44.49,
 140.140000,   35.124775,       44.47,
 140.144505,   35.124775,       44.45,
 140.149009,   35.124775,       44.43,
 140.153514,   35.124775,       44.41,
 140.158018,   35.124775,       44.38,
 140.162523,   35.124775,       44.34,
 140.167027,   35.124775,       44.30,
 140.171532,   35.124775,       44.27,
 140.176036,   35.124775,       44.23,
 140.180541,   35.124775,       44.27,
 140.185045,   35.124775,       44.34,
 140.189550,   35.124775,       44.32,
 140.194054,   35.124775,       44.30,
 140.198559,   35.124775,       44.28,
 140.203063,   35.124775,       44.26,
 140.207568,   35.124775,       44.25,
 140.212072,   35.124775,       44.23,
 140.216577,   35.124775,       44.22,
 140.221081,   35.124775,       44.21,
 140.225586,   35.124775,       44.20,
 140.230090,   35.124775,       44.19,
 140.234595,   35.124775,       44.18,
 140.239099,   35.124775,       44.19,
 140.243604,   35.124775,       44.19,
 140.248108,   35.124775,       44.18,
 140.252613,   35.124775,       44.15,
 140.257117,   35.124775,       44.11,
 140.261622,   35.124775,       44.08,
 140.266126,   35.124775,       44.06,
 140.270631,   35.124775,       44.03,
 140.275135,   35.124775,       44.01,
 140.279640,   35.124775,       43.98,
 140.284144,   35.124775,       43.93,
 140.288649,   35.124775,       43.89,
 140.293153,   35.124775,       43.85,
 140.297658,   35.124775,       43.81,
 140.302162,   35.124775,       43.79,
 140.306667,   35.124775,       43.78,
 140.311171,   35.124775,       43.76,
 140.315676,   35.124775,       43.77,
 140.320180,   35.124775,       43.80,
 140.324685,   35.124775,       43.82,
 140.329189,   35.124775,       43.82,
 140.333694,   35.124775,       43.80,
 140.338198,   35.124775,       43.78,
 140.342703,   35.124775,       43.76,
 140.347207,   35.124775,       43.73,
 140.351712,   35.124775,       43.71,
 140.356216,   35.124775,       43.72,
 140.360721,   35.124775,       43.73,
 140.365225,   35.124775,       43.73,
 140.369730,   35.124775,       43.73,
 140.374234,   35.124775,       43.71,
 140.378739,   35.124775,       43.68,
 140.383243,   35.124775,       43.64,
 140.387748,   35.124775,       43.59,
 139.140000,   35.129279,       52.53,
 139.144505,   35.129279,       51.80,
 139.149009,   35.129279,       51.53,
 139.153514,   35.129279,       51.60,
 139.158018,   35.129279,       51.63,
 139.162523,   35.129279,       51.60,
 139.167027,   35.129279,       51.59,
 139.171532,   35.129279,       51.58,
 139.176036,   35.129279,       51.49,
 139.180541,   35.129279,       51.35,
 139.185045,   35.129279,       51.16,
 139.189550,   35.129279,       50.87,
 139.194054,   35.129279,       50.29,
 139.198559,   35.129279,       49.71,
 139.203063,   35.129279,       49.10,
 139.207568,   35.129279,       48.47,
 139.212072,   35.129279,       47.87,
 139.216577,   35.129279,       47.27,
 139.221081,   35.129279,       46.68,
 139.225586,   35.129279,       46.14,
 139.230090,   35.129279,       45.71,
 139.234595,   35.129279,       45.31,
 139.239099,   35.129279,       44.91,
 139.243604,   35.129279,       44.52,
 139.248108,   35.129279,       44.12,
 139.252613,   35.129279,       43.73,
 139.257117,   35.129279,       43.37,
 139.261622,   35.129279,       43.08,
 139.266126,   35.129279,       42.89,
 139.270631,   35.129279,       42.72,
 139.275135,   35.129279,       42.55,
 139.279640,   35.129279,       42.38,
 139.284144,   35.129279,       42.21,
 139.288649,   35.129279,       42.04,
 139.293153,   35.129279,       41.87,
 139.297658,   35.129279,       41.70,
 139.302162,   35.129279,       41.53,
 139.306667,   35.129279,       41.40,
 139.311171,   35.129279,       41.52,
 139.315676,   35.129279,       41.68,
 139.320180,   35.129279,       41.84,
 139.324685,   35.129279,       42.00,
 139.329189,   35.129279,       42.17,
 139.333694,   35.129279,       42.33,
 139.338198,   35.129279,       42.50,
 139.342703,   35.129279,       42.73,
 139.347207,   35.129279,       43.04,
 139.351712,   35.129279,       43.36,
 139.356216,   35.129279,       43.68,
 139.360721,   35.129279,       44.00,
 139.365225,   35.129279,       44.30,
 139.369730,   35.129279,       44.60,
 139.374234,   35.129279,       44.91,
 139.378739,   35.129279,       45.22,
 139.383243,   35.129279,       45.52,
 139.387748,   35.129279,       45.82,
 139.392252,   35.129279,       46.10,
 139.396757,   35.129279,       46.39,
 139.401261,   35.129279,       46.69,
 139.405766,   35.129279,       47.02,
 139.410270,   35.129279,       47.35,
 139.414775,   35.129279,       47.67,
 139.419279,   35.129279,       47.99,
 139.423784,   35.129279,       48.31,
 139.428288,   35.129279,       48.69,
 139.432793,   35.129279,       49.16,
 139.437297,   35.129279,       49.71,
 139.441802,   35.129279,       50.30,
 139.446306,   35.129279,       50.88,
 139.450811,   35.129279,       51.47,
 139.455315,   35.129279,       52.06,
 139.459820,   35.129279,       52.66,
 139.464324,   35.129279,       53.28,
 139.468829,   35.129279,       53.92,
 139.473333,   35.129279,       54.57,
 139.477838,   35.129279,       55.21,
 139.482342,   35.129279,       55.86,
 139.486847,   35.129279,       56.50,
 139.491351,   35.129279,       56.98,
 139.495856,   35.129279,       57.16,
 139.500360,   35.129279,       57.34,
 139.504865,   35.129279,       57.51,
 139.509369,   35.129279,       57.68,
 139.513874,   35.129279,       57.81,
 139.518378,   35.129279,       57.85,
 139.522883,   35.129279,       57.82,
 139.527387,   35.129279,       57.81,
 139.531892,   35.129279,       57.82,
 139.536396,   35.129279,       58.09,
 139.540901,   35.129279,       58.77,
 139.545405,   35.129279,       59.49,
 139.549910,   35.129279,       60.22,
 139.554414,   35.129279,       60.86,
 139.558919,   35.129279,       61.36,
 139.563423,   35.129279,       61.76,
 139.567928,   35.129279,       61.80,
 139.572432,   35.129279,       60.98,
 139.576937,   35.129279,       60.06,
 139.581441,   35.129279,       59.45,
 139.585946,   35.129279,       59.39,
 139.590450,   35.129279,       59.83,
 139.594955,   35.129279,       61.15,
 139.599459,   35.129279,       62.28,
 139.603964,   35.129279,       62.93,
 139.608468,   35.129279,       63.31,
 139.612973,   35.129279,       63.12,
 139.617477,   35.129279,       62.58,
 139.621982,   35.129279,       62.04,
 139.626486,   35.129279,       61.46,
 139.630991,   35.129279,       61.43,
 139.635495,   35.129279,       61.54,
 139.640000,   35.129279,       61.40,
 139.644505,   35.129279,       61.20,
 139.649009,   35.129279,       61.13,
 139.653514,   35.129279,       60.91,
 139.658018,   35.129279,       60.86,
 139.662523,   35.129279,       61.03,
 139.667027,   35.129279,       61.15,
 139.671532,   35.129279,       60.81,
 139.676036,   35.129279,       59.25,
 139.680541,   35.129279,       57.53,
 139.685045,   35.129279,       55.46,
 139.689550,   35.129279,       52.55,
 139.694054,   35.129279,       49.13,
 139.698559,   35.129279,       47.18,
 139.703063,   35.129279,       48.25,
 139.707568,   35.129279,       49.82,
 139.712072,   35.129279,       51.95,
 139.716577,   35.129279,       53.73,
 139.721081,   35.129279,       55.77,
 139.725586,   35.129279,       57.59,
 139.730090,   35.129279,       58.31,
 139.734595,   35.129279,       59.06,
 139.739099,   35.129279,       59.88,
 139.743604,   35.129279,       60.69,
 139.748108,   35.129279,       61.56,
 139.752613,   35.129279,       62.36,
 139.757117,   35.129279,       62.73,
 139.761622,   35.129279,       63.02,
 139.766126,   35.129279,       63.13,
 139.770631,   35.129279,       63.09,
 139.775135,   35.129279,       63.02,
 139.779640,   35.129279,       62.96,
 139.784144,   35.129279,       62.92,
 139.788649,   35.129279,       62.81,
 139.793153,   35.129279,       62.61,
 139.797658,   35.129279,       62.32,
 139.802162,   35.129279,       62.85,
 139.806667,   35.129279,       63.83,
 139.811171,   35.129279,       65.18,
 139.815676,   35.129279,       69.55,
 139.820180,   35.129279,       75.09,
 139.824685,   35.129279,       81.36,
 139.829189,   35.129279,       91.65,
 139.833694,   35.129279,       91.65,
 139.838198,   35.129279,       91.65,
 139.842703,   35.129279,       91.65,
 139.847207,   35.129279,       91.65,
 139.851712,   35.129279,       96.62,
 139.856216,   35.129279,       96.62,
 139.860721,   35.129279,       96.62,
 139.865225,   35.129279,       96.62,
 139.869730,   35.129279,       96.62,
 139.874234,   35.129279,       96.62,
 139.878739,   35.129279,       94.15,
 139.883243,   35.129279,       91.78,
 139.887748,   35.129279,       89.53,
 139.892252,   35.129279,       87.38,
 139.896757,   35.129279,       85.33,
 139.901261,   35.129279,       83.37,
 139.905766,   35.129279,       81.50,
 139.910270,   35.129279,       79.72,
 139.914775,   35.129279,       78.01,
 139.919279,   35.129279,       76.37,
 139.923784,   35.129279,       74.81,
 139.928288,   35.129279,       73.32,
 139.932793,   35.129279,       71.89,
 139.937297,   35.129279,       70.52,
 139.941802,   35.129279,       69.20,
 139.946306,   35.129279,       67.94,
 139.950811,   35.129279,       66.73,
 139.955315,   35.129279,       65.57,
 139.959820,   35.129279,       64.45,
 139.964324,   35.129279,       63.37,
 139.968829,   35.129279,       62.32,
 139.973333,   35.129279,       61.30,
 139.977838,   35.129279,       60.31,
 139.982342,   35.129279,       59.36,
 139.986847,   35.129279,       58.44,
 139.991351,   35.129279,       57.55,
 139.995856,   35.129279,       56.70,
 140.000360,   35.129279,       55.89,
 140.004865,   35.129279,       55.11,
 140.009369,   35.129279,       54.36,
 140.013874,   35.129279,       53.64,
 140.018378,   35.129279,       52.96,
 140.022883,   35.129279,       52.32,
 140.027387,   35.129279,       51.71,
 140.031892,   35.129279,       51.13,
 140.036396,   35.129279,       50.60,
 140.040901,   35.129279,       50.09,
 140.045405,   35.129279,       49.62,
 140.049910,   35.129279,       49.20,
 140.054414,   35.129279,       48.81,
 140.058919,   35.129279,       48.46,
 140.063423,   35.129279,       48.13,
 140.067928,   35.129279,       47.82,
 140.072432,   35.129279,       47.54,
 140.076937,   35.129279,       47.29,
 140.081441,   35.129279,       47.04,
 140.085946,   35.129279,       46.80,
 140.090450,   35.129279,       46.56,
 140.094955,   35.129279,       46.32,
 140.099459,   35.129279,       46.09,
 140.103964,   35.129279,       45.87,
 140.108468,   35.129279,       45.65,
 140.112973,   35.129279,       45.45,
 140.117477,   35.129279,       45.25,
 140.121982,   35.129279,       45.07,
 140.126486,   35.129279,       44.92,
 140.130991,   35.129279,       44.79,
 140.135495,   35.129279,       44.69,
 140.140000,   35.129279,       44.63,
 140.144505,   35.129279,       44.59,
 140.149009,   35.129279,       44.57,
 140.153514,   35.129279,       44.56,
 140.158018,   35.129279,       44.54,
 140.162523,   35.129279,       44.53,
 140.167027,   35.129279,       44.52,
 140.171532,   35.129279,       44.50,
 140.176036,   35.129279,       44.49,
 140.180541,   35.129279,       44.48,
 140.185045,   35.129279,       44.47,
 140.189550,   35.129279,       44.45,
 140.194054,   35.129279,       44.43,
 140.198559,   35.129279,       44.40,
 140.203063,   35.129279,       44.37,
 140.207568,   35.129279,       44.35,
 140.212072,   35.129279,       44.33,
 140.216577,   35.129279,       44.31,
 140.221081,   35.129279,       44.30,
 140.225586,   35.129279,       44.28,
 140.230090,   35.129279,       44.27,
 140.234595,   35.129279,       44.27,
 140.239099,   35.129279,       44.27,
 140.243604,   35.129279,       44.26,
 140.248108,   35.129279,       44.23,
 140.252613,   35.129279,       44.20,
 140.257117,   35.129279,       44.17,
 140.261622,   35.129279,       44.14,
 140.266126,   35.129279,       44.12,
 140.270631,   35.129279,       44.10,
 140.275135,   35.129279,       44.08,
 140.279640,   35.129279,       44.06,
 140.284144,   35.129279,       44.02,
 140.288649,   35.129279,       43.99,
 140.293153,   35.129279,       43.96,
 140.297658,   35.129279,       43.93,
 140.302162,   35.129279,       43.90,
 140.306667,   35.129279,       43.89,
 140.311171,   35.129279,       43.87,
 140.315676,   35.129279,       43.86,
 140.320180,   35.129279,       43.89,
 140.324685,   35.129279,       43.90,
 140.329189,   35.129279,       43.89,
 140.333694,   35.129279,       43.87,
 140.338198,   35.129279,       43.86,
 140.342703,   35.129279,       43.84,
 140.347207,   35.129279,       43.82,
 140.351712,   35.129279,       43.82,
 140.356216,   35.129279,       43.82,
 140.360721,   35.129279,       43.82,
 140.365225,   35.129279,       43.81,
 140.369730,   35.129279,       43.79,
 140.374234,   35.129279,       43.76,
 140.378739,   35.129279,       43.72,
 140.383243,   35.129279,       43.67,
 140.387748,   35.129279,       43.62,
 139.140000,   35.133784,       55.56,
 139.144505,   35.133784,       54.44,
 139.149009,   35.133784,       53.54,
 139.153514,   35.133784,       52.85,
 139.158018,   35.133784,       52.12,
 139.162523,   35.133784,       51.88,
 139.167027,   35.133784,       51.84,
 139.171532,   35.133784,       51.82,
 139.176036,   35.133784,       51.76,
 139.180541,   35.133784,       51.62,
 139.185045,   35.133784,       51.44,
 139.189550,   35.133784,       51.01,
 139.194054,   35.133784,       50.42,
 139.198559,   35.133784,       49.83,
 139.203063,   35.133784,       49.21,
 139.207568,   35.133784,       48.57,
 139.212072,   35.133784,       47.92,
 139.216577,   35.133784,       47.28,
 139.221081,   35.133784,       46.66,
 139.225586,   35.133784,       46.08,
 139.230090,   35.133784,       45.67,
 139.234595,   35.133784,       45.27,
 139.239099,   35.133784,       44.87,
 139.243604,   35.133784,       44.48,
 139.248108,   35.133784,       44.08,
 139.252613,   35.133784,       43.72,
 139.257117,   35.133784,       43.39,
 139.261622,   35.133784,       43.12,
 139.266126,   35.133784,       42.92,
 139.270631,   35.133784,       42.73,
 139.275135,   35.133784,       42.56,
 139.279640,   35.133784,       42.38,
 139.284144,   35.133784,       42.21,
 139.288649,   35.133784,       42.04,
 139.293153,   35.133784,       41.88,
 139.297658,   35.133784,       41.74,
 139.302162,   35.133784,       41.63,
 139.306667,   35.133784,       41.60,
 139.311171,   35.133784,       41.70,
 139.315676,   35.133784,       41.84,
 139.320180,   35.133784,       42.00,
 139.324685,   35.133784,       42.16,
 139.329189,   35.133784,       42.33,
 139.333694,   35.133784,       42.49,
 139.338198,   35.133784,       42.66,
 139.342703,   35.133784,       42.91,
 139.347207,   35.133784,       43.26,
 139.351712,   35.133784,       43.59,
 139.356216,   35.133784,       43.92,
 139.360721,   35.133784,       44.24,
 139.365225,   35.133784,       44.56,
 139.369730,   35.133784,       44.91,
 139.374234,   35.133784,       45.24,
 139.378739,   35.133784,       45.55,
 139.383243,   35.133784,       45.85,
 139.387748,   35.133784,       46.14,
 139.392252,   35.133784,       46.43,
 139.396757,   35.133784,       46.71,
 139.401261,   35.133784,       46.98,
 139.405766,   35.133784,       47.29,
 139.410270,   35.133784,       47.62,
 139.414775,   35.133784,       47.94,
 139.419279,   35.133784,       48.25,
 139.423784,   35.133784,       48.56,
 139.428288,   35.133784,       48.89,
 139.432793,   35.133784,       49.32,
 139.437297,   35.133784,       49.88,
 139.441802,   35.133784,       50.46,
 139.446306,   35.133784,       51.05,
 139.450811,   35.133784,       51.64,
 139.455315,   35.133784,       52.23,
 139.459820,   35.133784,       52.83,
 139.464324,   35.133784,       53.45,
 139.468829,   35.133784,       54.09,
 139.473333,   35.133784,       54.73,
 139.477838,   35.133784,       55.36,
 139.482342,   35.133784,       55.99,
 139.486847,   35.133784,       56.62,
 139.491351,   35.133784,       57.08,
 139.495856,   35.133784,       57.25,
 139.500360,   35.133784,       57.40,
 139.504865,   35.133784,       57.54,
 139.509369,   35.133784,       57.68,
 139.513874,   35.133784,       57.80,
 139.518378,   35.133784,       57.83,
 139.522883,   35.133784,       57.78,
 139.527387,   35.133784,       57.73,
 139.531892,   35.133784,       57.68,
 139.536396,   35.133784,       57.96,
 139.540901,   35.133784,       58.67,
 139.545405,   35.133784,       59.39,
 139.549910,   35.133784,       60.10,
 139.554414,   35.133784,       60.71,
 139.558919,   35.133784,       61.21,
 139.563423,   35.133784,       61.52,
 139.567928,   35.133784,       61.37,
 139.572432,   35.133784,       60.60,
 139.576937,   35.133784,       59.64,
 139.581441,   35.133784,       59.00,
 139.585946,   35.133784,       59.10,
 139.590450,   35.133784,       59.22,
 139.594955,   35.133784,       60.09,
 139.599459,   35.133784,       61.06,
 139.603964,   35.133784,       61.59,
 139.608468,   35.133784,       61.68,
 139.612973,   35.133784,       61.12,
 139.617477,   35.133784,       60.28,
 139.621982,   35.133784,       59.65,
 139.626486,   35.133784,       59.05,
 139.630991,   35.133784,       58.87,
 139.635495,   35.133784,       58.95,
 139.640000,   35.133784,       58.97,
 139.644505,   35.133784,       59.03,
 139.649009,   35.133784,       59.37,
 139.653514,   35.133784,       59.39,
 139.658018,   35.133784,       59.72,
 139.662523,   35.133784,       60.18,
 139.667027,   35.133784,       60.55,
 139.671532,   35.133784,       61.03,
 139.676036,   35.133784,       60.02,
 139.680541,   35.133784,       57.99,
 139.685045,   35.133784,       55.44,
 139.689550,   35.133784,       52.37,
 139.694054,   35.133784,       48.60,
 139.698559,   35.133784,       44.41,
 139.703063,   35.133784,       43.54,
 139.707568,   35.133784,       45.69,
 139.712072,   35.133784,       49.00,
 139.716577,   35.133784,       51.73,
 139.721081,   35.133784,       53.75,
 139.725586,   35.133784,       55.88,
 139.730090,   35.133784,       57.36,
 139.734595,   35.133784,       58.17,
 139.739099,   35.133784,       59.06,
 139.743604,   35.133784,       59.94,
 139.748108,   35.133784,       60.89,
 139.752613,   35.133784,       61.99,
 139.757117,   35.133784,       62.57,
 139.761622,   35.133784,       62.89,
 139.766126,   35.133784,       63.16,
 139.770631,   35.133784,       63.15,
 139.775135,   35.133784,       63.07,
 139.779640,   35.133784,       62.97,
 139.784144,   35.133784,       62.88,
 139.788649,   35.133784,       62.78,
 139.793153,   35.133784,       62.60,
 139.797658,   35.133784,       62.53,
 139.802162,   35.133784,       63.22,
 139.806667,   35.133784,       64.13,
 139.811171,   35.133784,       66.03,
 139.815676,   35.133784,       70.51,
 139.820180,   35.133784,       75.77,
 139.824685,   35.133784,       81.98,
 139.829189,   35.133784,       91.67,
 139.833694,   35.133784,       91.67,
 139.838198,   35.133784,       91.67,
 139.842703,   35.133784,       91.67,
 139.847207,   35.133784,       91.67,
 139.851712,   35.133784,       95.14,
 139.856216,   35.133784,       95.14,
 139.860721,   35.133784,       95.14,
 139.865225,   35.133784,       95.14,
 139.869730,   35.133784,       95.14,
 139.874234,   35.133784,       95.14,
 139.878739,   35.133784,       92.82,
 139.883243,   35.133784,       90.58,
 139.887748,   35.133784,       88.43,
 139.892252,   35.133784,       86.37,
 139.896757,   35.133784,       84.40,
 139.901261,   35.133784,       82.51,
 139.905766,   35.133784,       80.70,
 139.910270,   35.133784,       78.96,
 139.914775,   35.133784,       77.30,
 139.919279,   35.133784,       75.72,
 139.923784,   35.133784,       74.20,
 139.928288,   35.133784,       72.76,
 139.932793,   35.133784,       71.37,
 139.937297,   35.133784,       70.04,
 139.941802,   35.133784,       68.77,
 139.946306,   35.133784,       67.56,
 139.950811,   35.133784,       66.39,
 139.955315,   35.133784,       65.26,
 139.959820,   35.133784,       64.17,
 139.964324,   35.133784,       63.12,
 139.968829,   35.133784,       62.10,
 139.973333,   35.133784,       61.12,
 139.977838,   35.133784,       60.16,
 139.982342,   35.133784,       59.23,
 139.986847,   35.133784,       58.34,
 139.991351,   35.133784,       57.49,
 139.995856,   35.133784,       56.66,
 140.000360,   35.133784,       55.87,
 140.004865,   35.133784,       55.11,
 140.009369,   35.133784,       54.39,
 140.013874,   35.133784,       53.69,
 140.018378,   35.133784,       53.04,
 140.022883,   35.133784,       52.41,
 140.027387,   35.133784,       51.82,
 140.031892,   35.133784,       51.26,
 140.036396,   35.133784,       50.73,
 140.040901,   35.133784,       50.24,
 140.045405,   35.133784,       49.78,
 140.049910,   35.133784,       49.36,
 140.054414,   35.133784,       48.97,
 140.058919,   35.133784,       48.62,
 140.063423,   35.133784,       48.30,
 140.067928,   35.133784,       47.99,
 140.072432,   35.133784,       47.71,
 140.076937,   35.133784,       47.45,
 140.081441,   35.133784,       47.21,
 140.085946,   35.133784,       46.97,
 140.090450,   35.133784,       46.73,
 140.094955,   35.133784,       46.51,
 140.099459,   35.133784,       46.29,
 140.103964,   35.133784,       46.07,
 140.108468,   35.133784,       45.87,
 140.112973,   35.133784,       45.67,
 140.117477,   35.133784,       45.48,
 140.121982,   35.133784,       45.31,
 140.126486,   35.133784,       45.16,
 140.130991,   35.133784,       45.04,
 140.135495,   35.133784,       44.93,
 140.140000,   35.133784,       44.85,
 140.144505,   35.133784,       44.80,
 140.149009,   35.133784,       44.76,
 140.153514,   35.133784,       44.73,
 140.158018,   35.133784,       44.72,
 140.162523,   35.133784,       44.70,
 140.167027,   35.133784,       44.69,
 140.171532,   35.133784,       44.67,
 140.176036,   35.133784,       44.65,
 140.180541,   35.133784,       44.63,
 140.185045,   35.133784,       44.62,
 140.189550,   35.133784,       44.60,
 140.194054,   35.133784,       44.58,
 140.198559,   35.133784,       44.56,
 140.203063,   35.133784,       44.54,
 140.207568,   35.133784,       44.51,
 140.212072,   35.133784,       44.48,
 140.216577,   35.133784,       44.45,
 140.221081,   35.133784,       44.42,
 140.225586,   35.133784,       44.38,
 140.230090,   35.133784,       44.35,
 140.234595,   35.133784,       44.33,
 140.239099,   35.133784,       44.31,
 140.243604,   35.133784,       44.31,
 140.248108,   35.133784,       44.29,
 140.252613,   35.133784,       44.26,
 140.257117,   35.133784,       44.23,
 140.261622,   35.133784,       44.21,
 140.266126,   35.133784,       44.18,
 140.270631,   35.133784,       44.15,
 140.275135,   35.133784,       44.13,
 140.279640,   35.133784,       44.12,
 140.284144,   35.133784,       44.11,
 140.288649,   35.133784,       44.09,
 140.293153,   35.133784,       44.07,
 140.297658,   35.133784,       44.05,
 140.302162,   35.133784,       44.04,
 140.306667,   35.133784,       44.03,
 140.311171,   35.133784,       44.01,
 140.315676,   35.133784,       44.01,
 140.320180,   35.133784,       44.01,
 140.324685,   35.133784,       44.00,
 140.329189,   35.133784,       43.97,
 140.333694,   35.133784,       43.98,
 140.338198,   35.133784,       43.95,
 140.342703,   35.133784,       43.94,
 140.347207,   35.133784,       43.93,
 140.351712,   35.133784,       43.92,
 140.356216,   35.133784,       43.91,
 140.360721,   35.133784,       43.90,
 140.365225,   35.133784,       43.89,
 140.369730,   35.133784,       43.85,
 140.374234,   35.133784,       43.81,
 140.378739,   35.133784,       43.77,
 140.383243,   35.133784,       43.72,
 140.387748,   35.133784,       43.66,
 139.140000,   35.138288,       58.37,
 139.144505,   35.138288,       56.86,
 139.149009,   35.138288,       55.57,
 139.153514,   35.138288,       54.50,
 139.158018,   35.138288,       53.24,
 139.162523,   35.138288,       52.41,
 139.167027,   35.138288,       52.07,
 139.171532,   35.138288,       52.06,
 139.176036,   35.138288,       52.03,
 139.180541,   35.138288,       51.97,
 139.185045,   35.138288,       51.69,
 139.189550,   35.138288,       51.13,
 139.194054,   35.138288,       50.53,
 139.198559,   35.138288,       49.95,
 139.203063,   35.138288,       49.32,
 139.207568,   35.138288,       48.64,
 139.212072,   35.138288,       47.97,
 139.216577,   35.138288,       47.31,
 139.221081,   35.138288,       46.66,
 139.225586,   35.138288,       46.06,
 139.230090,   35.138288,       45.63,
 139.234595,   35.138288,       45.23,
 139.239099,   35.138288,       44.83,
 139.243604,   35.138288,       44.43,
 139.248108,   35.138288,       44.06,
 139.252613,   35.138288,       43.72,
 139.257117,   35.138288,       43.42,
 139.261622,   35.138288,       43.16,
 139.266126,   35.138288,       42.95,
 139.270631,   35.138288,       42.76,
 139.275135,   35.138288,       42.57,
 139.279640,   35.138288,       42.39,
 139.284144,   35.138288,       42.22,
 139.288649,   35.138288,       42.06,
 139.293153,   35.138288,       41.93,
 139.297658,   35.138288,       41.83,
 139.302162,   35.138288,       41.77,
 139.306667,   35.138288,       41.79,
 139.311171,   35.138288,       41.89,
 139.315676,   35.138288,       42.01,
 139.320180,   35.138288,       42.15,
 139.324685,   35.138288,       42.31,
 139.329189,   35.138288,       42.48,
 139.333694,   35.138288,       42.66,
 139.338198,   35.138288,       42.87,
 139.342703,   35.138288,       43.18,
 139.347207,   35.138288,       43.52,
 139.351712,   35.138288,       43.86,
 139.356216,   35.138288,       44.19,
 139.360721,   35.138288,       44.52,
 139.365225,   35.138288,       44.87,
 139.369730,   35.138288,       45.22,
 139.374234,   35.138288,       45.57,
 139.378739,   35.138288,       45.89,
 139.383243,   35.138288,       46.19,
 139.387748,   35.138288,       46.48,
 139.392252,   35.138288,       46.76,
 139.396757,   35.138288,       47.04,
 139.401261,   35.138288,       47.30,
 139.405766,   35.138288,       47.58,
 139.410270,   35.138288,       47.89,
 139.414775,   35.138288,       48.21,
 139.419279,   35.138288,       48.52,
 139.423784,   35.138288,       48.83,
 139.428288,   35.138288,       49.13,
 139.432793,   35.138288,       49.47,
 139.437297,   35.138288,       50.04,
 139.441802,   35.138288,       50.64,
 139.446306,   35.138288,       51.23,
 139.450811,   35.138288,       51.82,
 139.455315,   35.138288,       52.41,
 139.459820,   35.138288,       53.00,
 139.464324,   35.138288,       53.62,
 139.468829,   35.138288,       54.25,
 139.473333,   35.138288,       54.87,
 139.477838,   35.138288,       55.48,
 139.482342,   35.138288,       56.09,
 139.486847,   35.138288,       56.68,
 139.491351,   35.138288,       57.11,
 139.495856,   35.138288,       57.35,
 139.500360,   35.138288,       57.48,
 139.504865,   35.138288,       57.60,
 139.509369,   35.138288,       57.71,
 139.513874,   35.138288,       57.81,
 139.518378,   35.138288,       57.81,
 139.522883,   35.138288,       57.74,
 139.527387,   35.138288,       57.68,
 139.531892,   35.138288,       57.64,
 139.536396,   35.138288,       57.88,
 139.540901,   35.138288,       58.56,
 139.545405,   35.138288,       59.28,
 139.549910,   35.138288,       59.97,
 139.554414,   35.138288,       60.63,
 139.558919,   35.138288,       61.21,
 139.563423,   35.138288,       61.25,
 139.567928,   35.138288,       60.90,
 139.572432,   35.138288,       60.32,
 139.576937,   35.138288,       59.59,
 139.581441,   35.138288,       59.08,
 139.585946,   35.138288,       58.86,
 139.590450,   35.138288,       59.28,
 139.594955,   35.138288,       59.96,
 139.599459,   35.138288,       60.57,
 139.603964,   35.138288,       61.00,
 139.608468,   35.138288,       60.71,
 139.612973,   35.138288,       60.08,
 139.617477,   35.138288,       59.37,
 139.621982,   35.138288,       58.07,
 139.626486,   35.138288,       56.77,
 139.630991,   35.138288,       56.19,
 139.635495,   35.138288,       56.08,
 139.640000,   35.138288,       55.93,
 139.644505,   35.138288,       56.14,
 139.649009,   35.138288,       56.59,
 139.653514,   35.138288,       57.18,
 139.658018,   35.138288,       57.94,
 139.662523,   35.138288,       59.16,
 139.667027,   35.138288,       60.25,
 139.671532,   35.138288,       61.32,
 139.676036,   35.138288,       60.90,
 139.680541,   35.138288,       58.90,
 139.685045,   35.138288,       56.13,
 139.689550,   35.138288,       52.65,
 139.694054,   35.138288,       47.74,
 139.698559,   35.138288,       42.92,
 139.703063,   35.138288,       38.36,
 139.707568,   35.138288,       42.20,
 139.712072,   35.138288,       45.88,
 139.716577,   35.138288,       49.33,
 139.721081,   35.138288,       52.15,
 139.725586,   35.138288,       54.41,
 139.730090,   35.138288,       56.25,
 139.734595,   35.138288,       57.29,
 139.739099,   35.138288,       58.21,
 139.743604,   35.138288,       59.17,
 139.748108,   35.138288,       60.51,
 139.752613,   35.138288,       61.67,
 139.757117,   35.138288,       62.51,
 139.761622,   35.138288,       62.92,
 139.766126,   35.138288,       63.25,
 139.770631,   35.138288,       63.30,
 139.775135,   35.138288,       63.27,
 139.779640,   35.138288,       63.27,
 139.784144,   35.138288,       63.21,
 139.788649,   35.138288,       62.99,
 139.793153,   35.138288,       62.77,
 139.797658,   35.138288,       63.05,
 139.802162,   35.138288,       63.51,
 139.806667,   35.138288,       64.32,
 139.811171,   35.138288,       68.02,
 139.815676,   35.138288,       72.15,
 139.820180,   35.138288,       76.63,
 139.824685,   35.138288,       84.28,
 139.829189,   35.138288,       93.51,
 139.833694,   35.138288,       93.51,
 139.838198,   35.138288,       93.51,
 139.842703,   35.138288,       93.51,
 139.847207,   35.138288,       93.51,
 139.851712,   35.138288,       93.54,
 139.856216,   35.138288,       93.54,
 139.860721,   35.138288,       93.54,
 139.865225,   35.138288,       93.54,
 139.869730,   35.138288,       93.54,
 139.874234,   35.138288,       93.54,
 139.878739,   35.138288,       91.39,
 139.883243,   35.138288,       89.29,
 139.887748,   35.138288,       87.25,
 139.892252,   35.138288,       85.28,
 139.896757,   35.138288,       83.39,
 139.901261,   35.138288,       81.57,
 139.905766,   35.138288,       79.82,
 139.910270,   35.138288,       78.14,
 139.914775,   35.138288,       76.54,
 139.919279,   35.138288,       75.01,
 139.923784,   35.138288,       73.55,
 139.928288,   35.138288,       72.15,
 139.932793,   35.138288,       70.82,
 139.937297,   35.138288,       69.54,
 139.941802,   35.138288,       68.32,
 139.946306,   35.138288,       67.15,
 139.950811,   35.138288,       66.02,
 139.955315,   35.138288,       64.93,
 139.959820,   35.138288,       63.88,
 139.964324,   35.138288,       62.86,
 139.968829,   35.138288,       61.87,
 139.973333,   35.138288,       60.91,
 139.977838,   35.138288,       59.99,
 139.982342,   35.138288,       59.09,
 139.986847,   35.138288,       58.23,
 139.991351,   35.138288,       57.41,
 139.995856,   35.138288,       56.61,
 140.000360,   35.138288,       55.84,
 140.004865,   35.138288,       55.11,
 140.009369,   35.138288,       54.41,
 140.013874,   35.138288,       53.73,
 140.018378,   35.138288,       53.10,
 140.022883,   35.138288,       52.49,
 140.027387,   35.138288,       51.91,
 140.031892,   35.138288,       51.37,
 140.036396,   35.138288,       50.85,
 140.040901,   35.138288,       50.37,
 140.045405,   35.138288,       49.92,
 140.049910,   35.138288,       49.51,
 140.054414,   35.138288,       49.13,
 140.058919,   35.138288,       48.78,
 140.063423,   35.138288,       48.45,
 140.067928,   35.138288,       48.15,
 140.072432,   35.138288,       47.87,
 140.076937,   35.138288,       47.61,
 140.081441,   35.138288,       47.38,
 140.085946,   35.138288,       47.14,
 140.090450,   35.138288,       46.91,
 140.094955,   35.138288,       46.69,
 140.099459,   35.138288,       46.48,
 140.103964,   35.138288,       46.27,
 140.108468,   35.138288,       46.08,
 140.112973,   35.138288,       45.89,
 140.117477,   35.138288,       45.72,
 140.121982,   35.138288,       45.56,
 140.126486,   35.138288,       45.41,
 140.130991,   35.138288,       45.29,
 140.135495,   35.138288,       45.18,
 140.140000,   35.138288,       45.08,
 140.144505,   35.138288,       45.01,
 140.149009,   35.138288,       44.96,
 140.153514,   35.138288,       44.92,
 140.158018,   35.138288,       44.89,
 140.162523,   35.138288,       44.87,
 140.167027,   35.138288,       44.85,
 140.171532,   35.138288,       44.83,
 140.176036,   35.138288,       44.81,
 140.180541,   35.138288,       44.79,
 140.185045,   35.138288,       44.77,
 140.189550,   35.138288,       44.75,
 140.194054,   35.138288,       44.73,
 140.198559,   35.138288,       44.71,
 140.203063,   35.138288,       44.68,
 140.207568,   35.138288,       44.66,
 140.212072,   35.138288,       44.63,
 140.216577,   35.138288,       44.60,
 140.221081,   35.138288,       44.57,
 140.225586,   35.138288,       44.54,
 140.230090,   35.138288,       44.51,
 140.234595,   35.138288,       44.47,
 140.239099,   35.138288,       44.43,
 140.243604,   35.138288,       44.39,
 140.248108,   35.138288,       44.35,
 140.252613,   35.138288,       44.33,
 140.257117,   35.138288,       44.30,
 140.261622,   35.138288,       44.27,
 140.266126,   35.138288,       44.23,
 140.270631,   35.138288,       44.18,
 140.275135,   35.138288,       44.16,
 140.279640,   35.138288,       44.18,
 140.284144,   35.138288,       44.20,
 140.288649,   35.138288,       44.20,
 140.293153,   35.138288,       44.19,
 140.297658,   35.138288,       44.19,
 140.302162,   35.138288,       44.18,
 140.306667,   35.138288,       44.16,
 140.311171,   35.138288,       44.17,
 140.315676,   35.138288,       44.20,
 140.320180,   35.138288,       44.22,
 140.324685,   35.138288,       44.20,
 140.329189,   35.138288,       44.16,
 140.333694,   35.138288,       44.13,
 140.338198,   35.138288,       44.10,
 140.342703,   35.138288,       44.07,
 140.347207,   35.138288,       44.06,
 140.351712,   35.138288,       44.06,
 140.356216,   35.138288,       44.04,
 140.360721,   35.138288,       44.01,
 140.365225,   35.138288,       43.97,
 140.369730,   35.138288,       43.93,
 140.374234,   35.138288,       43.88,
 140.378739,   35.138288,       43.83,
 140.383243,   35.138288,       43.84,
 140.387748,   35.138288,       43.80,
 139.140000,   35.142793,       60.96,
 139.144505,   35.142793,       59.07,
 139.149009,   35.142793,       57.40,
 139.153514,   35.142793,       55.94,
 139.158018,   35.142793,       54.54,
 139.162523,   35.142793,       53.21,
 139.167027,   35.142793,       52.31,
 139.171532,   35.142793,       52.29,
 139.176036,   35.142793,       52.27,
 139.180541,   35.142793,       52.25,
 139.185045,   35.142793,       51.81,
 139.189550,   35.142793,       51.20,
 139.194054,   35.142793,       50.61,
 139.198559,   35.142793,       50.02,
 139.203063,   35.142793,       49.36,
 139.207568,   35.142793,       48.67,
 139.212072,   35.142793,       47.99,
 139.216577,   35.142793,       47.33,
 139.221081,   35.142793,       46.70,
 139.225586,   35.142793,       46.12,
 139.230090,   35.142793,       45.64,
 139.234595,   35.142793,       45.20,
 139.239099,   35.142793,       44.78,
 139.243604,   35.142793,       44.39,
 139.248108,   35.142793,       44.03,
 139.252613,   35.142793,       43.72,
 139.257117,   35.142793,       43.44,
 139.261622,   35.142793,       43.19,
 139.266126,   35.142793,       42.98,
 139.270631,   35.142793,       42.78,
 139.275135,   35.142793,       42.59,
 139.279640,   35.142793,       42.40,
 139.284144,   35.142793,       42.22,
 139.288649,   35.142793,       42.09,
 139.293153,   35.142793,       42.00,
 139.297658,   35.142793,       41.94,
 139.302162,   35.142793,       41.93,
 139.306667,   35.142793,       41.98,
 139.311171,   35.142793,       42.08,
 139.315676,   35.142793,       42.18,
 139.320180,   35.142793,       42.31,
 139.324685,   35.142793,       42.46,
 139.329189,   35.142793,       42.64,
 139.333694,   35.142793,       42.86,
 139.338198,   35.142793,       43.13,
 139.342703,   35.142793,       43.47,
 139.347207,   35.142793,       43.81,
 139.351712,   35.142793,       44.15,
 139.356216,   35.142793,       44.49,
 139.360721,   35.142793,       44.83,
 139.365225,   35.142793,       45.17,
 139.369730,   35.142793,       45.53,
 139.374234,   35.142793,       45.89,
 139.378739,   35.142793,       46.23,
 139.383243,   35.142793,       46.55,
 139.387748,   35.142793,       46.84,
 139.392252,   35.142793,       47.11,
 139.396757,   35.142793,       47.36,
 139.401261,   35.142793,       47.62,
 139.405766,   35.142793,       47.89,
 139.410270,   35.142793,       48.19,
 139.414775,   35.142793,       48.49,
 139.419279,   35.142793,       48.80,
 139.423784,   35.142793,       49.10,
 139.428288,   35.142793,       49.40,
 139.432793,   35.142793,       49.71,
 139.437297,   35.142793,       50.23,
 139.441802,   35.142793,       50.82,
 139.446306,   35.142793,       51.41,
 139.450811,   35.142793,       52.00,
 139.455315,   35.142793,       52.58,
 139.459820,   35.142793,       53.17,
 139.464324,   35.142793,       53.78,
 139.468829,   35.142793,       54.39,
 139.473333,   35.142793,       54.99,
 139.477838,   35.142793,       55.58,
 139.482342,   35.142793,       56.16,
 139.486847,   35.142793,       56.73,
 139.491351,   35.142793,       57.17,
 139.495856,   35.142793,       57.47,
 139.500360,   35.142793,       57.59,
 139.504865,   35.142793,       57.67,
 139.509369,   35.142793,       57.74,
 139.513874,   35.142793,       57.79,
 139.518378,   35.142793,       57.72,
 139.522883,   35.142793,       57.66,
 139.527387,   35.142793,       57.60,
 139.531892,   35.142793,       57.56,
 139.536396,   35.142793,       57.77,
 139.540901,   35.142793,       58.48,
 139.545405,   35.142793,       59.27,
 139.549910,   35.142793,       60.04,
 139.554414,   35.142793,       60.69,
 139.558919,   35.142793,       61.20,
 139.563423,   35.142793,       61.22,
 139.567928,   35.142793,       60.86,
 139.572432,   35.142793,       60.28,
 139.576937,   35.142793,       59.60,
 139.581441,   35.142793,       59.10,
 139.585946,   35.142793,       59.07,
 139.590450,   35.142793,       59.94,
 139.594955,   35.142793,       60.57,
 139.599459,   35.142793,       60.89,
 139.603964,   35.142793,       61.25,
 139.608468,   35.142793,       60.75,
 139.612973,   35.142793,       59.94,
 139.617477,   35.142793,       59.02,
 139.621982,   35.142793,       58.60,
 139.626486,   35.142793,       60.33,
 139.630991,   35.142793,       59.78,
 139.635495,   35.142793,       57.97,
 139.640000,   35.142793,       54.96,
 139.644505,   35.142793,       53.45,
 139.649009,   35.142793,       54.12,
 139.653514,   35.142793,       54.13,
 139.658018,   35.142793,       57.07,
 139.662523,   35.142793,       60.13,
 139.667027,   35.142793,       62.02,
 139.671532,   35.142793,       62.97,
 139.676036,   35.142793,       63.03,
 139.680541,   35.142793,       61.19,
 139.685045,   35.142793,       57.87,
 139.689550,   35.142793,       52.23,
 139.694054,   35.142793,       46.24,
 139.698559,   35.142793,       41.77,
 139.703063,   35.142793,       39.39,
 139.707568,   35.142793,       39.93,
 139.712072,   35.142793,       43.24,
 139.716577,   35.142793,       47.34,
 139.721081,   35.142793,       51.17,
 139.725586,   35.142793,       53.66,
 139.730090,   35.142793,       55.25,
 139.734595,   35.142793,       56.37,
 139.739099,   35.142793,       57.37,
 139.743604,   35.142793,       58.80,
 139.748108,   35.142793,       60.41,
 139.752613,   35.142793,       61.73,
 139.757117,   35.142793,       62.51,
 139.761622,   35.142793,       63.04,
 139.766126,   35.142793,       63.39,
 139.770631,   35.142793,       63.54,
 139.775135,   35.142793,       63.62,
 139.779640,   35.142793,       63.66,
 139.784144,   35.142793,       63.64,
 139.788649,   35.142793,       63.49,
 139.793153,   35.142793,       63.52,
 139.797658,   35.142793,       63.85,
 139.802162,   35.142793,       64.45,
 139.806667,   35.142793,       66.77,
 139.811171,   35.142793,       70.76,
 139.815676,   35.142793,       74.76,
 139.820180,   35.142793,       79.08,
 139.824685,   35.142793,       86.68,
 139.829189,   35.142793,       86.68,
 139.833694,   35.142793,       86.68,
 139.838198,   35.142793,       86.68,
 139.842703,   35.142793,       86.68,
 139.847207,   35.142793,       93.91,
 139.851712,   35.142793,       93.91,
 139.856216,   35.142793,       93.91,
 139.860721,   35.142793,       93.91,
 139.865225,   35.142793,       93.91,
 139.869730,   35.142793,       93.91,
 139.874234,   35.142793,       91.85,
 139.878739,   35.142793,       89.86,
 139.883243,   35.142793,       87.90,
 139.887748,   35.142793,       85.98,
 139.892252,   35.142793,       84.12,
 139.896757,   35.142793,       82.31,
 139.901261,   35.142793,       80.57,
 139.905766,   35.142793,       78.88,
 139.910270,   35.142793,       77.28,
 139.914775,   35.142793,       75.74,
 139.919279,   35.142793,       74.27,
 139.923784,   35.142793,       72.86,
 139.928288,   35.142793,       71.52,
 139.932793,   35.142793,       70.25,
 139.937297,   35.142793,       69.03,
 139.941802,   35.142793,       67.86,
 139.946306,   35.142793,       66.73,
 139.950811,   35.142793,       65.64,
 139.955315,   35.142793,       64.59,
 139.959820,   35.142793,       63.57,
 139.964324,   35.142793,       62.58,
 139.968829,   35.142793,       61.63,
 139.973333,   35.142793,       60.70,
 139.977838,   35.142793,       59.81,
 139.982342,   35.142793,       58.95,
 139.986847,   35.142793,       58.12,
 139.991351,   35.142793,       57.32,
 139.995856,   35.142793,       56.55,
 140.000360,   35.142793,       55.80,
 140.004865,   35.142793,       55.09,
 140.009369,   35.142793,       54.41,
 140.013874,   35.142793,       53.76,
 140.018378,   35.142793,       53.14,
 140.022883,   35.142793,       52.55,
 140.027387,   35.142793,       51.99,
 140.031892,   35.142793,       51.46,
 140.036396,   35.142793,       50.96,
 140.040901,   35.142793,       50.49,
 140.045405,   35.142793,       50.05,
 140.049910,   35.142793,       49.64,
 140.054414,   35.142793,       49.27,
 140.058919,   35.142793,       48.92,
 140.063423,   35.142793,       48.60,
 140.067928,   35.142793,       48.31,
 140.072432,   35.142793,       48.03,
 140.076937,   35.142793,       47.78,
 140.081441,   35.142793,       47.54,
 140.085946,   35.142793,       47.31,
 140.090450,   35.142793,       47.09,
 140.094955,   35.142793,       46.88,
 140.099459,   35.142793,       46.67,
 140.103964,   35.142793,       46.48,
 140.108468,   35.142793,       46.29,
 140.112973,   35.142793,       46.12,
 140.117477,   35.142793,       45.95,
 140.121982,   35.142793,       45.80,
 140.126486,   35.142793,       45.66,
 140.130991,   35.142793,       45.53,
 140.135495,   35.142793,       45.42,
 140.140000,   35.142793,       45.32,
 140.144505,   35.142793,       45.23,
 140.149009,   35.142793,       45.17,
 140.153514,   35.142793,       45.12,
 140.158018,   35.142793,       45.07,
 140.162523,   35.142793,       45.04,
 140.167027,   35.142793,       45.01,
 140.171532,   35.142793,       44.99,
 140.176036,   35.142793,       44.96,
 140.180541,   35.142793,       44.94,
 140.185045,   35.142793,       44.92,
 140.189550,   35.142793,       44.90,
 140.194054,   35.142793,       44.88,
 140.198559,   35.142793,       44.85,
 140.203063,   35.142793,       44.83,
 140.207568,   35.142793,       44.81,
 140.212072,   35.142793,       44.78,
 140.216577,   35.142793,       44.75,
 140.221081,   35.142793,       44.73,
 140.225586,   35.142793,       44.70,
 140.230090,   35.142793,       44.66,
 140.234595,   35.142793,       44.63,
 140.239099,   35.142793,       44.59,
 140.243604,   35.142793,       44.55,
 140.248108,   35.142793,       44.51,
 140.252613,   35.142793,       44.46,
 140.257117,   35.142793,       44.42,
 140.261622,   35.142793,       44.37,
 140.266126,   35.142793,       44.33,
 140.270631,   35.142793,       44.29,
 140.275135,   35.142793,       44.25,
 140.279640,   35.142793,       44.25,
 140.284144,   35.142793,       44.27,
 140.288649,   35.142793,       44.30,
 140.293153,   35.142793,       44.31,
 140.297658,   35.142793,       44.31,
 140.302162,   35.142793,       44.31,
 140.306667,   35.142793,       44.30,
 140.311171,   35.142793,       44.31,
 140.315676,   35.142793,       44.35,
 140.320180,   35.142793,       44.43,
 140.324685,   35.142793,       44.42,
 140.329189,   35.142793,       44.37,
 140.333694,   35.142793,       44.31,
 140.338198,   35.142793,       44.28,
 140.342703,   35.142793,       44.24,
 140.347207,   35.142793,       44.21,
 140.351712,   35.142793,       44.22,
 140.356216,   35.142793,       44.20,
 140.360721,   35.142793,       44.15,
 140.365225,   35.142793,       44.09,
 140.369730,   35.142793,       44.03,
 140.374234,   35.142793,       43.97,
 140.378739,   35.142793,       43.91,
 140.383243,   35.142793,       43.99,
 140.387748,   35.142793,       43.95,
 139.140000,   35.147297,       62.89,
 139.144505,   35.147297,       60.83,
 139.149009,   35.147297,       58.92,
 139.153514,   35.147297,       57.17,
 139.158018,   35.147297,       55.52,
 139.162523,   35.147297,       54.05,
 139.167027,   35.147297,       52.94,
 139.171532,   35.147297,       52.56,
 139.176036,   35.147297,       52.48,
 139.180541,   35.147297,       52.26,
 139.185045,   35.147297,       51.80,
 139.189550,   35.147297,       51.24,
 139.194054,   35.147297,       50.64,
 139.198559,   35.147297,       50.00,
 139.203063,   35.147297,       49.33,
 139.207568,   35.147297,       48.66,
 139.212072,   35.147297,       47.98,
 139.216577,   35.147297,       47.34,
 139.221081,   35.147297,       46.74,
 139.225586,   35.147297,       46.18,
 139.230090,   35.147297,       45.67,
 139.234595,   35.147297,       45.20,
 139.239099,   35.147297,       44.75,
 139.243604,   35.147297,       44.34,
 139.248108,   35.147297,       44.01,
 139.252613,   35.147297,       43.72,
 139.257117,   35.147297,       43.46,
 139.261622,   35.147297,       43.23,
 139.266126,   35.147297,       43.02,
 139.270631,   35.147297,       42.81,
 139.275135,   35.147297,       42.61,
 139.279640,   35.147297,       42.42,
 139.284144,   35.147297,       42.24,
 139.288649,   35.147297,       42.13,
 139.293153,   35.147297,       42.08,
 139.297658,   35.147297,       42.07,
 139.302162,   35.147297,       42.11,
 139.306667,   35.147297,       42.18,
 139.311171,   35.147297,       42.26,
 139.315676,   35.147297,       42.36,
 139.320180,   35.147297,       42.47,
 139.324685,   35.147297,       42.61,
 139.329189,   35.147297,       42.82,
 139.333694,   35.147297,       43.08,
 139.338198,   35.147297,       43.40,
 139.342703,   35.147297,       43.75,
 139.347207,   35.147297,       44.10,
 139.351712,   35.147297,       44.44,
 139.356216,   35.147297,       44.78,
 139.360721,   35.147297,       45.12,
 139.365225,   35.147297,       45.48,
 139.369730,   35.147297,       45.84,
 139.374234,   35.147297,       46.20,
 139.378739,   35.147297,       46.57,
 139.383243,   35.147297,       46.92,
 139.387748,   35.147297,       47.19,
 139.392252,   35.147297,       47.43,
 139.396757,   35.147297,       47.68,
 139.401261,   35.147297,       47.93,
 139.405766,   35.147297,       48.20,
 139.410270,   35.147297,       48.49,
 139.414775,   35.147297,       48.79,
 139.419279,   35.147297,       49.08,
 139.423784,   35.147297,       49.38,
 139.428288,   35.147297,       49.67,
 139.432793,   35.147297,       49.99,
 139.437297,   35.147297,       50.44,
 139.441802,   35.147297,       51.00,
 139.446306,   35.147297,       51.59,
 139.450811,   35.147297,       52.18,
 139.455315,   35.147297,       52.76,
 139.459820,   35.147297,       53.35,
 139.464324,   35.147297,       53.94,
 139.468829,   35.147297,       54.53,
 139.473333,   35.147297,       55.10,
 139.477838,   35.147297,       55.67,
 139.482342,   35.147297,       56.23,
 139.486847,   35.147297,       56.78,
 139.491351,   35.147297,       57.27,
 139.495856,   35.147297,       57.60,
 139.500360,   35.147297,       57.70,
 139.504865,   35.147297,       57.72,
 139.509369,   35.147297,       57.71,
 139.513874,   35.147297,       57.66,
 139.518378,   35.147297,       57.57,
 139.522883,   35.147297,       57.52,
 139.527387,   35.147297,       57.47,
 139.531892,   35.147297,       57.44,
 139.536396,   35.147297,       57.66,
 139.540901,   35.147297,       58.52,
 139.545405,   35.147297,       59.38,
 139.549910,   35.147297,       60.21,
 139.554414,   35.147297,       60.81,
 139.558919,   35.147297,       61.21,
 139.563423,   35.147297,       61.43,
 139.567928,   35.147297,       61.22,
 139.572432,   35.147297,       60.48,
 139.576937,   35.147297,       59.62,
 139.581441,   35.147297,       59.12,
 139.585946,   35.147297,       59.99,
 139.590450,   35.147297,       61.07,
 139.594955,   35.147297,       61.83,
 139.599459,   35.147297,       62.39,
 139.603964,   35.147297,       61.79,
 139.608468,   35.147297,       61.38,
 139.612973,   35.147297,       60.73,
 139.617477,   35.147297,       62.92,
 139.621982,   35.147297,       69.82,
 139.626486,   35.147297,       69.50,
 139.630991,   35.147297,       67.14,
 139.635495,   35.147297,       64.11,
 139.640000,   35.147297,       61.01,
 139.644505,   35.147297,       58.29,
 139.649009,   35.147297,       56.60,
 139.653514,   35.147297,       57.30,
 139.658018,   35.147297,       59.52,
 139.662523,   35.147297,       62.56,
 139.667027,   35.147297,       64.78,
 139.671532,   35.147297,       66.10,
 139.676036,   35.147297,       66.46,
 139.680541,   35.147297,       65.16,
 139.685045,   35.147297,       59.44,
 139.689550,   35.147297,       52.61,
 139.694054,   35.147297,       45.25,
 139.698559,   35.147297,       41.15,
 139.703063,   35.147297,       39.80,
 139.707568,   35.147297,       39.11,
 139.712072,   35.147297,       41.38,
 139.716577,   35.147297,       46.12,
 139.721081,   35.147297,       50.26,
 139.725586,   35.147297,       53.13,
 139.730090,   35.147297,       54.46,
 139.734595,   35.147297,       55.57,
 139.739099,   35.147297,       56.91,
 139.743604,   35.147297,       58.86,
 139.748108,   35.147297,       60.55,
 139.752613,   35.147297,       61.97,
 139.757117,   35.147297,       62.90,
 139.761622,   35.147297,       63.53,
 139.766126,   35.147297,       63.91,
 139.770631,   35.147297,       64.06,
 139.775135,   35.147297,       64.12,
 139.779640,   35.147297,       64.15,
 139.784144,   35.147297,       64.21,
 139.788649,   35.147297,       64.49,
 139.793153,   35.147297,       64.70,
 139.797658,   35.147297,       64.89,
 139.802162,   35.147297,       67.02,
 139.806667,   35.147297,       70.58,
 139.811171,   35.147297,       74.19,
 139.815676,   35.147297,       78.59,
 139.820180,   35.147297,       84.27,
 139.824685,   35.147297,       90.25,
 139.829189,   35.147297,       90.25,
 139.833694,   35.147297,       90.25,
 139.838198,   35.147297,       90.25,
 139.842703,   35.147297,       90.25,
 139.847207,   35.147297,       94.19,
 139.851712,   35.147297,       94.19,
 139.856216,   35.147297,       94.19,
 139.860721,   35.147297,       94.19,
 139.865225,   35.147297,       94.19,
 139.869730,   35.147297,       92.16,
 139.874234,   35.147297,       90.20,
 139.878739,   35.147297,       88.29,
 139.883243,   35.147297,       86.43,
 139.887748,   35.147297,       84.63,
 139.892252,   35.147297,       82.87,
 139.896757,   35.147297,       81.16,
 139.901261,   35.147297,       79.49,
 139.905766,   35.147297,       77.89,
 139.910270,   35.147297,       76.36,
 139.914775,   35.147297,       74.90,
 139.919279,   35.147297,       73.49,
 139.923784,   35.147297,       72.15,
 139.928288,   35.147297,       70.88,
 139.932793,   35.147297,       69.67,
 139.937297,   35.147297,       68.50,
 139.941802,   35.147297,       67.38,
 139.946306,   35.147297,       66.29,
 139.950811,   35.147297,       65.25,
 139.955315,   35.147297,       64.23,
 139.959820,   35.147297,       63.25,
 139.964324,   35.147297,       62.30,
 139.968829,   35.147297,       61.38,
 139.973333,   35.147297,       60.49,
 139.977838,   35.147297,       59.63,
 139.982342,   35.147297,       58.79,
 139.986847,   35.147297,       57.99,
 139.991351,   35.147297,       57.22,
 139.995856,   35.147297,       56.47,
 140.000360,   35.147297,       55.76,
 140.004865,   35.147297,       55.07,
 140.009369,   35.147297,       54.41,
 140.013874,   35.147297,       53.78,
 140.018378,   35.147297,       53.18,
 140.022883,   35.147297,       52.61,
 140.027387,   35.147297,       52.06,
 140.031892,   35.147297,       51.54,
 140.036396,   35.147297,       51.05,
 140.040901,   35.147297,       50.59,
 140.045405,   35.147297,       50.16,
 140.049910,   35.147297,       49.77,
 140.054414,   35.147297,       49.40,
 140.058919,   35.147297,       49.07,
 140.063423,   35.147297,       48.75,
 140.067928,   35.147297,       48.46,
 140.072432,   35.147297,       48.19,
 140.076937,   35.147297,       47.94,
 140.081441,   35.147297,       47.71,
 140.085946,   35.147297,       47.49,
 140.090450,   35.147297,       47.28,
 140.094955,   35.147297,       47.07,
 140.099459,   35.147297,       46.88,
 140.103964,   35.147297,       46.69,
 140.108468,   35.147297,       46.51,
 140.112973,   35.147297,       46.35,
 140.117477,   35.147297,       46.19,
 140.121982,   35.147297,       46.03,
 140.126486,   35.147297,       45.89,
 140.130991,   35.147297,       45.77,
 140.135495,   35.147297,       45.65,
 140.140000,   35.147297,       45.54,
 140.144505,   35.147297,       45.45,
 140.149009,   35.147297,       45.37,
 140.153514,   35.147297,       45.31,
 140.158018,   35.147297,       45.26,
 140.162523,   35.147297,       45.22,
 140.167027,   35.147297,       45.18,
 140.171532,   35.147297,       45.15,
 140.176036,   35.147297,       45.12,
 140.180541,   35.147297,       45.10,
 140.185045,   35.147297,       45.07,
 140.189550,   35.147297,       45.05,
 140.194054,   35.147297,       45.03,
 140.198559,   35.147297,       45.01,
 140.203063,   35.147297,       44.99,
 140.207568,   35.147297,       44.96,
 140.212072,   35.147297,       44.94,
 140.216577,   35.147297,       44.91,
 140.221081,   35.147297,       44.89,
 140.225586,   35.147297,       44.86,
 140.230090,   35.147297,       44.83,
 140.234595,   35.147297,       44.80,
 140.239099,   35.147297,       44.77,
 140.243604,   35.147297,       44.73,
 140.248108,   35.147297,       44.69,
 140.252613,   35.147297,       44.65,
 140.257117,   35.147297,       44.61,
 140.261622,   35.147297,       44.56,
 140.266126,   35.147297,       44.52,
 140.270631,   35.147297,       44.47,
 140.275135,   35.147297,       44.43,
 140.279640,   35.147297,       44.41,
 140.284144,   35.147297,       44.38,
 140.288649,   35.147297,       44.38,
 140.293153,   35.147297,       44.40,
 140.297658,   35.147297,       44.41,
 140.302162,   35.147297,       44.41,
 140.306667,   35.147297,       44.41,
 140.311171,   35.147297,       44.42,
 140.315676,   35.147297,       44.48,
 140.320180,   35.147297,       44.57,
 140.324685,   35.147297,       44.65,
 140.329189,   35.147297,       44.61,
 140.333694,   35.147297,       44.54,
 140.338198,   35.147297,       44.48,
 140.342703,   35.147297,       44.45,
 140.347207,   35.147297,       44.42,
 140.351712,   35.147297,       44.41,
 140.356216,   35.147297,       44.37,
 140.360721,   35.147297,       44.31,
 140.365225,   35.147297,       44.24,
 140.369730,   35.147297,       44.18,
 140.374234,   35.147297,       44.10,
 140.378739,   35.147297,       44.01,
 140.383243,   35.147297,       44.13,
 140.387748,   35.147297,       44.09,
 139.140000,   35.151802,       64.72,
 139.144505,   35.151802,       62.28,
 139.149009,   35.151802,       60.00,
 139.153514,   35.151802,       57.90,
 139.158018,   35.151802,       56.07,
 139.162523,   35.151802,       54.59,
 139.167027,   35.151802,       53.68,
 139.171532,   35.151802,       53.06,
 139.176036,   35.151802,       52.63,
 139.180541,   35.151802,       52.21,
 139.185045,   35.151802,       51.76,
 139.189550,   35.151802,       51.26,
 139.194054,   35.151802,       50.63,
 139.198559,   35.151802,       49.97,
 139.203063,   35.151802,       49.31,
 139.207568,   35.151802,       48.63,
 139.212072,   35.151802,       47.96,
 139.216577,   35.151802,       47.35,
 139.221081,   35.151802,       46.78,
 139.225586,   35.151802,       46.25,
 139.230090,   35.151802,       45.72,
 139.234595,   35.151802,       45.21,
 139.239099,   35.151802,       44.73,
 139.243604,   35.151802,       44.29,
 139.248108,   35.151802,       43.98,
 139.252613,   35.151802,       43.73,
 139.257117,   35.151802,       43.51,
 139.261622,   35.151802,       43.30,
 139.266126,   35.151802,       43.08,
 139.270631,   35.151802,       42.86,
 139.275135,   35.151802,       42.64,
 139.279640,   35.151802,       42.43,
 139.284144,   35.151802,       42.25,
 139.288649,   35.151802,       42.18,
 139.293153,   35.151802,       42.19,
 139.297658,   35.151802,       42.24,
 139.302162,   35.151802,       42.31,
 139.306667,   35.151802,       42.39,
 139.311171,   35.151802,       42.46,
 139.315676,   35.151802,       42.54,
 139.320180,   35.151802,       42.63,
 139.324685,   35.151802,       42.76,
 139.329189,   35.151802,       43.02,
 139.333694,   35.151802,       43.33,
 139.338198,   35.151802,       43.68,
 139.342703,   35.151802,       44.03,
 139.347207,   35.151802,       44.38,
 139.351712,   35.151802,       44.73,
 139.356216,   35.151802,       45.08,
 139.360721,   35.151802,       45.42,
 139.365225,   35.151802,       45.78,
 139.369730,   35.151802,       46.14,
 139.374234,   35.151802,       46.51,
 139.378739,   35.151802,       46.87,
 139.383243,   35.151802,       47.22,
 139.387748,   35.151802,       47.49,
 139.392252,   35.151802,       47.74,
 139.396757,   35.151802,       47.99,
 139.401261,   35.151802,       48.24,
 139.405766,   35.151802,       48.50,
 139.410270,   35.151802,       48.79,
 139.414775,   35.151802,       49.08,
 139.419279,   35.151802,       49.36,
 139.423784,   35.151802,       49.65,
 139.428288,   35.151802,       49.93,
 139.432793,   35.151802,       50.25,
 139.437297,   35.151802,       50.67,
 139.441802,   35.151802,       51.19,
 139.446306,   35.151802,       51.78,
 139.450811,   35.151802,       52.36,
 139.455315,   35.151802,       52.94,
 139.459820,   35.151802,       53.52,
 139.464324,   35.151802,       54.10,
 139.468829,   35.151802,       54.65,
 139.473333,   35.151802,       55.21,
 139.477838,   35.151802,       55.76,
 139.482342,   35.151802,       56.31,
 139.486847,   35.151802,       56.85,
 139.491351,   35.151802,       57.37,
 139.495856,   35.151802,       57.76,
 139.500360,   35.151802,       57.78,
 139.504865,   35.151802,       57.72,
 139.509369,   35.151802,       57.64,
 139.513874,   35.151802,       57.51,
 139.518378,   35.151802,       57.40,
 139.522883,   35.151802,       57.34,
 139.527387,   35.151802,       57.39,
 139.531892,   35.151802,       57.53,
 139.536396,   35.151802,       57.92,
 139.540901,   35.151802,       58.63,
 139.545405,   35.151802,       59.48,
 139.549910,   35.151802,       60.34,
 139.554414,   35.151802,       61.03,
 139.558919,   35.151802,       61.42,
 139.563423,   35.151802,       61.68,
 139.567928,   35.151802,       61.58,
 139.572432,   35.151802,       60.88,
 139.576937,   35.151802,       60.01,
 139.581441,   35.151802,       59.91,
 139.585946,   35.151802,       60.84,
 139.590450,   35.151802,       62.11,
 139.594955,   35.151802,       65.04,
 139.599459,   35.151802,       66.87,
 139.603964,   35.151802,       66.43,
 139.608468,   35.151802,       63.93,
 139.612973,   35.151802,       62.40,
 139.617477,   35.151802,       78.93,
 139.621982,   35.151802,       80.18,
 139.626486,   35.151802,       77.23,
 139.630991,   35.151802,       73.68,
 139.635495,   35.151802,       70.01,
 139.640000,   35.151802,       66.57,
 139.644505,   35.151802,       63.32,
 139.649009,   35.151802,       60.89,
 139.653514,   35.151802,       60.26,
 139.658018,   35.151802,       62.34,
 139.662523,   35.151802,       65.19,
 139.667027,   35.151802,       68.00,
 139.671532,   35.151802,       69.66,
 139.676036,   35.151802,       70.53,
 139.680541,   35.151802,       69.45,
 139.685045,   35.151802,       61.19,
 139.689550,   35.151802,       53.68,
 139.694054,   35.151802,       46.85,
 139.698559,   35.151802,       41.49,
 139.703063,   35.151802,       39.09,
 139.707568,   35.151802,       39.28,
 139.712072,   35.151802,       42.03,
 139.716577,   35.151802,       45.99,
 139.721081,   35.151802,       49.83,
 139.725586,   35.151802,       52.35,
 139.730090,   35.151802,       54.02,
 139.734595,   35.151802,       55.43,
 139.739099,   35.151802,       57.41,
 139.743604,   35.151802,       59.40,
 139.748108,   35.151802,       61.09,
 139.752613,   35.151802,       62.46,
 139.757117,   35.151802,       63.57,
 139.761622,   35.151802,       64.28,
 139.766126,   35.151802,       64.56,
 139.770631,   35.151802,       64.67,
 139.775135,   35.151802,       64.73,
 139.779640,   35.151802,       64.90,
 139.784144,   35.151802,       65.32,
 139.788649,   35.151802,       65.73,
 139.793153,   35.151802,       66.10,
 139.797658,   35.151802,       67.70,
 139.802162,   35.151802,       71.03,
 139.806667,   35.151802,       74.60,
 139.811171,   35.151802,       78.68,
 139.815676,   35.151802,       84.80,
 139.820180,   35.151802,       90.60,
 139.824685,   35.151802,       95.44,
 139.829189,   35.151802,       95.44,
 139.833694,   35.151802,       95.44,
 139.838198,   35.151802,       95.44,
 139.842703,   35.151802,       96.29,
 139.847207,   35.151802,       96.29,
 139.851712,   35.151802,       96.29,
 139.856216,   35.151802,       96.29,
 139.860721,   35.151802,       94.38,
 139.865225,   35.151802,       92.42,
 139.869730,   35.151802,       90.47,
 139.874234,   35.151802,       88.58,
 139.878739,   35.151802,       86.74,
 139.883243,   35.151802,       84.97,
 139.887748,   35.151802,       83.24,
 139.892252,   35.151802,       81.57,
 139.896757,   35.151802,       79.94,
 139.901261,   35.151802,       78.37,
 139.905766,   35.151802,       76.86,
 139.910270,   35.151802,       75.41,
 139.914775,   35.151802,       74.01,
 139.919279,   35.151802,       72.69,
 139.923784,   35.151802,       71.43,
 139.928288,   35.151802,       70.23,
 139.932793,   35.151802,       69.07,
 139.937297,   35.151802,       67.96,
 139.941802,   35.151802,       66.88,
 139.946306,   35.151802,       65.84,
 139.950811,   35.151802,       64.84,
 139.955315,   35.151802,       63.87,
 139.959820,   35.151802,       62.92,
 139.964324,   35.151802,       62.01,
 139.968829,   35.151802,       61.12,
 139.973333,   35.151802,       60.27,
 139.977838,   35.151802,       59.44,
 139.982342,   35.151802,       58.63,
 139.986847,   35.151802,       57.86,
 139.991351,   35.151802,       57.12,
 139.995856,   35.151802,       56.40,
 140.000360,   35.151802,       55.71,
 140.004865,   35.151802,       55.04,
 140.009369,   35.151802,       54.40,
 140.013874,   35.151802,       53.79,
 140.018378,   35.151802,       53.21,
 140.022883,   35.151802,       52.65,
 140.027387,   35.151802,       52.12,
 140.031892,   35.151802,       51.62,
 140.036396,   35.151802,       51.14,
 140.040901,   35.151802,       50.69,
 140.045405,   35.151802,       50.27,
 140.049910,   35.151802,       49.89,
 140.054414,   35.151802,       49.54,
 140.058919,   35.151802,       49.21,
 140.063423,   35.151802,       48.90,
 140.067928,   35.151802,       48.61,
 140.072432,   35.151802,       48.35,
 140.076937,   35.151802,       48.11,
 140.081441,   35.151802,       47.89,
 140.085946,   35.151802,       47.67,
 140.090450,   35.151802,       47.47,
 140.094955,   35.151802,       47.27,
 140.099459,   35.151802,       47.08,
 140.103964,   35.151802,       46.91,
 140.108468,   35.151802,       46.73,
 140.112973,   35.151802,       46.57,
 140.117477,   35.151802,       46.41,
 140.121982,   35.151802,       46.26,
 140.126486,   35.151802,       46.12,
 140.130991,   35.151802,       45.99,
 140.135495,   35.151802,       45.87,
 140.140000,   35.151802,       45.76,
 140.144505,   35.151802,       45.67,
 140.149009,   35.151802,       45.58,
 140.153514,   35.151802,       45.51,
 140.158018,   35.151802,       45.44,
 140.162523,   35.151802,       45.39,
 140.167027,   35.151802,       45.35,
 140.171532,   35.151802,       45.32,
 140.176036,   35.151802,       45.29,
 140.180541,   35.151802,       45.26,
 140.185045,   35.151802,       45.23,
 140.189550,   35.151802,       45.21,
 140.194054,   35.151802,       45.19,
 140.198559,   35.151802,       45.17,
 140.203063,   35.151802,       45.15,
 140.207568,   35.151802,       45.12,
 140.212072,   35.151802,       45.10,
 140.216577,   35.151802,       45.08,
 140.221081,   35.151802,       45.05,
 140.225586,   35.151802,       45.02,
 140.230090,   35.151802,       45.00,
 140.234595,   35.151802,       44.97,
 140.239099,   35.151802,       44.94,
 140.243604,   35.151802,       44.91,
 140.248108,   35.151802,       44.88,
 140.252613,   35.151802,       44.84,
 140.257117,   35.151802,       44.80,
 140.261622,   35.151802,       44.76,
 140.266126,   35.151802,       44.72,
 140.270631,   35.151802,       44.68,
 140.275135,   35.151802,       44.64,
 140.279640,   35.151802,       44.60,
 140.284144,   35.151802,       44.56,
 140.288649,   35.151802,       44.52,
 140.293153,   35.151802,       44.49,
 140.297658,   35.151802,       44.49,
 140.302162,   35.151802,       44.51,
 140.306667,   35.151802,       44.54,
 140.311171,   35.151802,       44.59,
 140.315676,   35.151802,       44.65,
 140.320180,   35.151802,       44.73,
 140.324685,   35.151802,       44.83,
 140.329189,   35.151802,       44.84,
 140.333694,   35.151802,       44.77,
 140.338198,   35.151802,       44.71,
 140.342703,   35.151802,       44.68,
 140.347207,   35.151802,       44.65,
 140.351712,   35.151802,       44.60,
 140.356216,   35.151802,       44.55,
 140.360721,   35.151802,       44.49,
 140.365225,   35.151802,       44.42,
 140.369730,   35.151802,       44.35,
 140.374234,   35.151802,       44.27,
 140.378739,   35.151802,       44.20,
 140.383243,   35.151802,       44.22,
 140.387748,   35.151802,       44.24,
 139.140000,   35.156306,       64.65,
 139.144505,   35.156306,       62.56,
 139.149009,   35.156306,       60.43,
 139.153514,   35.156306,       58.45,
 139.158018,   35.156306,       56.53,
 139.162523,   35.156306,       55.02,
 139.167027,   35.156306,       54.16,
 139.171532,   35.156306,       53.39,
 139.176036,   35.156306,       52.66,
 139.180541,   35.156306,       52.19,
 139.185045,   35.156306,       51.73,
 139.189550,   35.156306,       51.26,
 139.194054,   35.156306,       50.62,
 139.198559,   35.156306,       49.96,
 139.203063,   35.156306,       49.29,
 139.207568,   35.156306,       48.61,
 139.212072,   35.156306,       47.93,
 139.216577,   35.156306,       47.38,
 139.221081,   35.156306,       46.86,
 139.225586,   35.156306,       46.34,
 139.230090,   35.156306,       45.81,
 139.234595,   35.156306,       45.27,
 139.239099,   35.156306,       44.74,
 139.243604,   35.156306,       44.24,
 139.248108,   35.156306,       43.98,
 139.252613,   35.156306,       43.79,
 139.257117,   35.156306,       43.60,
 139.261622,   35.156306,       43.40,
 139.266126,   35.156306,       43.19,
 139.270631,   35.156306,       42.96,
 139.275135,   35.156306,       42.72,
 139.279640,   35.156306,       42.48,
 139.284144,   35.156306,       42.25,
 139.288649,   35.156306,       42.29,
 139.293153,   35.156306,       42.37,
 139.297658,   35.156306,       42.45,
 139.302162,   35.156306,       42.52,
 139.306667,   35.156306,       42.59,
 139.311171,   35.156306,       42.67,
 139.315676,   35.156306,       42.73,
 139.320180,   35.156306,       42.80,
 139.324685,   35.156306,       42.92,
 139.329189,   35.156306,       43.26,
 139.333694,   35.156306,       43.61,
 139.338198,   35.156306,       43.97,
 139.342703,   35.156306,       44.32,
 139.347207,   35.156306,       44.67,
 139.351712,   35.156306,       45.02,
 139.356216,   35.156306,       45.37,
 139.360721,   35.156306,       45.72,
 139.365225,   35.156306,       46.08,
 139.369730,   35.156306,       46.44,
 139.374234,   35.156306,       46.80,
 139.378739,   35.156306,       47.17,
 139.383243,   35.156306,       47.50,
 139.387748,   35.156306,       47.78,
 139.392252,   35.156306,       48.04,
 139.396757,   35.156306,       48.29,
 139.401261,   35.156306,       48.55,
 139.405766,   35.156306,       48.81,
 139.410270,   35.156306,       49.08,
 139.414775,   35.156306,       49.35,
 139.419279,   35.156306,       49.63,
 139.423784,   35.156306,       49.91,
 139.428288,   35.156306,       50.19,
 139.432793,   35.156306,       50.49,
 139.437297,   35.156306,       50.89,
 139.441802,   35.156306,       51.39,
 139.446306,   35.156306,       51.96,
 139.450811,   35.156306,       52.54,
 139.455315,   35.156306,       53.11,
 139.459820,   35.156306,       53.68,
 139.464324,   35.156306,       54.24,
 139.468829,   35.156306,       54.79,
 139.473333,   35.156306,       55.34,
 139.477838,   35.156306,       55.88,
 139.482342,   35.156306,       56.42,
 139.486847,   35.156306,       56.95,
 139.491351,   35.156306,       57.45,
 139.495856,   35.156306,       57.88,
 139.500360,   35.156306,       57.78,
 139.504865,   35.156306,       57.67,
 139.509369,   35.156306,       57.54,
 139.513874,   35.156306,       57.39,
 139.518378,   35.156306,       57.23,
 139.522883,   35.156306,       57.22,
 139.527387,   35.156306,       57.43,
 139.531892,   35.156306,       57.74,
 139.536396,   35.156306,       58.19,
 139.540901,   35.156306,       58.79,
 139.545405,   35.156306,       59.59,
 139.549910,   35.156306,       60.44,
 139.554414,   35.156306,       61.25,
 139.558919,   35.156306,       61.85,
 139.563423,   35.156306,       62.02,
 139.567928,   35.156306,       61.83,
 139.572432,   35.156306,       61.41,
 139.576937,   35.156306,       60.94,
 139.581441,   35.156306,       61.21,
 139.585946,   35.156306,       61.78,
 139.590450,   35.156306,       63.86,
 139.594955,   35.156306,       68.35,
 139.599459,   35.156306,       72.20,
 139.603964,   35.156306,       75.48,
 139.608468,   35.156306,       79.17,
 139.612973,   35.156306,       74.20,
 139.617477,   35.156306,       94.25,
 139.621982,   35.156306,       89.30,
 139.626486,   35.156306,       84.44,
 139.630991,   35.156306,       79.85,
 139.635495,   35.156306,       75.52,
 139.640000,   35.156306,       71.51,
 139.644505,   35.156306,       67.73,
 139.649009,   35.156306,       64.76,
 139.653514,   35.156306,       63.28,
 139.658018,   35.156306,       64.65,
 139.662523,   35.156306,       67.90,
 139.667027,   35.156306,       71.40,
 139.671532,   35.156306,       73.51,
 139.676036,   35.156306,       75.01,
 139.680541,   35.156306,       74.06,
 139.685045,   35.156306,       63.90,
 139.689550,   35.156306,       55.35,
 139.694054,   35.156306,       49.26,
 139.698559,   35.156306,       43.21,
 139.703063,   35.156306,       37.56,
 139.707568,   35.156306,       40.46,
 139.712072,   35.156306,       43.63,
 139.716577,   35.156306,       46.68,
 139.721081,   35.156306,       49.54,
 139.725586,   35.156306,       51.84,
 139.730090,   35.156306,       53.73,
 139.734595,   35.156306,       55.86,
 139.739099,   35.156306,       58.05,
 139.743604,   35.156306,       60.12,
 139.748108,   35.156306,       61.83,
 139.752613,   35.156306,       63.19,
 139.757117,   35.156306,       64.37,
 139.761622,   35.156306,       65.07,
 139.766126,   35.156306,       65.21,
 139.770631,   35.156306,       65.31,
 139.775135,   35.156306,       65.44,
 139.779640,   35.156306,       65.98,
 139.784144,   35.156306,       66.49,
 139.788649,   35.156306,       66.97,
 139.793153,   35.156306,       68.75,
 139.797658,   35.156306,       71.95,
 139.802162,   35.156306,       75.32,
 139.806667,   35.156306,       79.41,
 139.811171,   35.156306,       85.56,
 139.815676,   35.156306,       92.54,
 139.820180,   35.156306,       98.18,
 139.824685,   35.156306,       98.18,
 139.829189,   35.156306,       98.18,
 139.833694,   35.156306,       98.16,
 139.838198,   35.156306,       98.16,
 139.842703,   35.156306,       98.16,
 139.847207,   35.156306,       98.16,
 139.851712,   35.156306,       96.35,
 139.856216,   35.156306,       94.52,
 139.860721,   35.156306,       92.63,
 139.865225,   35.156306,       90.70,
 139.869730,   35.156306,       88.81,
 139.874234,   35.156306,       86.99,
 139.878739,   35.156306,       85.23,
 139.883243,   35.156306,       83.52,
 139.887748,   35.156306,       81.87,
 139.892252,   35.156306,       80.26,
 139.896757,   35.156306,       78.71,
 139.901261,   35.156306,       77.22,
 139.905766,   35.156306,       75.80,
 139.910270,   35.156306,       74.42,
 139.914775,   35.156306,       73.12,
 139.919279,   35.156306,       71.88,
 139.923784,   35.156306,       70.70,
 139.928288,   35.156306,       69.56,
 139.932793,   35.156306,       68.47,
 139.937297,   35.156306,       67.41,
 139.941802,   35.156306,       66.39,
 139.946306,   35.156306,       65.39,
 139.950811,   35.156306,       64.43,
 139.955315,   35.156306,       63.50,
 139.959820,   35.156306,       62.60,
 139.964324,   35.156306,       61.72,
 139.968829,   35.156306,       60.87,
 139.973333,   35.156306,       60.04,
 139.977838,   35.156306,       59.25,
 139.982342,   35.156306,       58.47,
 139.986847,   35.156306,       57.73,
 139.991351,   35.156306,       57.01,
 139.995856,   35.156306,       56.32,
 140.000360,   35.156306,       55.65,
 140.004865,   35.156306,       55.01,
 140.009369,   35.156306,       54.39,
 140.013874,   35.156306,       53.80,
 140.018378,   35.156306,       53.23,
 140.022883,   35.156306,       52.69,
 140.027387,   35.156306,       52.17,
 140.031892,   35.156306,       51.68,
 140.036396,   35.156306,       51.22,
 140.040901,   35.156306,       50.79,
 140.045405,   35.156306,       50.38,
 140.049910,   35.156306,       50.01,
 140.054414,   35.156306,       49.67,
 140.058919,   35.156306,       49.34,
 140.063423,   35.156306,       49.04,
 140.067928,   35.156306,       48.77,
 140.072432,   35.156306,       48.51,
 140.076937,   35.156306,       48.28,
 140.081441,   35.156306,       48.07,
 140.085946,   35.156306,       47.86,
 140.090450,   35.156306,       47.66,
 140.094955,   35.156306,       47.47,
 140.099459,   35.156306,       47.29,
 140.103964,   35.156306,       47.12,
 140.108468,   35.156306,       46.95,
 140.112973,   35.156306,       46.78,
 140.117477,   35.156306,       46.63,
 140.121982,   35.156306,       46.48,
 140.126486,   35.156306,       46.34,
 140.130991,   35.156306,       46.21,
 140.135495,   35.156306,       46.09,
 140.140000,   35.156306,       45.98,
 140.144505,   35.156306,       45.87,
 140.149009,   35.156306,       45.78,
 140.153514,   35.156306,       45.70,
 140.158018,   35.156306,       45.64,
 140.162523,   35.156306,       45.58,
 140.167027,   35.156306,       45.53,
 140.171532,   35.156306,       45.49,
 140.176036,   35.156306,       45.46,
 140.180541,   35.156306,       45.43,
 140.185045,   35.156306,       45.40,
 140.189550,   35.156306,       45.37,
 140.194054,   35.156306,       45.35,
 140.198559,   35.156306,       45.33,
 140.203063,   35.156306,       45.31,
 140.207568,   35.156306,       45.29,
 140.212072,   35.156306,       45.26,
 140.216577,   35.156306,       45.24,
 140.221081,   35.156306,       45.22,
 140.225586,   35.156306,       45.19,
 140.230090,   35.156306,       45.17,
 140.234595,   35.156306,       45.14,
 140.239099,   35.156306,       45.11,
 140.243604,   35.156306,       45.09,
 140.248108,   35.156306,       45.06,
 140.252613,   35.156306,       45.03,
 140.257117,   35.156306,       44.99,
 140.261622,   35.156306,       44.96,
 140.266126,   35.156306,       44.92,
 140.270631,   35.156306,       44.89,
 140.275135,   35.156306,       44.85,
 140.279640,   35.156306,       44.81,
 140.284144,   35.156306,       44.78,
 140.288649,   35.156306,       44.74,
 140.293153,   35.156306,       44.71,
 140.297658,   35.156306,       44.68,
 140.302162,   35.156306,       44.66,
 140.306667,   35.156306,       44.73,
 140.311171,   35.156306,       44.79,
 140.315676,   35.156306,       44.85,
 140.320180,   35.156306,       44.91,
 140.324685,   35.156306,       44.99,
 140.329189,   35.156306,       45.06,
 140.333694,   35.156306,       45.01,
 140.338198,   35.156306,       44.96,
 140.342703,   35.156306,       44.92,
 140.347207,   35.156306,       44.88,
 140.351712,   35.156306,       44.82,
 140.356216,   35.156306,       44.76,
 140.360721,   35.156306,       44.69,
 140.365225,   35.156306,       44.62,
 140.369730,   35.156306,       44.54,
 140.374234,   35.156306,       44.47,
 140.378739,   35.156306,       44.43,
 140.383243,   35.156306,       44.38,
 140.387748,   35.156306,       44.38,
 139.140000,   35.160811,       64.10,
 139.144505,   35.160811,       62.15,
 139.149009,   35.160811,       60.11,
 139.153514,   35.160811,       58.32,
 139.158018,   35.160811,       56.53,
 139.162523,   35.160811,       55.16,
 139.167027,   35.160811,       54.30,
 139.171532,   35.160811,       53.45,
 139.176036,   35.160811,       52.68,
 139.180541,   35.160811,       52.19,
 139.185045,   35.160811,       51.71,
 139.189550,   35.160811,       51.22,
 139.194054,   35.160811,       50.62,
 139.198559,   35.160811,       49.95,
 139.203063,   35.160811,       49.29,
 139.207568,   35.160811,       48.64,
 139.212072,   35.160811,       48.02,
 139.216577,   35.160811,       47.49,
 139.221081,   35.160811,       46.97,
 139.225586,   35.160811,       46.45,
 139.230090,   35.160811,       45.92,
 139.234595,   35.160811,       45.38,
 139.239099,   35.160811,       44.86,
 139.243604,   35.160811,       44.38,
 139.248108,   35.160811,       44.11,
 139.252613,   35.160811,       43.92,
 139.257117,   35.160811,       43.73,
 139.261622,   35.160811,       43.53,
 139.266126,   35.160811,       43.32,
 139.270631,   35.160811,       43.10,
 139.275135,   35.160811,       42.87,
 139.279640,   35.160811,       42.66,
 139.284144,   35.160811,       42.51,
 139.288649,   35.160811,       42.53,
 139.293153,   35.160811,       42.59,
 139.297658,   35.160811,       42.66,
 139.302162,   35.160811,       42.73,
 139.306667,   35.160811,       42.81,
 139.311171,   35.160811,       42.88,
 139.315676,   35.160811,       42.95,
 139.320180,   35.160811,       43.05,
 139.324685,   35.160811,       43.24,
 139.329189,   35.160811,       43.57,
 139.333694,   35.160811,       43.91,
 139.338198,   35.160811,       44.26,
 139.342703,   35.160811,       44.61,
 139.347207,   35.160811,       44.96,
 139.351712,   35.160811,       45.31,
 139.356216,   35.160811,       45.66,
 139.360721,   35.160811,       46.02,
 139.365225,   35.160811,       46.38,
 139.369730,   35.160811,       46.74,
 139.374234,   35.160811,       47.10,
 139.378739,   35.160811,       47.46,
 139.383243,   35.160811,       47.79,
 139.387748,   35.160811,       48.07,
 139.392252,   35.160811,       48.32,
 139.396757,   35.160811,       48.57,
 139.401261,   35.160811,       48.82,
 139.405766,   35.160811,       49.07,
 139.410270,   35.160811,       49.33,
 139.414775,   35.160811,       49.61,
 139.419279,   35.160811,       49.88,
 139.423784,   35.160811,       50.16,
 139.428288,   35.160811,       50.45,
 139.432793,   35.160811,       50.73,
 139.437297,   35.160811,       51.09,
 139.441802,   35.160811,       51.57,
 139.446306,   35.160811,       52.14,
 139.450811,   35.160811,       52.71,
 139.455315,   35.160811,       53.28,
 139.459820,   35.160811,       53.84,
 139.464324,   35.160811,       54.39,
 139.468829,   35.160811,       54.94,
 139.473333,   35.160811,       55.48,
 139.477838,   35.160811,       56.02,
 139.482342,   35.160811,       56.52,
 139.486847,   35.160811,       56.99,
 139.491351,   35.160811,       57.41,
 139.495856,   35.160811,       57.71,
 139.500360,   35.160811,       57.73,
 139.504865,   35.160811,       57.62,
 139.509369,   35.160811,       57.48,
 139.513874,   35.160811,       57.32,
 139.518378,   35.160811,       57.14,
 139.522883,   35.160811,       57.18,
 139.527387,   35.160811,       57.49,
 139.531892,   35.160811,       57.89,
 139.536396,   35.160811,       58.37,
 139.540901,   35.160811,       58.94,
 139.545405,   35.160811,       59.73,
 139.549910,   35.160811,       60.64,
 139.554414,   35.160811,       61.50,
 139.558919,   35.160811,       62.25,
 139.563423,   35.160811,       62.40,
 139.567928,   35.160811,       62.22,
 139.572432,   35.160811,       61.93,
 139.576937,   35.160811,       61.97,
 139.581441,   35.160811,       62.25,
 139.585946,   35.160811,       63.01,
 139.590450,   35.160811,       67.00,
 139.594955,   35.160811,       71.85,
 139.599459,   35.160811,       76.53,
 139.603964,   35.160811,       85.90,
 139.608468,   35.160811,       96.24,
 139.612973,   35.160811,       96.24,
 139.617477,   35.160811,       97.16,
 139.621982,   35.160811,       97.16,
 139.626486,   35.160811,       91.04,
 139.630991,   35.160811,       85.56,
 139.635495,   35.160811,       80.52,
 139.640000,   35.160811,       75.88,
 139.644505,   35.160811,       71.55,
 139.649009,   35.160811,       68.00,
 139.653514,   35.160811,       65.86,
 139.658018,   35.160811,       66.45,
 139.662523,   35.160811,       70.18,
 139.667027,   35.160811,       75.04,
 139.671532,   35.160811,       75.29,
 139.676036,   35.160811,       73.92,
 139.680541,   35.160811,       71.40,
 139.685045,   35.160811,       63.23,
 139.689550,   35.160811,       56.99,
 139.694054,   35.160811,       51.72,
 139.698559,   35.160811,       46.04,
 139.703063,   35.160811,       42.62,
 139.707568,   35.160811,       42.79,
 139.712072,   35.160811,       45.53,
 139.716577,   35.160811,       47.96,
 139.721081,   35.160811,       49.88,
 139.725586,   35.160811,       52.07,
 139.730090,   35.160811,       54.38,
 139.734595,   35.160811,       56.72,
 139.739099,   35.160811,       58.94,
 139.743604,   35.160811,       60.96,
 139.748108,   35.160811,       62.76,
 139.752613,   35.160811,       64.24,
 139.757117,   35.160811,       65.21,
 139.761622,   35.160811,       65.69,
 139.766126,   35.160811,       65.93,
 139.770631,   35.160811,       66.14,
 139.775135,   35.160811,       66.62,
 139.779640,   35.160811,       67.20,
 139.784144,   35.160811,       67.81,
 139.788649,   35.160811,       69.54,
 139.793153,   35.160811,       72.74,
 139.797658,   35.160811,       76.04,
 139.802162,   35.160811,       79.85,
 139.806667,   35.160811,       85.30,
 139.811171,   35.160811,       91.99,
 139.815676,   35.160811,       99.57,
 139.820180,   35.160811,       99.57,
 139.824685,   35.160811,       99.57,
 139.829189,   35.160811,      101.22,
 139.833694,   35.160811,      101.22,
 139.838198,   35.160811,      101.22,
 139.842703,   35.160811,       98.67,
 139.847207,   35.160811,       96.52,
 139.851712,   35.160811,       94.63,
 139.856216,   35.160811,       92.78,
 139.860721,   35.160811,       90.90,
 139.865225,   35.160811,       89.01,
 139.869730,   35.160811,       87.19,
 139.874234,   35.160811,       85.43,
 139.878739,   35.160811,       83.73,
 139.883243,   35.160811,       82.09,
 139.887748,   35.160811,       80.50,
 139.892252,   35.160811,       78.97,
 139.896757,   35.160811,       77.50,
 139.901261,   35.160811,       76.10,
 139.905766,   35.160811,       74.75,
 139.910270,   35.160811,       73.46,
 139.914775,   35.160811,       72.25,
 139.919279,   35.160811,       71.09,
 139.923784,   35.160811,       69.98,
 139.928288,   35.160811,       68.91,
 139.932793,   35.160811,       67.87,
 139.937297,   35.160811,       66.87,
 139.941802,   35.160811,       65.90,
 139.946306,   35.160811,       64.95,
 139.950811,   35.160811,       64.04,
 139.955315,   35.160811,       63.14,
 139.959820,   35.160811,       62.27,
 139.964324,   35.160811,       61.43,
 139.968829,   35.160811,       60.61,
 139.973333,   35.160811,       59.82,
 139.977838,   35.160811,       59.06,
 139.982342,   35.160811,       58.31,
 139.986847,   35.160811,       57.60,
 139.991351,   35.160811,       56.90,
 139.995856,   35.160811,       56.23,
 140.000360,   35.160811,       55.59,
 140.004865,   35.160811,       54.97,
 140.009369,   35.160811,       54.37,
 140.013874,   35.160811,       53.79,
 140.018378,   35.160811,       53.24,
 140.022883,   35.160811,       52.72,
 140.027387,   35.160811,       52.22,
 140.031892,   35.160811,       51.75,
 140.036396,   35.160811,       51.30,
 140.040901,   35.160811,       50.88,
 140.045405,   35.160811,       50.49,
 140.049910,   35.160811,       50.13,
 140.054414,   35.160811,       49.79,
 140.058919,   35.160811,       49.48,
 140.063423,   35.160811,       49.19,
 140.067928,   35.160811,       48.92,
 140.072432,   35.160811,       48.68,
 140.076937,   35.160811,       48.46,
 140.081441,   35.160811,       48.25,
 140.085946,   35.160811,       48.05,
 140.090450,   35.160811,       47.86,
 140.094955,   35.160811,       47.67,
 140.099459,   35.160811,       47.49,
 140.103964,   35.160811,       47.32,
 140.108468,   35.160811,       47.15,
 140.112973,   35.160811,       46.99,
 140.117477,   35.160811,       46.84,
 140.121982,   35.160811,       46.69,
 140.126486,   35.160811,       46.55,
 140.130991,   35.160811,       46.42,
 140.135495,   35.160811,       46.30,
 140.140000,   35.160811,       46.18,
 140.144505,   35.160811,       46.08,
 140.149009,   35.160811,       45.99,
 140.153514,   35.160811,       45.91,
 140.158018,   35.160811,       45.83,
 140.162523,   35.160811,       45.77,
 140.167027,   35.160811,       45.72,
 140.171532,   35.160811,       45.67,
 140.176036,   35.160811,       45.63,
 140.180541,   35.160811,       45.60,
 140.185045,   35.160811,       45.57,
 140.189550,   35.160811,       45.54,
 140.194054,   35.160811,       45.51,
 140.198559,   35.160811,       45.49,
 140.203063,   35.160811,       45.47,
 140.207568,   35.160811,       45.45,
 140.212072,   35.160811,       45.43,
 140.216577,   35.160811,       45.41,
 140.221081,   35.160811,       45.38,
 140.225586,   35.160811,       45.36,
 140.230090,   35.160811,       45.34,
 140.234595,   35.160811,       45.31,
 140.239099,   35.160811,       45.29,
 140.243604,   35.160811,       45.26,
 140.248108,   35.160811,       45.24,
 140.252613,   35.160811,       45.21,
 140.257117,   35.160811,       45.18,
 140.261622,   35.160811,       45.15,
 140.266126,   35.160811,       45.12,
 140.270631,   35.160811,       45.09,
 140.275135,   35.160811,       45.06,
 140.279640,   35.160811,       45.03,
 140.284144,   35.160811,       44.99,
 140.288649,   35.160811,       44.96,
 140.293153,   35.160811,       44.93,
 140.297658,   35.160811,       44.91,
 140.302162,   35.160811,       44.89,
 140.306667,   35.160811,       44.87,
 140.311171,   35.160811,       44.89,
 140.315676,   35.160811,       44.99,
 140.320180,   35.160811,       45.09,
 140.324685,   35.160811,       45.16,
 140.329189,   35.160811,       45.23,
 140.333694,   35.160811,       45.22,
 140.338198,   35.160811,       45.18,
 140.342703,   35.160811,       45.15,
 140.347207,   35.160811,       45.10,
 140.351712,   35.160811,       45.04,
 140.356216,   35.160811,       44.97,
 140.360721,   35.160811,       44.90,
 140.365225,   35.160811,       44.83,
 140.369730,   35.160811,       44.75,
 140.374234,   35.160811,       44.69,
 140.378739,   35.160811,       44.64,
 140.383243,   35.160811,       44.61,
 140.387748,   35.160811,       44.59,
 139.140000,   35.165315,       63.61,
 139.144505,   35.165315,       61.79,
 139.149009,   35.165315,       59.88,
 139.153514,   35.165315,       58.19,
 139.158018,   35.165315,       56.50,
 139.162523,   35.165315,       55.21,
 139.167027,   35.165315,       54.34,
 139.171532,   35.165315,       53.50,
 139.176036,   35.165315,       52.70,
 139.180541,   35.165315,       52.21,
 139.185045,   35.165315,       51.70,
 139.189550,   35.165315,       51.19,
 139.194054,   35.165315,       50.61,
 139.198559,   35.165315,       49.97,
 139.203063,   35.165315,       49.35,
 139.207568,   35.165315,       48.75,
 139.212072,   35.165315,       48.17,
 139.216577,   35.165315,       47.63,
 139.221081,   35.165315,       47.10,
 139.225586,   35.165315,       46.57,
 139.230090,   35.165315,       46.05,
 139.234595,   35.165315,       45.56,
 139.239099,   35.165315,       45.10,
 139.243604,   35.165315,       44.69,
 139.248108,   35.165315,       44.38,
 139.252613,   35.165315,       44.12,
 139.257117,   35.165315,       43.90,
 139.261622,   35.165315,       43.70,
 139.266126,   35.165315,       43.49,
 139.270631,   35.165315,       43.29,
 139.275135,   35.165315,       43.10,
 139.279640,   35.165315,       42.95,
 139.284144,   35.165315,       42.84,
 139.288649,   35.165315,       42.81,
 139.293153,   35.165315,       42.84,
 139.297658,   35.165315,       42.89,
 139.302162,   35.165315,       42.95,
 139.306667,   35.165315,       43.03,
 139.311171,   35.165315,       43.10,
 139.315676,   35.165315,       43.21,
 139.320180,   35.165315,       43.37,
 139.324685,   35.165315,       43.60,
 139.329189,   35.165315,       43.91,
 139.333694,   35.165315,       44.23,
 139.338198,   35.165315,       44.56,
 139.342703,   35.165315,       44.90,
 139.347207,   35.165315,       45.25,
 139.351712,   35.165315,       45.60,
 139.356216,   35.165315,       45.96,
 139.360721,   35.165315,       46.32,
 139.365225,   35.165315,       46.68,
 139.369730,   35.165315,       47.04,
 139.374234,   35.165315,       47.40,
 139.378739,   35.165315,       47.76,
 139.383243,   35.165315,       48.08,
 139.387748,   35.165315,       48.34,
 139.392252,   35.165315,       48.59,
 139.396757,   35.165315,       48.83,
 139.401261,   35.165315,       49.07,
 139.405766,   35.165315,       49.32,
 139.410270,   35.165315,       49.57,
 139.414775,   35.165315,       49.85,
 139.419279,   35.165315,       50.13,
 139.423784,   35.165315,       50.41,
 139.428288,   35.165315,       50.70,
 139.432793,   35.165315,       50.98,
 139.437297,   35.165315,       51.27,
 139.441802,   35.165315,       51.75,
 139.446306,   35.165315,       52.31,
 139.450811,   35.165315,       52.87,
 139.455315,   35.165315,       53.43,
 139.459820,   35.165315,       53.99,
 139.464324,   35.165315,       54.54,
 139.468829,   35.165315,       55.09,
 139.473333,   35.165315,       55.64,
 139.477838,   35.165315,       56.16,
 139.482342,   35.165315,       56.60,
 139.486847,   35.165315,       56.98,
 139.491351,   35.165315,       57.32,
 139.495856,   35.165315,       57.55,
 139.500360,   35.165315,       57.64,
 139.504865,   35.165315,       57.62,
 139.509369,   35.165315,       57.47,
 139.513874,   35.165315,       57.33,
 139.518378,   35.165315,       57.20,
 139.522883,   35.165315,       57.19,
 139.527387,   35.165315,       57.47,
 139.531892,   35.165315,       57.91,
 139.536396,   35.165315,       58.46,
 139.540901,   35.165315,       59.10,
 139.545405,   35.165315,       59.99,
 139.549910,   35.165315,       60.95,
 139.554414,   35.165315,       61.87,
 139.558919,   35.165315,       62.62,
 139.563423,   35.165315,       62.82,
 139.567928,   35.165315,       62.81,
 139.572432,   35.165315,       62.71,
 139.576937,   35.165315,       62.81,
 139.581441,   35.165315,       63.01,
 139.585946,   35.165315,       64.72,
 139.590450,   35.165315,       69.27,
 139.594955,   35.165315,       75.06,
 139.599459,   35.165315,       81.26,
 139.603964,   35.165315,       89.80,
 139.608468,   35.165315,      100.49,
 139.612973,   35.165315,      100.49,
 139.617477,   35.165315,      103.35,
 139.621982,   35.165315,      103.35,
 139.626486,   35.165315,       96.63,
 139.630991,   35.165315,       90.54,
 139.635495,   35.165315,       84.83,
 139.640000,   35.165315,       79.54,
 139.644505,   35.165315,       74.73,
 139.649009,   35.165315,       70.60,
 139.653514,   35.165315,       67.72,
 139.658018,   35.165315,       67.71,
 139.662523,   35.165315,       71.62,
 139.667027,   35.165315,       72.55,
 139.671532,   35.165315,       71.57,
 139.676036,   35.165315,       69.57,
 139.680541,   35.165315,       66.95,
 139.685045,   35.165315,       63.07,
 139.689550,   35.165315,       58.36,
 139.694054,   35.165315,       53.80,
 139.698559,   35.165315,       49.72,
 139.703063,   35.165315,       47.40,
 139.707568,   35.165315,       46.25,
 139.712072,   35.165315,       47.26,
 139.716577,   35.165315,       48.97,
 139.721081,   35.165315,       50.77,
 139.725586,   35.165315,       52.84,
 139.730090,   35.165315,       55.29,
 139.734595,   35.165315,       57.68,
 139.739099,   35.165315,       59.95,
 139.743604,   35.165315,       61.88,
 139.748108,   35.165315,       63.72,
 139.752613,   35.165315,       65.46,
 139.757117,   35.165315,       65.96,
 139.761622,   35.165315,       66.34,
 139.766126,   35.165315,       66.66,
 139.770631,   35.165315,       67.26,
 139.775135,   35.165315,       67.93,
 139.779640,   35.165315,       68.49,
 139.784144,   35.165315,       70.02,
 139.788649,   35.165315,       73.36,
 139.793153,   35.165315,       76.63,
 139.797658,   35.165315,       80.19,
 139.802162,   35.165315,       85.79,
 139.806667,   35.165315,       91.24,
 139.811171,   35.165315,       97.66,
 139.815676,   35.165315,       97.66,
 139.820180,   35.165315,       97.66,
 139.824685,   35.165315,      103.09,
 139.829189,   35.165315,      103.09,
 139.833694,   35.165315,      103.09,
 139.838198,   35.165315,       99.76,
 139.842703,   35.165315,       97.26,
 139.847207,   35.165315,       94.91,
 139.851712,   35.165315,       92.94,
 139.856216,   35.165315,       91.07,
 139.860721,   35.165315,       89.21,
 139.865225,   35.165315,       87.36,
 139.869730,   35.165315,       85.59,
 139.874234,   35.165315,       83.89,
 139.878739,   35.165315,       82.26,
 139.883243,   35.165315,       80.68,
 139.887748,   35.165315,       79.16,
 139.892252,   35.165315,       77.69,
 139.896757,   35.165315,       76.31,
 139.901261,   35.165315,       74.99,
 139.905766,   35.165315,       73.73,
 139.910270,   35.165315,       72.54,
 139.914775,   35.165315,       71.42,
 139.919279,   35.165315,       70.34,
 139.923784,   35.165315,       69.29,
 139.928288,   35.165315,       68.28,
 139.932793,   35.165315,       67.30,
 139.937297,   35.165315,       66.35,
 139.941802,   35.165315,       65.42,
 139.946306,   35.165315,       64.52,
 139.950811,   35.165315,       63.64,
 139.955315,   35.165315,       62.79,
 139.959820,   35.165315,       61.96,
 139.964324,   35.165315,       61.15,
 139.968829,   35.165315,       60.36,
 139.973333,   35.165315,       59.60,
 139.977838,   35.165315,       58.87,
 139.982342,   35.165315,       58.15,
 139.986847,   35.165315,       57.46,
 139.991351,   35.165315,       56.79,
 139.995856,   35.165315,       56.15,
 140.000360,   35.165315,       55.52,
 140.004865,   35.165315,       54.92,
 140.009369,   35.165315,       54.34,
 140.013874,   35.165315,       53.79,
 140.018378,   35.165315,       53.25,
 140.022883,   35.165315,       52.75,
 140.027387,   35.165315,       52.26,
 140.031892,   35.165315,       51.81,
 140.036396,   35.165315,       51.37,
 140.040901,   35.165315,       50.97,
 140.045405,   35.165315,       50.59,
 140.049910,   35.165315,       50.24,
 140.054414,   35.165315,       49.92,
 140.058919,   35.165315,       49.62,
 140.063423,   35.165315,       49.34,
 140.067928,   35.165315,       49.09,
 140.072432,   35.165315,       48.85,
 140.076937,   35.165315,       48.64,
 140.081441,   35.165315,       48.43,
 140.085946,   35.165315,       48.24,
 140.090450,   35.165315,       48.05,
 140.094955,   35.165315,       47.87,
 140.099459,   35.165315,       47.69,
 140.103964,   35.165315,       47.52,
 140.108468,   35.165315,       47.35,
 140.112973,   35.165315,       47.19,
 140.117477,   35.165315,       47.04,
 140.121982,   35.165315,       46.89,
 140.126486,   35.165315,       46.76,
 140.130991,   35.165315,       46.63,
 140.135495,   35.165315,       46.50,
 140.140000,   35.165315,       46.39,
 140.144505,   35.165315,       46.29,
 140.149009,   35.165315,       46.19,
 140.153514,   35.165315,       46.11,
 140.158018,   35.165315,       46.03,
 140.162523,   35.165315,       45.96,
 140.167027,   35.165315,       45.90,
 140.171532,   35.165315,       45.85,
 140.176036,   35.165315,       45.81,
 140.180541,   35.165315,       45.78,
 140.185045,   35.165315,       45.74,
 140.189550,   35.165315,       45.71,
 140.194054,   35.165315,       45.68,
 140.198559,   35.165315,       45.66,
 140.203063,   35.165315,       45.64,
 140.207568,   35.165315,       45.61,
 140.212072,   35.165315,       45.59,
 140.216577,   35.165315,       45.57,
 140.221081,   35.165315,       45.55,
 140.225586,   35.165315,       45.53,
 140.230090,   35.165315,       45.51,
 140.234595,   35.165315,       45.49,
 140.239099,   35.165315,       45.46,
 140.243604,   35.165315,       45.44,
 140.248108,   35.165315,       45.41,
 140.252613,   35.165315,       45.39,
 140.257117,   35.165315,       45.36,
 140.261622,   35.165315,       45.34,
 140.266126,   35.165315,       45.31,
 140.270631,   35.165315,       45.28,
 140.275135,   35.165315,       45.26,
 140.279640,   35.165315,       45.23,
 140.284144,   35.165315,       45.20,
 140.288649,   35.165315,       45.17,
 140.293153,   35.165315,       45.15,
 140.297658,   35.165315,       45.12,
 140.302162,   35.165315,       45.10,
 140.306667,   35.165315,       45.08,
 140.311171,   35.165315,       45.07,
 140.315676,   35.165315,       45.08,
 140.320180,   35.165315,       45.12,
 140.324685,   35.165315,       45.24,
 140.329189,   35.165315,       45.39,
 140.333694,   35.165315,       45.42,
 140.338198,   35.165315,       45.38,
 140.342703,   35.165315,       45.34,
 140.347207,   35.165315,       45.31,
 140.351712,   35.165315,       45.26,
 140.356216,   35.165315,       45.20,
 140.360721,   35.165315,       45.12,
 140.365225,   35.165315,       45.05,
 140.369730,   35.165315,       44.98,
 140.374234,   35.165315,       44.90,
 140.378739,   35.165315,       44.86,
 140.383243,   35.165315,       44.86,
 140.387748,   35.165315,       44.86,
 139.140000,   35.169820,       63.16,
 139.144505,   35.169820,       61.48,
 139.149009,   35.169820,       59.73,
 139.153514,   35.169820,       58.10,
 139.158018,   35.169820,       56.46,
 139.162523,   35.169820,       55.22,
 139.167027,   35.169820,       54.41,
 139.171532,   35.169820,       53.59,
 139.176036,   35.169820,       52.87,
 139.180541,   35.169820,       52.29,
 139.185045,   35.169820,       51.75,
 139.189550,   35.169820,       51.19,
 139.194054,   35.169820,       50.62,
 139.198559,   35.169820,       50.03,
 139.203063,   35.169820,       49.46,
 139.207568,   35.169820,       48.89,
 139.212072,   35.169820,       48.32,
 139.216577,   35.169820,       47.78,
 139.221081,   35.169820,       47.24,
 139.225586,   35.169820,       46.71,
 139.230090,   35.169820,       46.24,
 139.234595,   35.169820,       45.80,
 139.239099,   35.169820,       45.38,
 139.243604,   35.169820,       44.99,
 139.248108,   35.169820,       44.66,
 139.252613,   35.169820,       44.38,
 139.257117,   35.169820,       44.13,
 139.261622,   35.169820,       43.90,
 139.266126,   35.169820,       43.70,
 139.270631,   35.169820,       43.52,
 139.275135,   35.169820,       43.37,
 139.279640,   35.169820,       43.25,
 139.284144,   35.169820,       43.15,
 139.288649,   35.169820,       43.12,
 139.293153,   35.169820,       43.11,
 139.297658,   35.169820,       43.13,
 139.302162,   35.169820,       43.18,
 139.306667,   35.169820,       43.25,
 139.311171,   35.169820,       43.35,
 139.315676,   35.169820,       43.50,
 139.320180,   35.169820,       43.70,
 139.324685,   35.169820,       43.96,
 139.329189,   35.169820,       44.25,
 139.333694,   35.169820,       44.56,
 139.338198,   35.169820,       44.87,
 139.342703,   35.169820,       45.20,
 139.347207,   35.169820,       45.55,
 139.351712,   35.169820,       45.90,
 139.356216,   35.169820,       46.26,
 139.360721,   35.169820,       46.61,
 139.365225,   35.169820,       46.97,
 139.369730,   35.169820,       47.33,
 139.374234,   35.169820,       47.69,
 139.378739,   35.169820,       48.05,
 139.383243,   35.169820,       48.38,
 139.387748,   35.169820,       48.62,
 139.392252,   35.169820,       48.85,
 139.396757,   35.169820,       49.09,
 139.401261,   35.169820,       49.32,
 139.405766,   35.169820,       49.56,
 139.410270,   35.169820,       49.81,
 139.414775,   35.169820,       50.09,
 139.419279,   35.169820,       50.37,
 139.423784,   35.169820,       50.65,
 139.428288,   35.169820,       50.93,
 139.432793,   35.169820,       51.21,
 139.437297,   35.169820,       51.48,
 139.441802,   35.169820,       51.90,
 139.446306,   35.169820,       52.46,
 139.450811,   35.169820,       53.01,
 139.455315,   35.169820,       53.57,
 139.459820,   35.169820,       54.13,
 139.464324,   35.169820,       54.69,
 139.468829,   35.169820,       55.25,
 139.473333,   35.169820,       55.79,
 139.477838,   35.169820,       56.27,
 139.482342,   35.169820,       56.65,
 139.486847,   35.169820,       56.97,
 139.491351,   35.169820,       57.24,
 139.495856,   35.169820,       57.42,
 139.500360,   35.169820,       57.56,
 139.504865,   35.169820,       57.61,
 139.509369,   35.169820,       57.50,
 139.513874,   35.169820,       57.38,
 139.518378,   35.169820,       57.28,
 139.522883,   35.169820,       57.19,
 139.527387,   35.169820,       57.33,
 139.531892,   35.169820,       57.87,
 139.536396,   35.169820,       58.57,
 139.540901,   35.169820,       59.39,
 139.545405,   35.169820,       60.33,
 139.549910,   35.169820,       61.32,
 139.554414,   35.169820,       62.33,
 139.558919,   35.169820,       62.97,
 139.563423,   35.169820,       63.14,
 139.567928,   35.169820,       63.30,
 139.572432,   35.169820,       63.48,
 139.576937,   35.169820,       63.58,
 139.581441,   35.169820,       63.83,
 139.585946,   35.169820,       65.31,
 139.590450,   35.169820,       69.59,
 139.594955,   35.169820,       75.33,
 139.599459,   35.169820,       82.35,
 139.603964,   35.169820,       90.44,
 139.608468,   35.169820,       99.29,
 139.612973,   35.169820,       99.29,
 139.617477,   35.169820,      100.80,
 139.621982,   35.169820,      100.80,
 139.626486,   35.169820,      100.80,
 139.630991,   35.169820,       94.20,
 139.635495,   35.169820,       87.90,
 139.640000,   35.169820,       82.14,
 139.644505,   35.169820,       76.95,
 139.649009,   35.169820,       72.40,
 139.653514,   35.169820,       68.79,
 139.658018,   35.169820,       67.95,
 139.662523,   35.169820,       68.83,
 139.667027,   35.169820,       68.93,
 139.671532,   35.169820,       68.34,
 139.676036,   35.169820,       66.57,
 139.680541,   35.169820,       65.11,
 139.685045,   35.169820,       63.46,
 139.689550,   35.169820,       59.50,
 139.694054,   35.169820,       55.37,
 139.698559,   35.169820,       52.23,
 139.703063,   35.169820,       50.06,
 139.707568,   35.169820,       48.82,
 139.712072,   35.169820,       48.58,
 139.716577,   35.169820,       49.76,
 139.721081,   35.169820,       51.63,
 139.725586,   35.169820,       53.91,
 139.730090,   35.169820,       56.34,
 139.734595,   35.169820,       58.71,
 139.739099,   35.169820,       60.94,
 139.743604,   35.169820,       62.95,
 139.748108,   35.169820,       64.73,
 139.752613,   35.169820,       65.99,
 139.757117,   35.169820,       66.68,
 139.761622,   35.169820,       67.12,
 139.766126,   35.169820,       67.81,
 139.770631,   35.169820,       68.74,
 139.775135,   35.169820,       69.44,
 139.779640,   35.169820,       70.96,
 139.784144,   35.169820,       74.13,
 139.788649,   35.169820,       77.50,
 139.793153,   35.169820,       81.39,
 139.797658,   35.169820,       87.45,
 139.802162,   35.169820,       93.49,
 139.806667,   35.169820,       98.72,
 139.811171,   35.169820,      103.94,
 139.815676,   35.169820,      103.94,
 139.820180,   35.169820,      103.94,
 139.824685,   35.169820,      101.97,
 139.829189,   35.169820,      101.97,
 139.833694,   35.169820,      101.97,
 139.838198,   35.169820,       98.20,
 139.842703,   35.169820,       95.75,
 139.847207,   35.169820,       93.32,
 139.851712,   35.169820,       91.27,
 139.856216,   35.169820,       89.39,
 139.860721,   35.169820,       87.54,
 139.865225,   35.169820,       85.73,
 139.869730,   35.169820,       84.01,
 139.874234,   35.169820,       82.38,
 139.878739,   35.169820,       80.80,
 139.883243,   35.169820,       79.29,
 139.887748,   35.169820,       77.83,
 139.892252,   35.169820,       76.45,
 139.896757,   35.169820,       75.15,
 139.901261,   35.169820,       73.92,
 139.905766,   35.169820,       72.76,
 139.910270,   35.169820,       71.67,
 139.914775,   35.169820,       70.62,
 139.919279,   35.169820,       69.61,
 139.923784,   35.169820,       68.62,
 139.928288,   35.169820,       67.67,
 139.932793,   35.169820,       66.74,
 139.937297,   35.169820,       65.84,
 139.941802,   35.169820,       64.96,
 139.946306,   35.169820,       64.10,
 139.950811,   35.169820,       63.26,
 139.955315,   35.169820,       62.44,
 139.959820,   35.169820,       61.64,
 139.964324,   35.169820,       60.87,
 139.968829,   35.169820,       60.12,
 139.973333,   35.169820,       59.39,
 139.977838,   35.169820,       58.68,
 139.982342,   35.169820,       58.00,
 139.986847,   35.169820,       57.33,
 139.991351,   35.169820,       56.69,
 139.995856,   35.169820,       56.06,
 140.000360,   35.169820,       55.46,
 140.004865,   35.169820,       54.88,
 140.009369,   35.169820,       54.32,
 140.013874,   35.169820,       53.78,
 140.018378,   35.169820,       53.27,
 140.022883,   35.169820,       52.78,
 140.027387,   35.169820,       52.31,
 140.031892,   35.169820,       51.87,
 140.036396,   35.169820,       51.45,
 140.040901,   35.169820,       51.06,
 140.045405,   35.169820,       50.69,
 140.049910,   35.169820,       50.36,
 140.054414,   35.169820,       50.05,
 140.058919,   35.169820,       49.76,
 140.063423,   35.169820,       49.50,
 140.067928,   35.169820,       49.25,
 140.072432,   35.169820,       49.02,
 140.076937,   35.169820,       48.82,
 140.081441,   35.169820,       48.62,
 140.085946,   35.169820,       48.42,
 140.090450,   35.169820,       48.24,
 140.094955,   35.169820,       48.06,
 140.099459,   35.169820,       47.88,
 140.103964,   35.169820,       47.71,
 140.108468,   35.169820,       47.55,
 140.112973,   35.169820,       47.39,
 140.117477,   35.169820,       47.24,
 140.121982,   35.169820,       47.09,
 140.126486,   35.169820,       46.96,
 140.130991,   35.169820,       46.83,
 140.135495,   35.169820,       46.71,
 140.140000,   35.169820,       46.59,
 140.144505,   35.169820,       46.49,
 140.149009,   35.169820,       46.39,
 140.153514,   35.169820,       46.30,
 140.158018,   35.169820,       46.23,
 140.162523,   35.169820,       46.15,
 140.167027,   35.169820,       46.09,
 140.171532,   35.169820,       46.04,
 140.176036,   35.169820,       45.99,
 140.180541,   35.169820,       45.95,
 140.185045,   35.169820,       45.92,
 140.189550,   35.169820,       45.89,
 140.194054,   35.169820,       45.86,
 140.198559,   35.169820,       45.83,
 140.203063,   35.169820,       45.80,
 140.207568,   35.169820,       45.78,
 140.212072,   35.169820,       45.76,
 140.216577,   35.169820,       45.74,
 140.221081,   35.169820,       45.72,
 140.225586,   35.169820,       45.70,
 140.230090,   35.169820,       45.68,
 140.234595,   35.169820,       45.66,
 140.239099,   35.169820,       45.64,
 140.243604,   35.169820,       45.61,
 140.248108,   35.169820,       45.59,
 140.252613,   35.169820,       45.57,
 140.257117,   35.169820,       45.54,
 140.261622,   35.169820,       45.52,
 140.266126,   35.169820,       45.50,
 140.270631,   35.169820,       45.47,
 140.275135,   35.169820,       45.45,
 140.279640,   35.169820,       45.43,
 140.284144,   35.169820,       45.40,
 140.288649,   35.169820,       45.38,
 140.293153,   35.169820,       45.35,
 140.297658,   35.169820,       45.33,
 140.302162,   35.169820,       45.31,
 140.306667,   35.169820,       45.29,
 140.311171,   35.169820,       45.27,
 140.315676,   35.169820,       45.27,
 140.320180,   35.169820,       45.27,
 140.324685,   35.169820,       45.28,
 140.329189,   35.169820,       45.35,
 140.333694,   35.169820,       45.50,
 140.338198,   35.169820,       45.56,
 140.342703,   35.169820,       45.52,
 140.347207,   35.169820,       45.49,
 140.351712,   35.169820,       45.48,
 140.356216,   35.169820,       45.44,
 140.360721,   35.169820,       45.37,
 140.365225,   35.169820,       45.30,
 140.369730,   35.169820,       45.23,
 140.374234,   35.169820,       45.15,
 140.378739,   35.169820,       45.12,
 140.383243,   35.169820,       45.13,
 140.387748,   35.169820,       45.13,
 139.140000,   35.174324,       62.76,
 139.144505,   35.174324,       61.21,
 139.149009,   35.174324,       59.60,
 139.153514,   35.174324,       58.03,
 139.158018,   35.174324,       56.45,
 139.162523,   35.174324,       55.35,
 139.167027,   35.174324,       54.53,
 139.171532,   35.174324,       53.72,
 139.176036,   35.174324,       53.02,
 139.180541,   35.174324,       52.45,
 139.185045,   35.174324,       51.90,
 139.189550,   35.174324,       51.34,
 139.194054,   35.174324,       50.77,
 139.198559,   35.174324,       50.20,
 139.203063,   35.174324,       49.64,
 139.207568,   35.174324,       49.06,
 139.212072,   35.174324,       48.48,
 139.216577,   35.174324,       47.92,
 139.221081,   35.174324,       47.38,
 139.225586,   35.174324,       46.89,
 139.230090,   35.174324,       46.46,
 139.234595,   35.174324,       46.06,
 139.239099,   35.174324,       45.67,
 139.243604,   35.174324,       45.29,
 139.248108,   35.174324,       44.96,
 139.252613,   35.174324,       44.65,
 139.257117,   35.174324,       44.37,
 139.261622,   35.174324,       44.13,
 139.266126,   35.174324,       43.93,
 139.270631,   35.174324,       43.78,
 139.275135,   35.174324,       43.65,
 139.279640,   35.174324,       43.56,
 139.284144,   35.174324,       43.48,
 139.288649,   35.174324,       43.43,
 139.293153,   35.174324,       43.41,
 139.297658,   35.174324,       43.40,
 139.302162,   35.174324,       43.42,
 139.306667,   35.174324,       43.48,
 139.311171,   35.174324,       43.62,
 139.315676,   35.174324,       43.81,
 139.320180,   35.174324,       44.05,
 139.324685,   35.174324,       44.33,
 139.329189,   35.174324,       44.61,
 139.333694,   35.174324,       44.90,
 139.338198,   35.174324,       45.20,
 139.342703,   35.174324,       45.51,
 139.347207,   35.174324,       45.84,
 139.351712,   35.174324,       46.19,
 139.356216,   35.174324,       46.55,
 139.360721,   35.174324,       46.91,
 139.365225,   35.174324,       47.26,
 139.369730,   35.174324,       47.62,
 139.374234,   35.174324,       47.98,
 139.378739,   35.174324,       48.34,
 139.383243,   35.174324,       48.66,
 139.387748,   35.174324,       48.89,
 139.392252,   35.174324,       49.12,
 139.396757,   35.174324,       49.35,
 139.401261,   35.174324,       49.57,
 139.405766,   35.174324,       49.80,
 139.410270,   35.174324,       50.05,
 139.414775,   35.174324,       50.32,
 139.419279,   35.174324,       50.59,
 139.423784,   35.174324,       50.86,
 139.428288,   35.174324,       51.13,
 139.432793,   35.174324,       51.40,
 139.437297,   35.174324,       51.68,
 139.441802,   35.174324,       52.08,
 139.446306,   35.174324,       52.59,
 139.450811,   35.174324,       53.15,
 139.455315,   35.174324,       53.71,
 139.459820,   35.174324,       54.27,
 139.464324,   35.174324,       54.83,
 139.468829,   35.174324,       55.39,
 139.473333,   35.174324,       55.95,
 139.477838,   35.174324,       56.38,
 139.482342,   35.174324,       56.68,
 139.486847,   35.174324,       56.94,
 139.491351,   35.174324,       57.16,
 139.495856,   35.174324,       57.34,
 139.500360,   35.174324,       57.49,
 139.504865,   35.174324,       57.59,
 139.509369,   35.174324,       57.54,
 139.513874,   35.174324,       57.44,
 139.518378,   35.174324,       57.35,
 139.522883,   35.174324,       57.26,
 139.527387,   35.174324,       57.17,
 139.531892,   35.174324,       57.93,
 139.536396,   35.174324,       58.82,
 139.540901,   35.174324,       59.71,
 139.545405,   35.174324,       60.64,
 139.549910,   35.174324,       61.62,
 139.554414,   35.174324,       62.49,
 139.558919,   35.174324,       63.11,
 139.563423,   35.174324,       63.44,
 139.567928,   35.174324,       63.64,
 139.572432,   35.174324,       63.92,
 139.576937,   35.174324,       64.21,
 139.581441,   35.174324,       64.75,
 139.585946,   35.174324,       65.74,
 139.590450,   35.174324,       68.68,
 139.594955,   35.174324,       74.50,
 139.599459,   35.174324,       81.33,
 139.603964,   35.174324,       89.18,
 139.608468,   35.174324,       97.14,
 139.612973,   35.174324,      104.84,
 139.617477,   35.174324,      104.84,
 139.621982,   35.174324,      102.89,
 139.626486,   35.174324,      102.89,
 139.630991,   35.174324,       95.95,
 139.635495,   35.174324,       89.51,
 139.640000,   35.174324,       83.55,
 139.644505,   35.174324,       78.03,
 139.649009,   35.174324,       72.97,
 139.653514,   35.174324,       68.39,
 139.658018,   35.174324,       66.09,
 139.662523,   35.174324,       65.98,
 139.667027,   35.174324,       65.83,
 139.671532,   35.174324,       65.64,
 139.676036,   35.174324,       64.90,
 139.680541,   35.174324,       63.92,
 139.685045,   35.174324,       62.88,
 139.689550,   35.174324,       60.62,
 139.694054,   35.174324,       56.99,
 139.698559,   35.174324,       53.78,
 139.703063,   35.174324,       51.13,
 139.707568,   35.174324,       50.42,
 139.712072,   35.174324,       50.21,
 139.716577,   35.174324,       50.49,
 139.721081,   35.174324,       52.44,
 139.725586,   35.174324,       54.83,
 139.730090,   35.174324,       57.45,
 139.734595,   35.174324,       59.72,
 139.739099,   35.174324,       61.84,
 139.743604,   35.174324,       64.05,
 139.748108,   35.174324,       65.64,
 139.752613,   35.174324,       66.56,
 139.757117,   35.174324,       67.37,
 139.761622,   35.174324,       68.08,
 139.766126,   35.174324,       69.02,
 139.770631,   35.174324,       70.12,
 139.775135,   35.174324,       71.38,
 139.779640,   35.174324,       74.40,
 139.784144,   35.174324,       78.03,
 139.788649,   35.174324,       81.84,
 139.793153,   35.174324,       87.44,
 139.797658,   35.174324,       94.80,
 139.802162,   35.174324,      102.40,
 139.806667,   35.174324,      105.70,
 139.811171,   35.174324,      105.70,
 139.815676,   35.174324,      105.70,
 139.820180,   35.174324,      106.10,
 139.824685,   35.174324,      106.10,
 139.829189,   35.174324,      106.10,
 139.833694,   35.174324,      100.62,
 139.838198,   35.174324,       96.55,
 139.842703,   35.174324,       94.04,
 139.847207,   35.174324,       91.72,
 139.851712,   35.174324,       89.61,
 139.856216,   35.174324,       87.71,
 139.860721,   35.174324,       85.88,
 139.865225,   35.174324,       84.12,
 139.869730,   35.174324,       82.46,
 139.874234,   35.174324,       80.88,
 139.878739,   35.174324,       79.37,
 139.883243,   35.174324,       77.92,
 139.887748,   35.174324,       76.53,
 139.892252,   35.174324,       75.25,
 139.896757,   35.174324,       74.03,
 139.901261,   35.174324,       72.90,
 139.905766,   35.174324,       71.84,
 139.910270,   35.174324,       70.82,
 139.914775,   35.174324,       69.85,
 139.919279,   35.174324,       68.90,
 139.923784,   35.174324,       67.98,
 139.928288,   35.174324,       67.08,
 139.932793,   35.174324,       66.20,
 139.937297,   35.174324,       65.34,
 139.941802,   35.174324,       64.50,
 139.946306,   35.174324,       63.68,
 139.950811,   35.174324,       62.88,
 139.955315,   35.174324,       62.10,
 139.959820,   35.174324,       61.34,
 139.964324,   35.174324,       60.60,
 139.968829,   35.174324,       59.88,
 139.973333,   35.174324,       59.18,
 139.977838,   35.174324,       58.50,
 139.982342,   35.174324,       57.84,
 139.986847,   35.174324,       57.20,
 139.991351,   35.174324,       56.58,
 139.995856,   35.174324,       55.98,
 140.000360,   35.174324,       55.39,
 140.004865,   35.174324,       54.83,
 140.009369,   35.174324,       54.29,
 140.013874,   35.174324,       53.77,
 140.018378,   35.174324,       53.28,
 140.022883,   35.174324,       52.80,
 140.027387,   35.174324,       52.35,
 140.031892,   35.174324,       51.92,
 140.036396,   35.174324,       51.52,
 140.040901,   35.174324,       51.15,
 140.045405,   35.174324,       50.80,
 140.049910,   35.174324,       50.48,
 140.054414,   35.174324,       50.18,
 140.058919,   35.174324,       49.91,
 140.063423,   35.174324,       49.65,
 140.067928,   35.174324,       49.41,
 140.072432,   35.174324,       49.20,
 140.076937,   35.174324,       48.99,
 140.081441,   35.174324,       48.80,
 140.085946,   35.174324,       48.60,
 140.090450,   35.174324,       48.42,
 140.094955,   35.174324,       48.24,
 140.099459,   35.174324,       48.07,
 140.103964,   35.174324,       47.90,
 140.108468,   35.174324,       47.74,
 140.112973,   35.174324,       47.58,
 140.117477,   35.174324,       47.43,
 140.121982,   35.174324,       47.29,
 140.126486,   35.174324,       47.16,
 140.130991,   35.174324,       47.03,
 140.135495,   35.174324,       46.91,
 140.140000,   35.174324,       46.79,
 140.144505,   35.174324,       46.69,
 140.149009,   35.174324,       46.59,
 140.153514,   35.174324,       46.50,
 140.158018,   35.174324,       46.42,
 140.162523,   35.174324,       46.35,
 140.167027,   35.174324,       46.28,
 140.171532,   35.174324,       46.22,
 140.176036,   35.174324,       46.17,
 140.180541,   35.174324,       46.13,
 140.185045,   35.174324,       46.10,
 140.189550,   35.174324,       46.06,
 140.194054,   35.174324,       46.03,
 140.198559,   35.174324,       46.00,
 140.203063,   35.174324,       45.97,
 140.207568,   35.174324,       45.95,
 140.212072,   35.174324,       45.93,
 140.216577,   35.174324,       45.91,
 140.221081,   35.174324,       45.89,
 140.225586,   35.174324,       45.87,
 140.230090,   35.174324,       45.85,
 140.234595,   35.174324,       45.83,
 140.239099,   35.174324,       45.81,
 140.243604,   35.174324,       45.79,
 140.248108,   35.174324,       45.77,
 140.252613,   35.174324,       45.74,
 140.257117,   35.174324,       45.72,
 140.261622,   35.174324,       45.70,
 140.266126,   35.174324,       45.68,
 140.270631,   35.174324,       45.66,
 140.275135,   35.174324,       45.64,
 140.279640,   35.174324,       45.61,
 140.284144,   35.174324,       45.59,
 140.288649,   35.174324,       45.57,
 140.293153,   35.174324,       45.55,
 140.297658,   35.174324,       45.53,
 140.302162,   35.174324,       45.51,
 140.306667,   35.174324,       45.49,
 140.311171,   35.174324,       45.47,
 140.315676,   35.174324,       45.46,
 140.320180,   35.174324,       45.45,
 140.324685,   35.174324,       45.45,
 140.329189,   35.174324,       45.46,
 140.333694,   35.174324,       45.49,
 140.338198,   35.174324,       45.58,
 140.342703,   35.174324,       45.69,
 140.347207,   35.174324,       45.66,
 140.351712,   35.174324,       45.66,
 140.356216,   35.174324,       45.67,
 140.360721,   35.174324,       45.64,
 140.365225,   35.174324,       45.56,
 140.369730,   35.174324,       45.50,
 140.374234,   35.174324,       45.44,
 140.378739,   35.174324,       45.40,
 140.383243,   35.174324,       45.39,
 140.387748,   35.174324,       45.40,
 139.140000,   35.178829,       62.45,
 139.144505,   35.178829,       61.00,
 139.149009,   35.178829,       59.52,
 139.153514,   35.178829,       58.01,
 139.158018,   35.178829,       56.53,
 139.162523,   35.178829,       55.55,
 139.167027,   35.178829,       54.70,
 139.171532,   35.178829,       53.86,
 139.176036,   35.178829,       53.19,
 139.180541,   35.178829,       52.67,
 139.185045,   35.178829,       52.14,
 139.189550,   35.178829,       51.60,
 139.194054,   35.178829,       51.03,
 139.198559,   35.178829,       50.45,
 139.203063,   35.178829,       49.86,
 139.207568,   35.178829,       49.27,
 139.212072,   35.178829,       48.67,
 139.216577,   35.178829,       48.08,
 139.221081,   35.178829,       47.52,
 139.225586,   35.178829,       47.09,
 139.230090,   35.178829,       46.72,
 139.234595,   35.178829,       46.35,
 139.239099,   35.178829,       45.98,
 139.243604,   35.178829,       45.63,
 139.248108,   35.178829,       45.27,
 139.252613,   35.178829,       44.93,
 139.257117,   35.178829,       44.62,
 139.261622,   35.178829,       44.35,
 139.266126,   35.178829,       44.17,
 139.270631,   35.178829,       44.04,
 139.275135,   35.178829,       43.95,
 139.279640,   35.178829,       43.88,
 139.284144,   35.178829,       43.83,
 139.288649,   35.178829,       43.78,
 139.293153,   35.178829,       43.73,
 139.297658,   35.178829,       43.68,
 139.302162,   35.178829,       43.66,
 139.306667,   35.178829,       43.72,
 139.311171,   35.178829,       43.90,
 139.315676,   35.178829,       44.16,
 139.320180,   35.178829,       44.44,
 139.324685,   35.178829,       44.72,
 139.329189,   35.178829,       45.00,
 139.333694,   35.178829,       45.27,
 139.338198,   35.178829,       45.55,
 139.342703,   35.178829,       45.83,
 139.347207,   35.178829,       46.14,
 139.351712,   35.178829,       46.49,
 139.356216,   35.178829,       46.84,
 139.360721,   35.178829,       47.20,
 139.365225,   35.178829,       47.56,
 139.369730,   35.178829,       47.91,
 139.374234,   35.178829,       48.27,
 139.378739,   35.178829,       48.62,
 139.383243,   35.178829,       48.93,
 139.387748,   35.178829,       49.17,
 139.392252,   35.178829,       49.39,
 139.396757,   35.178829,       49.61,
 139.401261,   35.178829,       49.83,
 139.405766,   35.178829,       50.05,
 139.410270,   35.178829,       50.28,
 139.414775,   35.178829,       50.55,
 139.419279,   35.178829,       50.80,
 139.423784,   35.178829,       51.06,
 139.428288,   35.178829,       51.32,
 139.432793,   35.178829,       51.57,
 139.437297,   35.178829,       51.85,
 139.441802,   35.178829,       52.24,
 139.446306,   35.178829,       52.73,
 139.450811,   35.178829,       53.28,
 139.455315,   35.178829,       53.83,
 139.459820,   35.178829,       54.38,
 139.464324,   35.178829,       54.94,
 139.468829,   35.178829,       55.50,
 139.473333,   35.178829,       56.08,
 139.477838,   35.178829,       56.41,
 139.482342,   35.178829,       56.67,
 139.486847,   35.178829,       56.91,
 139.491351,   35.178829,       57.13,
 139.495856,   35.178829,       57.31,
 139.500360,   35.178829,       57.47,
 139.504865,   35.178829,       57.59,
 139.509369,   35.178829,       57.58,
 139.513874,   35.178829,       57.50,
 139.518378,   35.178829,       57.41,
 139.522883,   35.178829,       57.32,
 139.527387,   35.178829,       57.45,
 139.531892,   35.178829,       58.23,
 139.536396,   35.178829,       59.13,
 139.540901,   35.178829,       60.02,
 139.545405,   35.178829,       60.94,
 139.549910,   35.178829,       61.80,
 139.554414,   35.178829,       62.50,
 139.558919,   35.178829,       63.11,
 139.563423,   35.178829,       63.65,
 139.567928,   35.178829,       63.80,
 139.572432,   35.178829,       63.87,
 139.576937,   35.178829,       64.12,
 139.581441,   35.178829,       65.16,
 139.585946,   35.178829,       66.43,
 139.590450,   35.178829,       69.85,
 139.594955,   35.178829,       74.56,
 139.599459,   35.178829,       80.11,
 139.603964,   35.178829,       87.43,
 139.608468,   35.178829,       94.32,
 139.612973,   35.178829,      102.05,
 139.617477,   35.178829,      102.05,
 139.621982,   35.178829,      103.21,
 139.626486,   35.178829,      103.21,
 139.630991,   35.178829,       96.35,
 139.635495,   35.178829,       89.90,
 139.640000,   35.178829,       83.80,
 139.644505,   35.178829,       77.98,
 139.649009,   35.178829,       72.38,
 139.653514,   35.178829,       66.66,
 139.658018,   35.178829,       63.62,
 139.662523,   35.178829,       63.39,
 139.667027,   35.178829,       63.16,
 139.671532,   35.178829,       63.30,
 139.676036,   35.178829,       63.33,
 139.680541,   35.178829,       62.79,
 139.685045,   35.178829,       61.76,
 139.689550,   35.178829,       60.44,
 139.694054,   35.178829,       57.88,
 139.698559,   35.178829,       54.78,
 139.703063,   35.178829,       52.45,
 139.707568,   35.178829,       51.59,
 139.712072,   35.178829,       51.36,
 139.716577,   35.178829,       51.56,
 139.721081,   35.178829,       52.91,
 139.725586,   35.178829,       55.19,
 139.730090,   35.178829,       57.77,
 139.734595,   35.178829,       60.32,
 139.739099,   35.178829,       62.54,
 139.743604,   35.178829,       64.60,
 139.748108,   35.178829,       66.25,
 139.752613,   35.178829,       67.30,
 139.757117,   35.178829,       68.14,
 139.761622,   35.178829,       69.02,
 139.766126,   35.178829,       70.00,
 139.770631,   35.178829,       71.37,
 139.775135,   35.178829,       73.94,
 139.779640,   35.178829,       77.35,
 139.784144,   35.178829,       81.09,
 139.788649,   35.178829,       85.57,
 139.793153,   35.178829,       91.78,
 139.797658,   35.178829,       99.14,
 139.802162,   35.178829,      105.07,
 139.806667,   35.178829,      105.07,
 139.811171,   35.178829,      105.07,
 139.815676,   35.178829,      104.67,
 139.820180,   35.178829,      104.67,
 139.824685,   35.178829,      104.67,
 139.829189,   35.178829,      104.67,
 139.833694,   35.178829,       99.05,
 139.838198,   35.178829,       94.81,
 139.842703,   35.178829,       92.19,
 139.847207,   35.178829,       90.07,
 139.851712,   35.178829,       87.94,
 139.856216,   35.178829,       86.05,
 139.860721,   35.178829,       84.24,
 139.865225,   35.178829,       82.52,
 139.869730,   35.178829,       80.92,
 139.874234,   35.178829,       79.41,
 139.878739,   35.178829,       77.96,
 139.883243,   35.178829,       76.57,
 139.887748,   35.178829,       75.28,
 139.892252,   35.178829,       74.08,
 139.896757,   35.178829,       72.96,
 139.901261,   35.178829,       71.93,
 139.905766,   35.178829,       70.96,
 139.910270,   35.178829,       70.02,
 139.914775,   35.178829,       69.11,
 139.919279,   35.178829,       68.23,
 139.923784,   35.178829,       67.36,
 139.928288,   35.178829,       66.51,
 139.932793,   35.178829,       65.68,
 139.937297,   35.178829,       64.86,
 139.941802,   35.178829,       64.06,
 139.946306,   35.178829,       63.28,
 139.950811,   35.178829,       62.52,
 139.955315,   35.178829,       61.77,
 139.959820,   35.178829,       61.05,
 139.964324,   35.178829,       60.34,
 139.968829,   35.178829,       59.65,
 139.973333,   35.178829,       58.98,
 139.977838,   35.178829,       58.32,
 139.982342,   35.178829,       57.69,
 139.986847,   35.178829,       57.07,
 139.991351,   35.178829,       56.47,
 139.995856,   35.178829,       55.89,
 140.000360,   35.178829,       55.33,
 140.004865,   35.178829,       54.79,
 140.009369,   35.178829,       54.26,
 140.013874,   35.178829,       53.76,
 140.018378,   35.178829,       53.29,
 140.022883,   35.178829,       52.83,
 140.027387,   35.178829,       52.39,
 140.031892,   35.178829,       51.98,
 140.036396,   35.178829,       51.60,
 140.040901,   35.178829,       51.24,
 140.045405,   35.178829,       50.91,
 140.049910,   35.178829,       50.61,
 140.054414,   35.178829,       50.32,
 140.058919,   35.178829,       50.06,
 140.063423,   35.178829,       49.81,
 140.067928,   35.178829,       49.58,
 140.072432,   35.178829,       49.36,
 140.076937,   35.178829,       49.16,
 140.081441,   35.178829,       48.97,
 140.085946,   35.178829,       48.78,
 140.090450,   35.178829,       48.60,
 140.094955,   35.178829,       48.42,
 140.099459,   35.178829,       48.25,
 140.103964,   35.178829,       48.08,
 140.108468,   35.178829,       47.93,
 140.112973,   35.178829,       47.77,
 140.117477,   35.178829,       47.63,
 140.121982,   35.178829,       47.49,
 140.126486,   35.178829,       47.35,
 140.130991,   35.178829,       47.23,
 140.135495,   35.178829,       47.10,
 140.140000,   35.178829,       46.99,
 140.144505,   35.178829,       46.89,
 140.149009,   35.178829,       46.79,
 140.153514,   35.178829,       46.70,
 140.158018,   35.178829,       46.61,
 140.162523,   35.178829,       46.54,
 140.167027,   35.178829,       46.47,
 140.171532,   35.178829,       46.41,
 140.176036,   35.178829,       46.36,
 140.180541,   35.178829,       46.31,
 140.185045,   35.178829,       46.27,
 140.189550,   35.178829,       46.24,
 140.194054,   35.178829,       46.21,
 140.198559,   35.178829,       46.18,
 140.203063,   35.178829,       46.15,
 140.207568,   35.178829,       46.12,
 140.212072,   35.178829,       46.10,
 140.216577,   35.178829,       46.08,
 140.221081,   35.178829,       46.06,
 140.225586,   35.178829,       46.04,
 140.230090,   35.178829,       46.02,
 140.234595,   35.178829,       46.00,
 140.239099,   35.178829,       45.98,
 140.243604,   35.178829,       45.96,
 140.248108,   35.178829,       45.94,
 140.252613,   35.178829,       45.92,
 140.257117,   35.178829,       45.90,
 140.261622,   35.178829,       45.88,
 140.266126,   35.178829,       45.86,
 140.270631,   35.178829,       45.84,
 140.275135,   35.178829,       45.82,
 140.279640,   35.178829,       45.80,
 140.284144,   35.178829,       45.78,
 140.288649,   35.178829,       45.76,
 140.293153,   35.178829,       45.74,
 140.297658,   35.178829,       45.72,
 140.302162,   35.178829,       45.70,
 140.306667,   35.178829,       45.68,
 140.311171,   35.178829,       45.66,
 140.315676,   35.178829,       45.65,
 140.320180,   35.178829,       45.64,
 140.324685,   35.178829,       45.63,
 140.329189,   35.178829,       45.63,
 140.333694,   35.178829,       45.64,
 140.338198,   35.178829,       45.65,
 140.342703,   35.178829,       45.68,
 140.347207,   35.178829,       45.78,
 140.351712,   35.178829,       45.78,
 140.356216,   35.178829,       45.79,
 140.360721,   35.178829,       45.77,
 140.365225,   35.178829,       45.73,
 140.369730,   35.178829,       45.67,
 140.374234,   35.178829,       45.66,
 140.378739,   35.178829,       45.67,
 140.383243,   35.178829,       45.67,
 140.387748,   35.178829,       45.66,
 139.140000,   35.183333,       62.22,
 139.144505,   35.183333,       60.86,
 139.149009,   35.183333,       59.43,
 139.153514,   35.183333,       57.99,
 139.158018,   35.183333,       56.60,
 139.162523,   35.183333,       55.75,
 139.167027,   35.183333,       54.90,
 139.171532,   35.183333,       54.11,
 139.176036,   35.183333,       53.48,
 139.180541,   35.183333,       52.94,
 139.185045,   35.183333,       52.41,
 139.189550,   35.183333,       51.88,
 139.194054,   35.183333,       51.31,
 139.198559,   35.183333,       50.72,
 139.203063,   35.183333,       50.13,
 139.207568,   35.183333,       49.53,
 139.212072,   35.183333,       48.91,
 139.216577,   35.183333,       48.28,
 139.221081,   35.183333,       47.67,
 139.225586,   35.183333,       47.36,
 139.230090,   35.183333,       47.02,
 139.234595,   35.183333,       46.68,
 139.239099,   35.183333,       46.33,
 139.243604,   35.183333,       45.98,
 139.248108,   35.183333,       45.61,
 139.252613,   35.183333,       45.24,
 139.257117,   35.183333,       44.89,
 139.261622,   35.183333,       44.58,
 139.266126,   35.183333,       44.41,
 139.270631,   35.183333,       44.33,
 139.275135,   35.183333,       44.28,
 139.279640,   35.183333,       44.24,
 139.284144,   35.183333,       44.20,
 139.288649,   35.183333,       44.15,
 139.293153,   35.183333,       44.08,
 139.297658,   35.183333,       44.01,
 139.302162,   35.183333,       43.94,
 139.306667,   35.183333,       43.96,
 139.311171,   35.183333,       44.24,
 139.315676,   35.183333,       44.55,
 139.320180,   35.183333,       44.85,
 139.324685,   35.183333,       45.13,
 139.329189,   35.183333,       45.41,
 139.333694,   35.183333,       45.67,
 139.338198,   35.183333,       45.93,
 139.342703,   35.183333,       46.18,
 139.347207,   35.183333,       46.43,
 139.351712,   35.183333,       46.79,
 139.356216,   35.183333,       47.16,
 139.360721,   35.183333,       47.52,
 139.365225,   35.183333,       47.87,
 139.369730,   35.183333,       48.22,
 139.374234,   35.183333,       48.56,
 139.378739,   35.183333,       48.91,
 139.383243,   35.183333,       49.21,
 139.387748,   35.183333,       49.46,
 139.392252,   35.183333,       49.67,
 139.396757,   35.183333,       49.88,
 139.401261,   35.183333,       50.09,
 139.405766,   35.183333,       50.30,
 139.410270,   35.183333,       50.52,
 139.414775,   35.183333,       50.76,
 139.419279,   35.183333,       51.00,
 139.423784,   35.183333,       51.25,
 139.428288,   35.183333,       51.50,
 139.432793,   35.183333,       51.75,
 139.437297,   35.183333,       52.02,
 139.441802,   35.183333,       52.39,
 139.446306,   35.183333,       52.86,
 139.450811,   35.183333,       53.40,
 139.455315,   35.183333,       53.94,
 139.459820,   35.183333,       54.48,
 139.464324,   35.183333,       55.02,
 139.468829,   35.183333,       55.57,
 139.473333,   35.183333,       56.07,
 139.477838,   35.183333,       56.42,
 139.482342,   35.183333,       56.67,
 139.486847,   35.183333,       56.91,
 139.491351,   35.183333,       57.14,
 139.495856,   35.183333,       57.34,
 139.500360,   35.183333,       57.51,
 139.504865,   35.183333,       57.61,
 139.509369,   35.183333,       57.59,
 139.513874,   35.183333,       57.53,
 139.518378,   35.183333,       57.46,
 139.522883,   35.183333,       57.39,
 139.527387,   35.183333,       57.70,
 139.531892,   35.183333,       58.51,
 139.536396,   35.183333,       59.40,
 139.540901,   35.183333,       60.29,
 139.545405,   35.183333,       61.18,
 139.549910,   35.183333,       61.89,
 139.554414,   35.183333,       62.55,
 139.558919,   35.183333,       63.19,
 139.563423,   35.183333,       63.70,
 139.567928,   35.183333,       63.64,
 139.572432,   35.183333,       63.50,
 139.576937,   35.183333,       63.55,
 139.581441,   35.183333,       64.91,
 139.585946,   35.183333,       66.95,
 139.590450,   35.183333,       70.38,
 139.594955,   35.183333,       75.35,
 139.599459,   35.183333,       81.11,
 139.603964,   35.183333,       87.35,
 139.608468,   35.183333,       93.83,
 139.612973,   35.183333,      101.62,
 139.617477,   35.183333,      101.62,
 139.621982,   35.183333,      101.80,
 139.626486,   35.183333,      101.80,
 139.630991,   35.183333,       95.39,
 139.635495,   35.183333,       89.02,
 139.640000,   35.183333,       82.85,
 139.644505,   35.183333,       76.89,
 139.649009,   35.183333,       70.94,
 139.653514,   35.183333,       64.81,
 139.658018,   35.183333,       61.67,
 139.662523,   35.183333,       61.07,
 139.667027,   35.183333,       60.58,
 139.671532,   35.183333,       60.99,
 139.676036,   35.183333,       61.53,
 139.680541,   35.183333,       61.66,
 139.685045,   35.183333,       60.65,
 139.689550,   35.183333,       59.41,
 139.694054,   35.183333,       57.87,
 139.698559,   35.183333,       55.48,
 139.703063,   35.183333,       53.69,
 139.707568,   35.183333,       52.46,
 139.712072,   35.183333,       52.06,
 139.716577,   35.183333,       52.51,
 139.721081,   35.183333,       53.38,
 139.725586,   35.183333,       55.14,
 139.730090,   35.183333,       57.78,
 139.734595,   35.183333,       60.54,
 139.739099,   35.183333,       63.06,
 139.743604,   35.183333,       64.86,
 139.748108,   35.183333,       66.62,
 139.752613,   35.183333,       68.18,
 139.757117,   35.183333,       69.01,
 139.761622,   35.183333,       69.86,
 139.766126,   35.183333,       70.77,
 139.770631,   35.183333,       72.96,
 139.775135,   35.183333,       76.09,
 139.779640,   35.183333,       79.63,
 139.784144,   35.183333,       83.75,
 139.788649,   35.183333,       88.64,
 139.793153,   35.183333,       94.12,
 139.797658,   35.183333,       99.35,
 139.802162,   35.183333,      102.11,
 139.806667,   35.183333,      104.54,
 139.811171,   35.183333,      104.54,
 139.815676,   35.183333,      104.54,
 139.820180,   35.183333,      102.95,
 139.824685,   35.183333,      102.95,
 139.829189,   35.183333,      102.95,
 139.833694,   35.183333,       97.22,
 139.838198,   35.183333,       92.95,
 139.842703,   35.183333,       90.13,
 139.847207,   35.183333,       88.22,
 139.851712,   35.183333,       86.26,
 139.856216,   35.183333,       84.38,
 139.860721,   35.183333,       82.61,
 139.865225,   35.183333,       80.95,
 139.869730,   35.183333,       79.41,
 139.874234,   35.183333,       77.96,
 139.878739,   35.183333,       76.57,
 139.883243,   35.183333,       75.26,
 139.887748,   35.183333,       74.07,
 139.892252,   35.183333,       72.96,
 139.896757,   35.183333,       71.95,
 139.901261,   35.183333,       71.02,
 139.905766,   35.183333,       70.12,
 139.910270,   35.183333,       69.26,
 139.914775,   35.183333,       68.41,
 139.919279,   35.183333,       67.58,
 139.923784,   35.183333,       66.76,
 139.928288,   35.183333,       65.96,
 139.932793,   35.183333,       65.17,
 139.937297,   35.183333,       64.40,
 139.941802,   35.183333,       63.64,
 139.946306,   35.183333,       62.89,
 139.950811,   35.183333,       62.17,
 139.955315,   35.183333,       61.46,
 139.959820,   35.183333,       60.76,
 139.964324,   35.183333,       60.09,
 139.968829,   35.183333,       59.43,
 139.973333,   35.183333,       58.78,
 139.977838,   35.183333,       58.15,
 139.982342,   35.183333,       57.54,
 139.986847,   35.183333,       56.95,
 139.991351,   35.183333,       56.37,
 139.995856,   35.183333,       55.81,
 140.000360,   35.183333,       55.26,
 140.004865,   35.183333,       54.74,
 140.009369,   35.183333,       54.24,
 140.013874,   35.183333,       53.76,
 140.018378,   35.183333,       53.30,
 140.022883,   35.183333,       52.85,
 140.027387,   35.183333,       52.44,
 140.031892,   35.183333,       52.04,
 140.036396,   35.183333,       51.68,
 140.040901,   35.183333,       51.34,
 140.045405,   35.183333,       51.03,
 140.049910,   35.183333,       50.73,
 140.054414,   35.183333,       50.46,
 140.058919,   35.183333,       50.20,
 140.063423,   35.183333,       49.96,
 140.067928,   35.183333,       49.74,
 140.072432,   35.183333,       49.53,
 140.076937,   35.183333,       49.33,
 140.081441,   35.183333,       49.14,
 140.085946,   35.183333,       48.95,
 140.090450,   35.183333,       48.77,
 140.094955,   35.183333,       48.60,
 140.099459,   35.183333,       48.43,
 140.103964,   35.183333,       48.27,
 140.108468,   35.183333,       48.11,
 140.112973,   35.183333,       47.96,
 140.117477,   35.183333,       47.82,
 140.121982,   35.183333,       47.68,
 140.126486,   35.183333,       47.54,
 140.130991,   35.183333,       47.42,
 140.135495,   35.183333,       47.30,
 140.140000,   35.183333,       47.19,
 140.144505,   35.183333,       47.08,
 140.149009,   35.183333,       46.98,
 140.153514,   35.183333,       46.89,
 140.158018,   35.183333,       46.81,
 140.162523,   35.183333,       46.73,
 140.167027,   35.183333,       46.66,
 140.171532,   35.183333,       46.60,
 140.176036,   35.183333,       46.54,
 140.180541,   35.183333,       46.49,
 140.185045,   35.183333,       46.45,
 140.189550,   35.183333,       46.41,
 140.194054,   35.183333,       46.38,
 140.198559,   35.183333,       46.35,
 140.203063,   35.183333,       46.32,
 140.207568,   35.183333,       46.29,
 140.212072,   35.183333,       46.27,
 140.216577,   35.183333,       46.25,
 140.221081,   35.183333,       46.22,
 140.225586,   35.183333,       46.21,
 140.230090,   35.183333,       46.19,
 140.234595,   35.183333,       46.17,
 140.239099,   35.183333,       46.15,
 140.243604,   35.183333,       46.13,
 140.248108,   35.183333,       46.11,
 140.252613,   35.183333,       46.10,
 140.257117,   35.183333,       46.08,
 140.261622,   35.183333,       46.06,
 140.266126,   35.183333,       46.04,
 140.270631,   35.183333,       46.02,
 140.275135,   35.183333,       46.01,
 140.279640,   35.183333,       45.99,
 140.284144,   35.183333,       45.98,
 140.288649,   35.183333,       45.96,
 140.293153,   35.183333,       45.95,
 140.297658,   35.183333,       45.93,
 140.302162,   35.183333,       45.92,
 140.306667,   35.183333,       45.90,
 140.311171,   35.183333,       45.89,
 140.315676,   35.183333,       45.87,
 140.320180,   35.183333,       45.86,
 140.324685,   35.183333,       45.85,
 140.329189,   35.183333,       45.84,
 140.333694,   35.183333,       45.84,
 140.338198,   35.183333,       45.83,
 140.342703,   35.183333,       45.82,
 140.347207,   35.183333,       45.83,
 140.351712,   35.183333,       45.87,
 140.356216,   35.183333,       45.87,
 140.360721,   35.183333,       45.86,
 140.365225,   35.183333,       45.87,
 140.369730,   35.183333,       45.86,
 140.374234,   35.183333,       45.97,
 140.378739,   35.183333,       46.04,
 140.383243,   35.183333,       46.05,
 140.387748,   35.183333,       46.01,
 139.140000,   35.187838,       62.02,
 139.144505,   35.187838,       60.76,
 139.149009,   35.187838,       59.43,
 139.153514,   35.187838,       58.17,
 139.158018,   35.187838,       56.96,
 139.162523,   35.187838,       55.95,
 139.167027,   35.187838,       55.12,
 139.171532,   35.187838,       54.44,
 139.176036,   35.187838,       53.83,
 139.180541,   35.187838,       53.27,
 139.185045,   35.187838,       52.71,
 139.189550,   35.187838,       52.17,
 139.194054,   35.187838,       51.60,
 139.198559,   35.187838,       51.02,
 139.203063,   35.187838,       50.42,
 139.207568,   35.187838,       49.82,
 139.212072,   35.187838,       49.21,
 139.216577,   35.187838,       48.61,
 139.221081,   35.187838,       48.11,
 139.225586,   35.187838,       47.74,
 139.230090,   35.187838,       47.40,
 139.234595,   35.187838,       47.06,
 139.239099,   35.187838,       46.71,
 139.243604,   35.187838,       46.35,
 139.248108,   35.187838,       45.98,
 139.252613,   35.187838,       45.60,
 139.257117,   35.187838,       45.21,
 139.261622,   35.187838,       44.82,
 139.266126,   35.187838,       44.68,
 139.270631,   35.187838,       44.66,
 139.275135,   35.187838,       44.65,
 139.279640,   35.187838,       44.62,
 139.284144,   35.187838,       44.58,
 139.288649,   35.187838,       44.53,
 139.293153,   35.187838,       44.47,
 139.297658,   35.187838,       44.40,
 139.302162,   35.187838,       44.33,
 139.306667,   35.187838,       44.40,
 139.311171,   35.187838,       44.68,
 139.315676,   35.187838,       44.98,
 139.320180,   35.187838,       45.28,
 139.324685,   35.187838,       45.57,
 139.329189,   35.187838,       45.84,
 139.333694,   35.187838,       46.11,
 139.338198,   35.187838,       46.36,
 139.342703,   35.187838,       46.61,
 139.347207,   35.187838,       46.85,
 139.351712,   35.187838,       47.16,
 139.356216,   35.187838,       47.51,
 139.360721,   35.187838,       47.86,
 139.365225,   35.187838,       48.21,
 139.369730,   35.187838,       48.54,
 139.374234,   35.187838,       48.87,
 139.378739,   35.187838,       49.20,
 139.383243,   35.187838,       49.50,
 139.387748,   35.187838,       49.74,
 139.392252,   35.187838,       49.94,
 139.396757,   35.187838,       50.13,
 139.401261,   35.187838,       50.33,
 139.405766,   35.187838,       50.53,
 139.410270,   35.187838,       50.72,
 139.414775,   35.187838,       50.94,
 139.419279,   35.187838,       51.19,
 139.423784,   35.187838,       51.43,
 139.428288,   35.187838,       51.67,
 139.432793,   35.187838,       51.92,
 139.437297,   35.187838,       52.17,
 139.441802,   35.187838,       52.52,
 139.446306,   35.187838,       52.98,
 139.450811,   35.187838,       53.50,
 139.455315,   35.187838,       54.03,
 139.459820,   35.187838,       54.55,
 139.464324,   35.187838,       55.08,
 139.468829,   35.187838,       55.60,
 139.473333,   35.187838,       56.07,
 139.477838,   35.187838,       56.43,
 139.482342,   35.187838,       56.70,
 139.486847,   35.187838,       56.94,
 139.491351,   35.187838,       57.19,
 139.495856,   35.187838,       57.42,
 139.500360,   35.187838,       57.59,
 139.504865,   35.187838,       57.66,
 139.509369,   35.187838,       57.63,
 139.513874,   35.187838,       57.58,
 139.518378,   35.187838,       57.51,
 139.522883,   35.187838,       57.43,
 139.527387,   35.187838,       57.91,
 139.531892,   35.187838,       58.77,
 139.536396,   35.187838,       59.63,
 139.540901,   35.187838,       60.50,
 139.545405,   35.187838,       61.33,
 139.549910,   35.187838,       62.03,
 139.554414,   35.187838,       62.69,
 139.558919,   35.187838,       63.33,
 139.563423,   35.187838,       63.76,
 139.567928,   35.187838,       63.45,
 139.572432,   35.187838,       63.13,
 139.576937,   35.187838,       62.83,
 139.581441,   35.187838,       63.70,
 139.585946,   35.187838,       66.12,
 139.590450,   35.187838,       70.21,
 139.594955,   35.187838,       76.36,
 139.599459,   35.187838,       82.42,
 139.603964,   35.187838,       88.48,
 139.608468,   35.187838,       95.97,
 139.612973,   35.187838,      102.97,
 139.617477,   35.187838,      102.97,
 139.621982,   35.187838,       98.92,
 139.626486,   35.187838,       98.92,
 139.630991,   35.187838,       92.71,
 139.635495,   35.187838,       86.66,
 139.640000,   35.187838,       80.75,
 139.644505,   35.187838,       74.97,
 139.649009,   35.187838,       69.24,
 139.653514,   35.187838,       63.36,
 139.658018,   35.187838,       60.05,
 139.662523,   35.187838,       59.42,
 139.667027,   35.187838,       58.84,
 139.671532,   35.187838,       59.00,
 139.676036,   35.187838,       59.51,
 139.680541,   35.187838,       59.97,
 139.685045,   35.187838,       59.39,
 139.689550,   35.187838,       58.27,
 139.694054,   35.187838,       57.02,
 139.698559,   35.187838,       55.66,
 139.703063,   35.187838,       54.00,
 139.707568,   35.187838,       52.73,
 139.712072,   35.187838,       52.32,
 139.716577,   35.187838,       52.75,
 139.721081,   35.187838,       53.59,
 139.725586,   35.187838,       55.09,
 139.730090,   35.187838,       57.56,
 139.734595,   35.187838,       60.30,
 139.739099,   35.187838,       62.94,
 139.743604,   35.187838,       64.97,
 139.748108,   35.187838,       66.73,
 139.752613,   35.187838,       68.49,
 139.757117,   35.187838,       69.75,
 139.761622,   35.187838,       70.64,
 139.766126,   35.187838,       71.90,
 139.770631,   35.187838,       74.24,
 139.775135,   35.187838,       77.36,
 139.779640,   35.187838,       81.16,
 139.784144,   35.187838,       85.82,
 139.788649,   35.187838,       90.79,
 139.793153,   35.187838,       95.19,
 139.797658,   35.187838,       97.74,
 139.802162,   35.187838,      100.18,
 139.806667,   35.187838,      104.18,
 139.811171,   35.187838,      104.18,
 139.815676,   35.187838,      104.18,
 139.820180,   35.187838,      100.86,
 139.824685,   35.187838,      100.86,
 139.829189,   35.187838,      100.86,
 139.833694,   35.187838,       95.05,
 139.838198,   35.187838,       90.85,
 139.842703,   35.187838,       87.80,
 139.847207,   35.187838,       86.17,
 139.851712,   35.187838,       84.50,
 139.856216,   35.187838,       82.71,
 139.860721,   35.187838,       80.99,
 139.865225,   35.187838,       79.38,
 139.869730,   35.187838,       77.91,
 139.874234,   35.187838,       76.53,
 139.878739,   35.187838,       75.21,
 139.883243,   35.187838,       74.01,
 139.887748,   35.187838,       72.91,
 139.892252,   35.187838,       71.91,
 139.896757,   35.187838,       71.01,
 139.901261,   35.187838,       70.16,
 139.905766,   35.187838,       69.33,
 139.910270,   35.187838,       68.53,
 139.914775,   35.187838,       67.74,
 139.919279,   35.187838,       66.96,
 139.923784,   35.187838,       66.19,
 139.928288,   35.187838,       65.44,
 139.932793,   35.187838,       64.69,
 139.937297,   35.187838,       63.95,
 139.941802,   35.187838,       63.23,
 139.946306,   35.187838,       62.52,
 139.950811,   35.187838,       61.83,
 139.955315,   35.187838,       61.15,
 139.959820,   35.187838,       60.49,
 139.964324,   35.187838,       59.84,
 139.968829,   35.187838,       59.21,
 139.973333,   35.187838,       58.59,
 139.977838,   35.187838,       57.99,
 139.982342,   35.187838,       57.40,
 139.986847,   35.187838,       56.82,
 139.991351,   35.187838,       56.27,
 139.995856,   35.187838,       55.73,
 140.000360,   35.187838,       55.21,
 140.004865,   35.187838,       54.70,
 140.009369,   35.187838,       54.22,
 140.013874,   35.187838,       53.75,
 140.018378,   35.187838,       53.31,
 140.022883,   35.187838,       52.88,
 140.027387,   35.187838,       52.49,
 140.031892,   35.187838,       52.11,
 140.036396,   35.187838,       51.77,
 140.040901,   35.187838,       51.45,
 140.045405,   35.187838,       51.14,
 140.049910,   35.187838,       50.86,
 140.054414,   35.187838,       50.60,
 140.058919,   35.187838,       50.35,
 140.063423,   35.187838,       50.11,
 140.067928,   35.187838,       49.90,
 140.072432,   35.187838,       49.69,
 140.076937,   35.187838,       49.50,
 140.081441,   35.187838,       49.31,
 140.085946,   35.187838,       49.12,
 140.090450,   35.187838,       48.94,
 140.094955,   35.187838,       48.77,
 140.099459,   35.187838,       48.61,
 140.103964,   35.187838,       48.45,
 140.108468,   35.187838,       48.29,
 140.112973,   35.187838,       48.14,
 140.117477,   35.187838,       48.00,
 140.121982,   35.187838,       47.86,
 140.126486,   35.187838,       47.73,
 140.130991,   35.187838,       47.61,
 140.135495,   35.187838,       47.49,
 140.140000,   35.187838,       47.38,
 140.144505,   35.187838,       47.27,
 140.149009,   35.187838,       47.17,
 140.153514,   35.187838,       47.08,
 140.158018,   35.187838,       47.00,
 140.162523,   35.187838,       46.92,
 140.167027,   35.187838,       46.85,
 140.171532,   35.187838,       46.78,
 140.176036,   35.187838,       46.73,
 140.180541,   35.187838,       46.67,
 140.185045,   35.187838,       46.63,
 140.189550,   35.187838,       46.59,
 140.194054,   35.187838,       46.56,
 140.198559,   35.187838,       46.53,
 140.203063,   35.187838,       46.50,
 140.207568,   35.187838,       46.47,
 140.212072,   35.187838,       46.44,
 140.216577,   35.187838,       46.42,
 140.221081,   35.187838,       46.40,
 140.225586,   35.187838,       46.38,
 140.230090,   35.187838,       46.36,
 140.234595,   35.187838,       46.34,
 140.239099,   35.187838,       46.32,
 140.243604,   35.187838,       46.31,
 140.248108,   35.187838,       46.29,
 140.252613,   35.187838,       46.28,
 140.257117,   35.187838,       46.26,
 140.261622,   35.187838,       46.25,
 140.266126,   35.187838,       46.23,
 140.270631,   35.187838,       46.22,
 140.275135,   35.187838,       46.21,
 140.279640,   35.187838,       46.20,
 140.284144,   35.187838,       46.18,
 140.288649,   35.187838,       46.17,
 140.293153,   35.187838,       46.16,
 140.297658,   35.187838,       46.16,
 140.302162,   35.187838,       46.15,
 140.306667,   35.187838,       46.14,
 140.311171,   35.187838,       46.13,
 140.315676,   35.187838,       46.13,
 140.320180,   35.187838,       46.12,
 140.324685,   35.187838,       46.12,
 140.329189,   35.187838,       46.12,
 140.333694,   35.187838,       46.12,
 140.338198,   35.187838,       46.13,
 140.342703,   35.187838,       46.14,
 140.347207,   35.187838,       46.14,
 140.351712,   35.187838,       46.15,
 140.356216,   35.187838,       46.15,
 140.360721,   35.187838,       46.28,
 140.365225,   35.187838,       46.35,
 140.369730,   35.187838,       46.41,
 140.374234,   35.187838,       46.46,
 140.378739,   35.187838,       46.51,
 140.383243,   35.187838,       46.55,
 140.387748,   35.187838,       46.56,
 139.140000,   35.192342,       61.94,
 139.144505,   35.192342,       60.75,
 139.149009,   35.192342,       59.55,
 139.153514,   35.192342,       58.39,
 139.158018,   35.192342,       57.26,
 139.162523,   35.192342,       56.19,
 139.167027,   35.192342,       55.37,
 139.171532,   35.192342,       54.76,
 139.176036,   35.192342,       54.18,
 139.180541,   35.192342,       53.60,
 139.185045,   35.192342,       53.04,
 139.189550,   35.192342,       52.47,
 139.194054,   35.192342,       51.91,
 139.198559,   35.192342,       51.33,
 139.203063,   35.192342,       50.75,
 139.207568,   35.192342,       50.15,
 139.212072,   35.192342,       49.57,
 139.216577,   35.192342,       49.04,
 139.221081,   35.192342,       48.58,
 139.225586,   35.192342,       48.18,
 139.230090,   35.192342,       47.81,
 139.234595,   35.192342,       47.46,
 139.239099,   35.192342,       47.10,
 139.243604,   35.192342,       46.75,
 139.248108,   35.192342,       46.39,
 139.252613,   35.192342,       46.02,
 139.257117,   35.192342,       45.64,
 139.261622,   35.192342,       45.27,
 139.266126,   35.192342,       45.12,
 139.270631,   35.192342,       45.10,
 139.275135,   35.192342,       45.07,
 139.279640,   35.192342,       45.04,
 139.284144,   35.192342,       44.99,
 139.288649,   35.192342,       44.94,
 139.293153,   35.192342,       44.89,
 139.297658,   35.192342,       44.85,
 139.302162,   35.192342,       44.86,
 139.306667,   35.192342,       44.98,
 139.311171,   35.192342,       45.19,
 139.315676,   35.192342,       45.46,
 139.320180,   35.192342,       45.73,
 139.324685,   35.192342,       46.02,
 139.329189,   35.192342,       46.29,
 139.333694,   35.192342,       46.56,
 139.338198,   35.192342,       46.81,
 139.342703,   35.192342,       47.06,
 139.347207,   35.192342,       47.32,
 139.351712,   35.192342,       47.59,
 139.356216,   35.192342,       47.90,
 139.360721,   35.192342,       48.24,
 139.365225,   35.192342,       48.57,
 139.369730,   35.192342,       48.89,
 139.374234,   35.192342,       49.20,
 139.378739,   35.192342,       49.51,
 139.383243,   35.192342,       49.81,
 139.387748,   35.192342,       50.02,
 139.392252,   35.192342,       50.20,
 139.396757,   35.192342,       50.38,
 139.401261,   35.192342,       50.56,
 139.405766,   35.192342,       50.74,
 139.410270,   35.192342,       50.92,
 139.414775,   35.192342,       51.13,
 139.419279,   35.192342,       51.37,
 139.423784,   35.192342,       51.61,
 139.428288,   35.192342,       51.85,
 139.432793,   35.192342,       52.09,
 139.437297,   35.192342,       52.33,
 139.441802,   35.192342,       52.63,
 139.446306,   35.192342,       53.08,
 139.450811,   35.192342,       53.59,
 139.455315,   35.192342,       54.10,
 139.459820,   35.192342,       54.61,
 139.464324,   35.192342,       55.13,
 139.468829,   35.192342,       55.63,
 139.473333,   35.192342,       56.07,
 139.477838,   35.192342,       56.44,
 139.482342,   35.192342,       56.73,
 139.486847,   35.192342,       57.00,
 139.491351,   35.192342,       57.26,
 139.495856,   35.192342,       57.51,
 139.500360,   35.192342,       57.69,
 139.504865,   35.192342,       57.71,
 139.509369,   35.192342,       57.70,
 139.513874,   35.192342,       57.67,
 139.518378,   35.192342,       57.61,
 139.522883,   35.192342,       57.54,
 139.527387,   35.192342,       58.17,
 139.531892,   35.192342,       59.01,
 139.536396,   35.192342,       59.86,
 139.540901,   35.192342,       60.70,
 139.545405,   35.192342,       61.49,
 139.549910,   35.192342,       62.19,
 139.554414,   35.192342,       62.79,
 139.558919,   35.192342,       63.43,
 139.563423,   35.192342,       63.66,
 139.567928,   35.192342,       63.19,
 139.572432,   35.192342,       62.78,
 139.576937,   35.192342,       61.92,
 139.581441,   35.192342,       61.38,
 139.585946,   35.192342,       63.40,
 139.590450,   35.192342,       70.07,
 139.594955,   35.192342,       78.22,
 139.599459,   35.192342,       84.72,
 139.603964,   35.192342,       92.19,
 139.608468,   35.192342,       99.46,
 139.612973,   35.192342,       99.46,
 139.617477,   35.192342,      100.91,
 139.621982,   35.192342,      100.91,
 139.626486,   35.192342,       95.05,
 139.630991,   35.192342,       89.46,
 139.635495,   35.192342,       84.02,
 139.640000,   35.192342,       78.66,
 139.644505,   35.192342,       73.36,
 139.649009,   35.192342,       68.26,
 139.653514,   35.192342,       63.47,
 139.658018,   35.192342,       59.80,
 139.662523,   35.192342,       58.22,
 139.667027,   35.192342,       57.76,
 139.671532,   35.192342,       57.59,
 139.676036,   35.192342,       57.69,
 139.680541,   35.192342,       58.00,
 139.685045,   35.192342,       57.89,
 139.689550,   35.192342,       57.14,
 139.694054,   35.192342,       55.94,
 139.698559,   35.192342,       54.72,
 139.703063,   35.192342,       53.36,
 139.707568,   35.192342,       52.41,
 139.712072,   35.192342,       52.19,
 139.716577,   35.192342,       52.34,
 139.721081,   35.192342,       53.38,
 139.725586,   35.192342,       55.06,
 139.730090,   35.192342,       57.23,
 139.734595,   35.192342,       59.75,
 139.739099,   35.192342,       62.24,
 139.743604,   35.192342,       64.86,
 139.748108,   35.192342,       66.73,
 139.752613,   35.192342,       68.44,
 139.757117,   35.192342,       70.20,
 139.761622,   35.192342,       71.52,
 139.766126,   35.192342,       73.12,
 139.770631,   35.192342,       75.09,
 139.775135,   35.192342,       78.02,
 139.779640,   35.192342,       81.89,
 139.784144,   35.192342,       86.84,
 139.788649,   35.192342,       91.80,
 139.793153,   35.192342,       92.76,
 139.797658,   35.192342,       95.12,
 139.802162,   35.192342,       99.06,
 139.806667,   35.192342,      100.36,
 139.811171,   35.192342,      100.36,
 139.815676,   35.192342,      100.36,
 139.820180,   35.192342,       98.36,
 139.824685,   35.192342,       98.36,
 139.829189,   35.192342,       98.36,
 139.833694,   35.192342,       92.42,
 139.838198,   35.192342,       88.40,
 139.842703,   35.192342,       85.31,
 139.847207,   35.192342,       83.87,
 139.851712,   35.192342,       82.54,
 139.856216,   35.192342,       81.01,
 139.860721,   35.192342,       79.38,
 139.865225,   35.192342,       77.84,
 139.869730,   35.192342,       76.44,
 139.874234,   35.192342,       75.12,
 139.878739,   35.192342,       73.88,
 139.883243,   35.192342,       72.80,
 139.887748,   35.192342,       71.81,
 139.892252,   35.192342,       70.93,
 139.896757,   35.192342,       70.12,
 139.901261,   35.192342,       69.34,
 139.905766,   35.192342,       68.58,
 139.910270,   35.192342,       67.84,
 139.914775,   35.192342,       67.10,
 139.919279,   35.192342,       66.37,
 139.923784,   35.192342,       65.65,
 139.928288,   35.192342,       64.93,
 139.932793,   35.192342,       64.22,
 139.937297,   35.192342,       63.52,
 139.941802,   35.192342,       62.84,
 139.946306,   35.192342,       62.17,
 139.950811,   35.192342,       61.51,
 139.955315,   35.192342,       60.86,
 139.959820,   35.192342,       60.23,
 139.964324,   35.192342,       59.61,
 139.968829,   35.192342,       59.00,
 139.973333,   35.192342,       58.41,
 139.977838,   35.192342,       57.83,
 139.982342,   35.192342,       57.26,
 139.986847,   35.192342,       56.71,
 139.991351,   35.192342,       56.17,
 139.995856,   35.192342,       55.65,
 140.000360,   35.192342,       55.15,
 140.004865,   35.192342,       54.67,
 140.009369,   35.192342,       54.20,
 140.013874,   35.192342,       53.75,
 140.018378,   35.192342,       53.32,
 140.022883,   35.192342,       52.92,
 140.027387,   35.192342,       52.54,
 140.031892,   35.192342,       52.19,
 140.036396,   35.192342,       51.86,
 140.040901,   35.192342,       51.55,
 140.045405,   35.192342,       51.26,
 140.049910,   35.192342,       50.99,
 140.054414,   35.192342,       50.73,
 140.058919,   35.192342,       50.49,
 140.063423,   35.192342,       50.26,
 140.067928,   35.192342,       50.05,
 140.072432,   35.192342,       49.85,
 140.076937,   35.192342,       49.66,
 140.081441,   35.192342,       49.47,
 140.085946,   35.192342,       49.29,
 140.090450,   35.192342,       49.11,
 140.094955,   35.192342,       48.94,
 140.099459,   35.192342,       48.78,
 140.103964,   35.192342,       48.62,
 140.108468,   35.192342,       48.47,
 140.112973,   35.192342,       48.33,
 140.117477,   35.192342,       48.18,
 140.121982,   35.192342,       48.05,
 140.126486,   35.192342,       47.92,
 140.130991,   35.192342,       47.80,
 140.135495,   35.192342,       47.68,
 140.140000,   35.192342,       47.57,
 140.144505,   35.192342,       47.46,
 140.149009,   35.192342,       47.36,
 140.153514,   35.192342,       47.27,
 140.158018,   35.192342,       47.19,
 140.162523,   35.192342,       47.11,
 140.167027,   35.192342,       47.04,
 140.171532,   35.192342,       46.97,
 140.176036,   35.192342,       46.91,
 140.180541,   35.192342,       46.86,
 140.185045,   35.192342,       46.81,
 140.189550,   35.192342,       46.77,
 140.194054,   35.192342,       46.73,
 140.198559,   35.192342,       46.70,
 140.203063,   35.192342,       46.67,
 140.207568,   35.192342,       46.64,
 140.212072,   35.192342,       46.61,
 140.216577,   35.192342,       46.59,
 140.221081,   35.192342,       46.57,
 140.225586,   35.192342,       46.55,
 140.230090,   35.192342,       46.53,
 140.234595,   35.192342,       46.51,
 140.239099,   35.192342,       46.50,
 140.243604,   35.192342,       46.49,
 140.248108,   35.192342,       46.47,
 140.252613,   35.192342,       46.46,
 140.257117,   35.192342,       46.45,
 140.261622,   35.192342,       46.44,
 140.266126,   35.192342,       46.43,
 140.270631,   35.192342,       46.42,
 140.275135,   35.192342,       46.41,
 140.279640,   35.192342,       46.40,
 140.284144,   35.192342,       46.40,
 140.288649,   35.192342,       46.39,
 140.293153,   35.192342,       46.39,
 140.297658,   35.192342,       46.38,
 140.302162,   35.192342,       46.38,
 140.306667,   35.192342,       46.38,
 140.311171,   35.192342,       46.38,
 140.315676,   35.192342,       46.38,
 140.320180,   35.192342,       46.38,
 140.324685,   35.192342,       46.38,
 140.329189,   35.192342,       46.39,
 140.333694,   35.192342,       46.40,
 140.338198,   35.192342,       46.42,
 140.342703,   35.192342,       46.44,
 140.347207,   35.192342,       46.47,
 140.351712,   35.192342,       46.49,
 140.356216,   35.192342,       46.52,
 140.360721,   35.192342,       46.57,
 140.365225,   35.192342,       46.71,
 140.369730,   35.192342,       46.85,
 140.374234,   35.192342,       46.98,
 140.378739,   35.192342,       47.07,
 140.383243,   35.192342,       47.12,
 140.387748,   35.192342,       47.13,
 139.140000,   35.196847,       61.91,
 139.144505,   35.196847,       60.81,
 139.149009,   35.196847,       59.70,
 139.153514,   35.196847,       58.60,
 139.158018,   35.196847,       57.50,
 139.162523,   35.196847,       56.43,
 139.167027,   35.196847,       55.68,
 139.171532,   35.196847,       55.09,
 139.176036,   35.196847,       54.52,
 139.180541,   35.196847,       53.94,
 139.185045,   35.196847,       53.37,
 139.189550,   35.196847,       52.80,
 139.194054,   35.196847,       52.24,
 139.198559,   35.196847,       51.67,
 139.203063,   35.196847,       51.09,
 139.207568,   35.196847,       50.50,
 139.212072,   35.196847,       49.97,
 139.216577,   35.196847,       49.49,
 139.221081,   35.196847,       49.05,
 139.225586,   35.196847,       48.64,
 139.230090,   35.196847,       48.25,
 139.234595,   35.196847,       47.88,
 139.239099,   35.196847,       47.52,
 139.243604,   35.196847,       47.18,
 139.248108,   35.196847,       46.83,
 139.252613,   35.196847,       46.48,
 139.257117,   35.196847,       46.14,
 139.261622,   35.196847,       45.84,
 139.266126,   35.196847,       45.66,
 139.270631,   35.196847,       45.59,
 139.275135,   35.196847,       45.54,
 139.279640,   35.196847,       45.49,
 139.284144,   35.196847,       45.43,
 139.288649,   35.196847,       45.38,
 139.293153,   35.196847,       45.34,
 139.297658,   35.196847,       45.35,
 139.302162,   35.196847,       45.42,
 139.306667,   35.196847,       45.56,
 139.311171,   35.196847,       45.74,
 139.315676,   35.196847,       45.97,
 139.320180,   35.196847,       46.22,
 139.324685,   35.196847,       46.49,
 139.329189,   35.196847,       46.76,
 139.333694,   35.196847,       47.02,
 139.338198,   35.196847,       47.28,
 139.342703,   35.196847,       47.53,
 139.347207,   35.196847,       47.78,
 139.351712,   35.196847,       48.04,
 139.356216,   35.196847,       48.33,
 139.360721,   35.196847,       48.64,
 139.365225,   35.196847,       48.95,
 139.369730,   35.196847,       49.26,
 139.374234,   35.196847,       49.55,
 139.378739,   35.196847,       49.84,
 139.383243,   35.196847,       50.12,
 139.387748,   35.196847,       50.28,
 139.392252,   35.196847,       50.44,
 139.396757,   35.196847,       50.60,
 139.401261,   35.196847,       50.77,
 139.405766,   35.196847,       50.93,
 139.410270,   35.196847,       51.11,
 139.414775,   35.196847,       51.32,
 139.419279,   35.196847,       51.55,
 139.423784,   35.196847,       51.79,
 139.428288,   35.196847,       52.03,
 139.432793,   35.196847,       52.27,
 139.437297,   35.196847,       52.51,
 139.441802,   35.196847,       52.74,
 139.446306,   35.196847,       53.18,
 139.450811,   35.196847,       53.67,
 139.455315,   35.196847,       54.16,
 139.459820,   35.196847,       54.66,
 139.464324,   35.196847,       55.16,
 139.468829,   35.196847,       55.65,
 139.473333,   35.196847,       56.09,
 139.477838,   35.196847,       56.46,
 139.482342,   35.196847,       56.77,
 139.486847,   35.196847,       57.07,
 139.491351,   35.196847,       57.35,
 139.495856,   35.196847,       57.63,
 139.500360,   35.196847,       57.80,
 139.504865,   35.196847,       57.82,
 139.509369,   35.196847,       57.82,
 139.513874,   35.196847,       57.81,
 139.518378,   35.196847,       57.82,
 139.522883,   35.196847,       57.94,
 139.527387,   35.196847,       58.45,
 139.531892,   35.196847,       59.25,
 139.536396,   35.196847,       60.08,
 139.540901,   35.196847,       60.89,
 139.545405,   35.196847,       61.68,
 139.549910,   35.196847,       62.22,
 139.554414,   35.196847,       62.68,
 139.558919,   35.196847,       63.10,
 139.563423,   35.196847,       63.20,
 139.567928,   35.196847,       62.78,
 139.572432,   35.196847,       62.30,
 139.576937,   35.196847,       61.08,
 139.581441,   35.196847,       59.54,
 139.585946,   35.196847,       60.42,
 139.590450,   35.196847,       68.86,
 139.594955,   35.196847,       78.99,
 139.599459,   35.196847,       78.99,
 139.603964,   35.196847,       78.99,
 139.608468,   35.196847,       95.65,
 139.612973,   35.196847,       95.65,
 139.617477,   35.196847,       95.65,
 139.621982,   35.196847,       95.65,
 139.626486,   35.196847,       90.78,
 139.630991,   35.196847,       86.01,
 139.635495,   35.196847,       81.23,
 139.640000,   35.196847,       76.46,
 139.644505,   35.196847,       71.79,
 139.649009,   35.196847,       67.43,
 139.653514,   35.196847,       63.60,
 139.658018,   35.196847,       60.47,
 139.662523,   35.196847,       58.18,
 139.667027,   35.196847,       56.94,
 139.671532,   35.196847,       56.90,
 139.676036,   35.196847,       56.83,
 139.680541,   35.196847,       56.77,
 139.685045,   35.196847,       56.59,
 139.689550,   35.196847,       56.08,
 139.694054,   35.196847,       55.02,
 139.698559,   35.196847,       53.84,
 139.703063,   35.196847,       52.57,
 139.707568,   35.196847,       51.97,
 139.712072,   35.196847,       51.74,
 139.716577,   35.196847,       51.72,
 139.721081,   35.196847,       52.39,
 139.725586,   35.196847,       54.01,
 139.730090,   35.196847,       56.10,
 139.734595,   35.196847,       58.37,
 139.739099,   35.196847,       60.81,
 139.743604,   35.196847,       63.60,
 139.748108,   35.196847,       66.28,
 139.752613,   35.196847,       68.09,
 139.757117,   35.196847,       69.96,
 139.761622,   35.196847,       71.98,
 139.766126,   35.196847,       73.75,
 139.770631,   35.196847,       75.49,
 139.775135,   35.196847,       77.01,
 139.779640,   35.196847,       80.56,
 139.784144,   35.196847,       84.72,
 139.788649,   35.196847,       85.65,
 139.793153,   35.196847,       85.92,
 139.797658,   35.196847,       87.79,
 139.802162,   35.196847,       89.16,
 139.806667,   35.196847,       90.75,
 139.811171,   35.196847,       95.22,
 139.815676,   35.196847,      100.13,
 139.820180,   35.196847,      100.89,
 139.824685,   35.196847,      100.89,
 139.829189,   35.196847,       95.04,
 139.833694,   35.196847,       89.19,
 139.838198,   35.196847,       85.47,
 139.842703,   35.196847,       82.71,
 139.847207,   35.196847,       81.15,
 139.851712,   35.196847,       80.38,
 139.856216,   35.196847,       79.20,
 139.860721,   35.196847,       77.78,
 139.865225,   35.196847,       76.32,
 139.869730,   35.196847,       74.99,
 139.874234,   35.196847,       73.75,
 139.878739,   35.196847,       72.63,
 139.883243,   35.196847,       71.65,
 139.887748,   35.196847,       70.78,
 139.892252,   35.196847,       70.01,
 139.896757,   35.196847,       69.28,
 139.901261,   35.196847,       68.58,
 139.905766,   35.196847,       67.88,
 139.910270,   35.196847,       67.19,
 139.914775,   35.196847,       66.50,
 139.919279,   35.196847,       65.81,
 139.923784,   35.196847,       65.13,
 139.928288,   35.196847,       64.45,
 139.932793,   35.196847,       63.78,
 139.937297,   35.196847,       63.11,
 139.941802,   35.196847,       62.46,
 139.946306,   35.196847,       61.83,
 139.950811,   35.196847,       61.20,
 139.955315,   35.196847,       60.58,
 139.959820,   35.196847,       59.98,
 139.964324,   35.196847,       59.38,
 139.968829,   35.196847,       58.80,
 139.973333,   35.196847,       58.23,
 139.977838,   35.196847,       57.67,
 139.982342,   35.196847,       57.13,
 139.986847,   35.196847,       56.59,
 139.991351,   35.196847,       56.08,
 139.995856,   35.196847,       55.58,
 140.000360,   35.196847,       55.10,
 140.004865,   35.196847,       54.63,
 140.009369,   35.196847,       54.18,
 140.013874,   35.196847,       53.75,
 140.018378,   35.196847,       53.35,
 140.022883,   35.196847,       52.96,
 140.027387,   35.196847,       52.60,
 140.031892,   35.196847,       52.27,
 140.036396,   35.196847,       51.96,
 140.040901,   35.196847,       51.66,
 140.045405,   35.196847,       51.38,
 140.049910,   35.196847,       51.12,
 140.054414,   35.196847,       50.87,
 140.058919,   35.196847,       50.63,
 140.063423,   35.196847,       50.41,
 140.067928,   35.196847,       50.20,
 140.072432,   35.196847,       50.01,
 140.076937,   35.196847,       49.82,
 140.081441,   35.196847,       49.63,
 140.085946,   35.196847,       49.45,
 140.090450,   35.196847,       49.28,
 140.094955,   35.196847,       49.11,
 140.099459,   35.196847,       48.95,
 140.103964,   35.196847,       48.80,
 140.108468,   35.196847,       48.65,
 140.112973,   35.196847,       48.50,
 140.117477,   35.196847,       48.37,
 140.121982,   35.196847,       48.23,
 140.126486,   35.196847,       48.10,
 140.130991,   35.196847,       47.98,
 140.135495,   35.196847,       47.86,
 140.140000,   35.196847,       47.75,
 140.144505,   35.196847,       47.65,
 140.149009,   35.196847,       47.55,
 140.153514,   35.196847,       47.46,
 140.158018,   35.196847,       47.37,
 140.162523,   35.196847,       47.29,
 140.167027,   35.196847,       47.22,
 140.171532,   35.196847,       47.15,
 140.176036,   35.196847,       47.09,
 140.180541,   35.196847,       47.04,
 140.185045,   35.196847,       46.99,
 140.189550,   35.196847,       46.95,
 140.194054,   35.196847,       46.91,
 140.198559,   35.196847,       46.88,
 140.203063,   35.196847,       46.84,
 140.207568,   35.196847,       46.82,
 140.212072,   35.196847,       46.79,
 140.216577,   35.196847,       46.76,
 140.221081,   35.196847,       46.74,
 140.225586,   35.196847,       46.72,
 140.230090,   35.196847,       46.71,
 140.234595,   35.196847,       46.69,
 140.239099,   35.196847,       46.68,
 140.243604,   35.196847,       46.67,
 140.248108,   35.196847,       46.66,
 140.252613,   35.196847,       46.65,
 140.257117,   35.196847,       46.64,
 140.261622,   35.196847,       46.64,
 140.266126,   35.196847,       46.63,
 140.270631,   35.196847,       46.62,
 140.275135,   35.196847,       46.62,
 140.279640,   35.196847,       46.61,
 140.284144,   35.196847,       46.61,
 140.288649,   35.196847,       46.61,
 140.293153,   35.196847,       46.61,
 140.297658,   35.196847,       46.61,
 140.302162,   35.196847,       46.61,
 140.306667,   35.196847,       46.61,
 140.311171,   35.196847,       46.62,
 140.315676,   35.196847,       46.62,
 140.320180,   35.196847,       46.63,
 140.324685,   35.196847,       46.64,
 140.329189,   35.196847,       46.66,
 140.333694,   35.196847,       46.67,
 140.338198,   35.196847,       46.70,
 140.342703,   35.196847,       46.73,
 140.347207,   35.196847,       46.76,
 140.351712,   35.196847,       46.80,
 140.356216,   35.196847,       46.85,
 140.360721,   35.196847,       46.91,
 140.365225,   35.196847,       46.99,
 140.369730,   35.196847,       47.13,
 140.374234,   35.196847,       47.27,
 140.378739,   35.196847,       47.42,
 140.383243,   35.196847,       47.56,
 140.387748,   35.196847,       47.73,
 139.140000,   35.201351,       61.90,
 139.144505,   35.201351,       60.87,
 139.149009,   35.201351,       59.84,
 139.153514,   35.201351,       58.78,
 139.158018,   35.201351,       57.71,
 139.162523,   35.201351,       56.72,
 139.167027,   35.201351,       56.03,
 139.171532,   35.201351,       55.44,
 139.176036,   35.201351,       54.86,
 139.180541,   35.201351,       54.28,
 139.185045,   35.201351,       53.70,
 139.189550,   35.201351,       53.14,
 139.194054,   35.201351,       52.58,
 139.198559,   35.201351,       52.02,
 139.203063,   35.201351,       51.45,
 139.207568,   35.201351,       50.88,
 139.212072,   35.201351,       50.39,
 139.216577,   35.201351,       49.95,
 139.221081,   35.201351,       49.52,
 139.225586,   35.201351,       49.10,
 139.230090,   35.201351,       48.70,
 139.234595,   35.201351,       48.32,
 139.239099,   35.201351,       47.97,
 139.243604,   35.201351,       47.64,
 139.248108,   35.201351,       47.31,
 139.252613,   35.201351,       46.99,
 139.257117,   35.201351,       46.68,
 139.261622,   35.201351,       46.42,
 139.266126,   35.201351,       46.23,
 139.270631,   35.201351,       46.12,
 139.275135,   35.201351,       46.04,
 139.279640,   35.201351,       45.97,
 139.284144,   35.201351,       45.90,
 139.288649,   35.201351,       45.84,
 139.293153,   35.201351,       45.83,
 139.297658,   35.201351,       45.88,
 139.302162,   35.201351,       45.99,
 139.306667,   35.201351,       46.15,
 139.311171,   35.201351,       46.31,
 139.315676,   35.201351,       46.50,
 139.320180,   35.201351,       46.73,
 139.324685,   35.201351,       46.98,
 139.329189,   35.201351,       47.24,
 139.333694,   35.201351,       47.50,
 139.338198,   35.201351,       47.76,
 139.342703,   35.201351,       48.00,
 139.347207,   35.201351,       48.25,
 139.351712,   35.201351,       48.50,
 139.356216,   35.201351,       48.77,
 139.360721,   35.201351,       49.06,
 139.365225,   35.201351,       49.35,
 139.369730,   35.201351,       49.63,
 139.374234,   35.201351,       49.89,
 139.378739,   35.201351,       50.15,
 139.383243,   35.201351,       50.35,
 139.387748,   35.201351,       50.50,
 139.392252,   35.201351,       50.66,
 139.396757,   35.201351,       50.81,
 139.401261,   35.201351,       50.97,
 139.405766,   35.201351,       51.12,
 139.410270,   35.201351,       51.29,
 139.414775,   35.201351,       51.50,
 139.419279,   35.201351,       51.74,
 139.423784,   35.201351,       51.98,
 139.428288,   35.201351,       52.22,
 139.432793,   35.201351,       52.46,
 139.437297,   35.201351,       52.70,
 139.441802,   35.201351,       52.93,
 139.446306,   35.201351,       53.26,
 139.450811,   35.201351,       53.71,
 139.455315,   35.201351,       54.19,
 139.459820,   35.201351,       54.68,
 139.464324,   35.201351,       55.17,
 139.468829,   35.201351,       55.66,
 139.473333,   35.201351,       56.13,
 139.477838,   35.201351,       56.50,
 139.482342,   35.201351,       56.84,
 139.486847,   35.201351,       57.17,
 139.491351,   35.201351,       57.49,
 139.495856,   35.201351,       57.81,
 139.500360,   35.201351,       57.98,
 139.504865,   35.201351,       57.99,
 139.509369,   35.201351,       57.99,
 139.513874,   35.201351,       58.00,
 139.518378,   35.201351,       58.11,
 139.522883,   35.201351,       58.38,
 139.527387,   35.201351,       58.78,
 139.531892,   35.201351,       59.50,
 139.536396,   35.201351,       60.32,
 139.540901,   35.201351,       61.12,
 139.545405,   35.201351,       61.80,
 139.549910,   35.201351,       62.16,
 139.554414,   35.201351,       62.48,
 139.558919,   35.201351,       62.70,
 139.563423,   35.201351,       62.75,
 139.567928,   35.201351,       62.29,
 139.572432,   35.201351,       61.56,
 139.576937,   35.201351,       60.54,
 139.581441,   35.201351,       59.60,
 139.585946,   35.201351,       60.55,
 139.590450,   35.201351,       64.65,
 139.594955,   35.201351,      102.11,
 139.599459,   35.201351,      102.11,
 139.603964,   35.201351,      102.11,
 139.608468,   35.201351,       99.52,
 139.612973,   35.201351,       99.52,
 139.617477,   35.201351,       99.52,
 139.621982,   35.201351,       91.24,
 139.626486,   35.201351,       86.61,
 139.630991,   35.201351,       82.61,
 139.635495,   35.201351,       78.47,
 139.640000,   35.201351,       74.47,
 139.644505,   35.201351,       70.65,
 139.649009,   35.201351,       67.10,
 139.653514,   35.201351,       64.03,
 139.658018,   35.201351,       61.48,
 139.662523,   35.201351,       59.55,
 139.667027,   35.201351,       57.96,
 139.671532,   35.201351,       56.75,
 139.676036,   35.201351,       56.51,
 139.680541,   35.201351,       56.20,
 139.685045,   35.201351,       55.82,
 139.689550,   35.201351,       55.23,
 139.694054,   35.201351,       54.27,
 139.698559,   35.201351,       53.20,
 139.703063,   35.201351,       52.13,
 139.707568,   35.201351,       51.25,
 139.712072,   35.201351,       50.80,
 139.716577,   35.201351,       50.68,
 139.721081,   35.201351,       50.76,
 139.725586,   35.201351,       51.87,
 139.730090,   35.201351,       54.02,
 139.734595,   35.201351,       56.28,
 139.739099,   35.201351,       58.73,
 139.743604,   35.201351,       61.66,
 139.748108,   35.201351,       64.91,
 139.752613,   35.201351,       67.48,
 139.757117,   35.201351,       69.62,
 139.761622,   35.201351,       71.81,
 139.766126,   35.201351,       73.80,
 139.770631,   35.201351,       75.01,
 139.775135,   35.201351,       75.82,
 139.779640,   35.201351,       77.40,
 139.784144,   35.201351,       78.77,
 139.788649,   35.201351,       77.66,
 139.793153,   35.201351,       76.19,
 139.797658,   35.201351,       77.56,
 139.802162,   35.201351,       78.93,
 139.806667,   35.201351,       78.87,
 139.811171,   35.201351,       80.90,
 139.815676,   35.201351,       86.04,
 139.820180,   35.201351,       89.23,
 139.824685,   35.201351,       90.70,
 139.829189,   35.201351,       89.11,
 139.833694,   35.201351,       85.34,
 139.838198,   35.201351,       81.89,
 139.842703,   35.201351,       79.65,
 139.847207,   35.201351,       77.98,
 139.851712,   35.201351,       77.89,
 139.856216,   35.201351,       77.24,
 139.860721,   35.201351,       76.14,
 139.865225,   35.201351,       74.83,
 139.869730,   35.201351,       73.59,
 139.874234,   35.201351,       72.43,
 139.878739,   35.201351,       71.44,
 139.883243,   35.201351,       70.58,
 139.887748,   35.201351,       69.84,
 139.892252,   35.201351,       69.16,
 139.896757,   35.201351,       68.50,
 139.901261,   35.201351,       67.85,
 139.905766,   35.201351,       67.21,
 139.910270,   35.201351,       66.57,
 139.914775,   35.201351,       65.92,
 139.919279,   35.201351,       65.27,
 139.923784,   35.201351,       64.63,
 139.928288,   35.201351,       63.99,
 139.932793,   35.201351,       63.35,
 139.937297,   35.201351,       62.72,
 139.941802,   35.201351,       62.11,
 139.946306,   35.201351,       61.50,
 139.950811,   35.201351,       60.90,
 139.955315,   35.201351,       60.31,
 139.959820,   35.201351,       59.73,
 139.964324,   35.201351,       59.16,
 139.968829,   35.201351,       58.61,
 139.973333,   35.201351,       58.06,
 139.977838,   35.201351,       57.52,
 139.982342,   35.201351,       57.00,
 139.986847,   35.201351,       56.49,
 139.991351,   35.201351,       55.99,
 139.995856,   35.201351,       55.51,
 140.000360,   35.201351,       55.05,
 140.004865,   35.201351,       54.60,
 140.009369,   35.201351,       54.17,
 140.013874,   35.201351,       53.76,
 140.018378,   35.201351,       53.38,
 140.022883,   35.201351,       53.01,
 140.027387,   35.201351,       52.67,
 140.031892,   35.201351,       52.35,
 140.036396,   35.201351,       52.05,
 140.040901,   35.201351,       51.77,
 140.045405,   35.201351,       51.50,
 140.049910,   35.201351,       51.24,
 140.054414,   35.201351,       51.00,
 140.058919,   35.201351,       50.77,
 140.063423,   35.201351,       50.56,
 140.067928,   35.201351,       50.36,
 140.072432,   35.201351,       50.16,
 140.076937,   35.201351,       49.97,
 140.081441,   35.201351,       49.79,
 140.085946,   35.201351,       49.62,
 140.090450,   35.201351,       49.45,
 140.094955,   35.201351,       49.28,
 140.099459,   35.201351,       49.12,
 140.103964,   35.201351,       48.97,
 140.108468,   35.201351,       48.82,
 140.112973,   35.201351,       48.68,
 140.117477,   35.201351,       48.54,
 140.121982,   35.201351,       48.41,
 140.126486,   35.201351,       48.28,
 140.130991,   35.201351,       48.16,
 140.135495,   35.201351,       48.05,
 140.140000,   35.201351,       47.94,
 140.144505,   35.201351,       47.83,
 140.149009,   35.201351,       47.74,
 140.153514,   35.201351,       47.64,
 140.158018,   35.201351,       47.56,
 140.162523,   35.201351,       47.48,
 140.167027,   35.201351,       47.41,
 140.171532,   35.201351,       47.34,
 140.176036,   35.201351,       47.28,
 140.180541,   35.201351,       47.22,
 140.185045,   35.201351,       47.17,
 140.189550,   35.201351,       47.12,
 140.194054,   35.201351,       47.09,
 140.198559,   35.201351,       47.05,
 140.203063,   35.201351,       47.02,
 140.207568,   35.201351,       46.99,
 140.212072,   35.201351,       46.97,
 140.216577,   35.201351,       46.94,
 140.221081,   35.201351,       46.92,
 140.225586,   35.201351,       46.91,
 140.230090,   35.201351,       46.89,
 140.234595,   35.201351,       46.88,
 140.239099,   35.201351,       46.87,
 140.243604,   35.201351,       46.86,
 140.248108,   35.201351,       46.85,
 140.252613,   35.201351,       46.84,
 140.257117,   35.201351,       46.84,
 140.261622,   35.201351,       46.83,
 140.266126,   35.201351,       46.83,
 140.270631,   35.201351,       46.83,
 140.275135,   35.201351,       46.82,
 140.279640,   35.201351,       46.82,
 140.284144,   35.201351,       46.82,
 140.288649,   35.201351,       46.82,
 140.293153,   35.201351,       46.83,
 140.297658,   35.201351,       46.83,
 140.302162,   35.201351,       46.84,
 140.306667,   35.201351,       46.84,
 140.311171,   35.201351,       46.85,
 140.315676,   35.201351,       46.86,
 140.320180,   35.201351,       46.88,
 140.324685,   35.201351,       46.89,
 140.329189,   35.201351,       46.91,
 140.333694,   35.201351,       46.94,
 140.338198,   35.201351,       46.97,
 140.342703,   35.201351,       47.00,
 140.347207,   35.201351,       47.04,
 140.351712,   35.201351,       47.10,
 140.356216,   35.201351,       47.16,
 140.360721,   35.201351,       47.23,
 140.365225,   35.201351,       47.31,
 140.369730,   35.201351,       47.43,
 140.374234,   35.201351,       47.57,
 140.378739,   35.201351,       47.72,
 140.383243,   35.201351,       47.90,
 140.387748,   35.201351,       48.11,
 139.140000,   35.205856,       62.03,
 139.144505,   35.205856,       60.99,
 139.149009,   35.205856,       59.97,
 139.153514,   35.205856,       58.94,
 139.158018,   35.205856,       57.90,
 139.162523,   35.205856,       57.03,
 139.167027,   35.205856,       56.37,
 139.171532,   35.205856,       55.77,
 139.176036,   35.205856,       55.19,
 139.180541,   35.205856,       54.61,
 139.185045,   35.205856,       54.03,
 139.189550,   35.205856,       53.48,
 139.194054,   35.205856,       52.93,
 139.198559,   35.205856,       52.38,
 139.203063,   35.205856,       51.81,
 139.207568,   35.205856,       51.28,
 139.212072,   35.205856,       50.84,
 139.216577,   35.205856,       50.41,
 139.221081,   35.205856,       49.98,
 139.225586,   35.205856,       49.55,
 139.230090,   35.205856,       49.14,
 139.234595,   35.205856,       48.76,
 139.239099,   35.205856,       48.43,
 139.243604,   35.205856,       48.12,
 139.248108,   35.205856,       47.81,
 139.252613,   35.205856,       47.52,
 139.257117,   35.205856,       47.23,
 139.261622,   35.205856,       46.99,
 139.266126,   35.205856,       46.80,
 139.270631,   35.205856,       46.67,
 139.275135,   35.205856,       46.57,
 139.279640,   35.205856,       46.48,
 139.284144,   35.205856,       46.39,
 139.288649,   35.205856,       46.32,
 139.293153,   35.205856,       46.33,
 139.297658,   35.205856,       46.43,
 139.302162,   35.205856,       46.59,
 139.306667,   35.205856,       46.74,
 139.311171,   35.205856,       46.89,
 139.315676,   35.205856,       47.06,
 139.320180,   35.205856,       47.25,
 139.324685,   35.205856,       47.48,
 139.329189,   35.205856,       47.74,
 139.333694,   35.205856,       47.99,
 139.338198,   35.205856,       48.23,
 139.342703,   35.205856,       48.47,
 139.347207,   35.205856,       48.71,
 139.351712,   35.205856,       48.95,
 139.356216,   35.205856,       49.22,
 139.360721,   35.205856,       49.49,
 139.365225,   35.205856,       49.75,
 139.369730,   35.205856,       49.99,
 139.374234,   35.205856,       50.22,
 139.378739,   35.205856,       50.42,
 139.383243,   35.205856,       50.57,
 139.387748,   35.205856,       50.71,
 139.392252,   35.205856,       50.86,
 139.396757,   35.205856,       51.02,
 139.401261,   35.205856,       51.17,
 139.405766,   35.205856,       51.32,
 139.410270,   35.205856,       51.47,
 139.414775,   35.205856,       51.69,
 139.419279,   35.205856,       51.94,
 139.423784,   35.205856,       52.18,
 139.428288,   35.205856,       52.42,
 139.432793,   35.205856,       52.66,
 139.437297,   35.205856,       52.89,
 139.441802,   35.205856,       53.12,
 139.446306,   35.205856,       53.40,
 139.450811,   35.205856,       53.78,
 139.455315,   35.205856,       54.22,
 139.459820,   35.205856,       54.70,
 139.464324,   35.205856,       55.19,
 139.468829,   35.205856,       55.67,
 139.473333,   35.205856,       56.15,
 139.477838,   35.205856,       56.56,
 139.482342,   35.205856,       56.93,
 139.486847,   35.205856,       57.31,
 139.491351,   35.205856,       57.69,
 139.495856,   35.205856,       58.02,
 139.500360,   35.205856,       58.17,
 139.504865,   35.205856,       58.21,
 139.509369,   35.205856,       58.23,
 139.513874,   35.205856,       58.21,
 139.518378,   35.205856,       58.54,
 139.522883,   35.205856,       58.91,
 139.527387,   35.205856,       59.23,
 139.531892,   35.205856,       59.81,
 139.536396,   35.205856,       60.63,
 139.540901,   35.205856,       61.36,
 139.545405,   35.205856,       61.85,
 139.549910,   35.205856,       62.11,
 139.554414,   35.205856,       62.31,
 139.558919,   35.205856,       62.42,
 139.563423,   35.205856,       62.42,
 139.567928,   35.205856,       61.72,
 139.572432,   35.205856,       60.89,
 139.576937,   35.205856,       59.96,
 139.581441,   35.205856,       60.27,
 139.585946,   35.205856,       61.42,
 139.590450,   35.205856,       62.32,
 139.594955,   35.205856,       87.60,
 139.599459,   35.205856,       87.60,
 139.603964,   35.205856,       87.60,
 139.608468,   35.205856,       94.52,
 139.612973,   35.205856,       94.52,
 139.617477,   35.205856,       94.52,
 139.621982,   35.205856,       86.55,
 139.626486,   35.205856,       82.78,
 139.630991,   35.205856,       79.52,
 139.635495,   35.205856,       76.19,
 139.640000,   35.205856,       72.93,
 139.644505,   35.205856,       69.85,
 139.649009,   35.205856,       66.98,
 139.653514,   35.205856,       64.45,
 139.658018,   35.205856,       62.29,
 139.662523,   35.205856,       60.55,
 139.667027,   35.205856,       59.03,
 139.671532,   35.205856,       57.70,
 139.676036,   35.205856,       56.46,
 139.680541,   35.205856,       55.57,
 139.685045,   35.205856,       55.07,
 139.689550,   35.205856,       54.41,
 139.694054,   35.205856,       53.51,
 139.698559,   35.205856,       52.55,
 139.703063,   35.205856,       51.54,
 139.707568,   35.205856,       50.57,
 139.712072,   35.205856,       49.67,
 139.716577,   35.205856,       49.41,
 139.721081,   35.205856,       49.35,
 139.725586,   35.205856,       50.08,
 139.730090,   35.205856,       52.51,
 139.734595,   35.205856,       54.74,
 139.739099,   35.205856,       56.41,
 139.743604,   35.205856,       59.07,
 139.748108,   35.205856,       62.42,
 139.752613,   35.205856,       66.74,
 139.757117,   35.205856,       69.77,
 139.761622,   35.205856,       71.95,
 139.766126,   35.205856,       73.70,
 139.770631,   35.205856,       74.73,
 139.775135,   35.205856,       75.45,
 139.779640,   35.205856,       74.62,
 139.784144,   35.205856,       72.45,
 139.788649,   35.205856,       71.19,
 139.793153,   35.205856,       69.96,
 139.797658,   35.205856,       70.20,
 139.802162,   35.205856,       71.36,
 139.806667,   35.205856,       71.74,
 139.811171,   35.205856,       72.50,
 139.815676,   35.205856,       75.63,
 139.820180,   35.205856,       78.57,
 139.824685,   35.205856,       80.36,
 139.829189,   35.205856,       81.56,
 139.833694,   35.205856,       80.41,
 139.838198,   35.205856,       77.60,
 139.842703,   35.205856,       75.97,
 139.847207,   35.205856,       74.89,
 139.851712,   35.205856,       74.81,
 139.856216,   35.205856,       75.07,
 139.860721,   35.205856,       74.42,
 139.865225,   35.205856,       73.36,
 139.869730,   35.205856,       72.24,
 139.874234,   35.205856,       71.17,
 139.878739,   35.205856,       70.33,
 139.883243,   35.205856,       69.60,
 139.887748,   35.205856,       68.97,
 139.892252,   35.205856,       68.36,
 139.896757,   35.205856,       67.77,
 139.901261,   35.205856,       67.18,
 139.905766,   35.205856,       66.58,
 139.910270,   35.205856,       65.98,
 139.914775,   35.205856,       65.37,
 139.919279,   35.205856,       64.76,
 139.923784,   35.205856,       64.15,
 139.928288,   35.205856,       63.55,
 139.932793,   35.205856,       62.95,
 139.937297,   35.205856,       62.35,
 139.941802,   35.205856,       61.77,
 139.946306,   35.205856,       61.19,
 139.950811,   35.205856,       60.62,
 139.955315,   35.205856,       60.06,
 139.959820,   35.205856,       59.50,
 139.964324,   35.205856,       58.96,
 139.968829,   35.205856,       58.42,
 139.973333,   35.205856,       57.90,
 139.977838,   35.205856,       57.38,
 139.982342,   35.205856,       56.88,
 139.986847,   35.205856,       56.39,
 139.991351,   35.205856,       55.91,
 139.995856,   35.205856,       55.45,
 140.000360,   35.205856,       55.00,
 140.004865,   35.205856,       54.58,
 140.009369,   35.205856,       54.17,
 140.013874,   35.205856,       53.78,
 140.018378,   35.205856,       53.41,
 140.022883,   35.205856,       53.07,
 140.027387,   35.205856,       52.75,
 140.031892,   35.205856,       52.44,
 140.036396,   35.205856,       52.15,
 140.040901,   35.205856,       51.88,
 140.045405,   35.205856,       51.61,
 140.049910,   35.205856,       51.37,
 140.054414,   35.205856,       51.13,
 140.058919,   35.205856,       50.91,
 140.063423,   35.205856,       50.70,
 140.067928,   35.205856,       50.50,
 140.072432,   35.205856,       50.31,
 140.076937,   35.205856,       50.13,
 140.081441,   35.205856,       49.95,
 140.085946,   35.205856,       49.78,
 140.090450,   35.205856,       49.61,
 140.094955,   35.205856,       49.45,
 140.099459,   35.205856,       49.29,
 140.103964,   35.205856,       49.14,
 140.108468,   35.205856,       48.99,
 140.112973,   35.205856,       48.85,
 140.117477,   35.205856,       48.72,
 140.121982,   35.205856,       48.59,
 140.126486,   35.205856,       48.46,
 140.130991,   35.205856,       48.34,
 140.135495,   35.205856,       48.23,
 140.140000,   35.205856,       48.12,
 140.144505,   35.205856,       48.02,
 140.149009,   35.205856,       47.92,
 140.153514,   35.205856,       47.83,
 140.158018,   35.205856,       47.74,
 140.162523,   35.205856,       47.66,
 140.167027,   35.205856,       47.59,
 140.171532,   35.205856,       47.52,
 140.176036,   35.205856,       47.46,
 140.180541,   35.205856,       47.40,
 140.185045,   35.205856,       47.35,
 140.189550,   35.205856,       47.30,
 140.194054,   35.205856,       47.26,
 140.198559,   35.205856,       47.23,
 140.203063,   35.205856,       47.20,
 140.207568,   35.205856,       47.17,
 140.212072,   35.205856,       47.15,
 140.216577,   35.205856,       47.13,
 140.221081,   35.205856,       47.11,
 140.225586,   35.205856,       47.09,
 140.230090,   35.205856,       47.07,
 140.234595,   35.205856,       47.06,
 140.239099,   35.205856,       47.05,
 140.243604,   35.205856,       47.05,
 140.248108,   35.205856,       47.04,
 140.252613,   35.205856,       47.04,
 140.257117,   35.205856,       47.03,
 140.261622,   35.205856,       47.03,
 140.266126,   35.205856,       47.03,
 140.270631,   35.205856,       47.03,
 140.275135,   35.205856,       47.03,
 140.279640,   35.205856,       47.03,
 140.284144,   35.205856,       47.03,
 140.288649,   35.205856,       47.04,
 140.293153,   35.205856,       47.05,
 140.297658,   35.205856,       47.05,
 140.302162,   35.205856,       47.06,
 140.306667,   35.205856,       47.07,
 140.311171,   35.205856,       47.09,
 140.315676,   35.205856,       47.10,
 140.320180,   35.205856,       47.12,
 140.324685,   35.205856,       47.14,
 140.329189,   35.205856,       47.17,
 140.333694,   35.205856,       47.20,
 140.338198,   35.205856,       47.23,
 140.342703,   35.205856,       47.27,
 140.347207,   35.205856,       47.32,
 140.351712,   35.205856,       47.38,
 140.356216,   35.205856,       47.45,
 140.360721,   35.205856,       47.53,
 140.365225,   35.205856,       47.63,
 140.369730,   35.205856,       47.74,
 140.374234,   35.205856,       47.88,
 140.378739,   35.205856,       48.04,
 140.383243,   35.205856,       48.25,
 140.387748,   35.205856,       48.45,
 139.140000,   35.210360,       62.16,
 139.144505,   35.210360,       61.09,
 139.149009,   35.210360,       60.08,
 139.153514,   35.210360,       59.08,
 139.158018,   35.210360,       58.11,
 139.162523,   35.210360,       57.30,
 139.167027,   35.210360,       56.64,
 139.171532,   35.210360,       56.03,
 139.176036,   35.210360,       55.47,
 139.180541,   35.210360,       54.93,
 139.185045,   35.210360,       54.37,
 139.189550,   35.210360,       53.83,
 139.194054,   35.210360,       53.29,
 139.198559,   35.210360,       52.76,
 139.203063,   35.210360,       52.22,
 139.207568,   35.210360,       51.72,
 139.212072,   35.210360,       51.29,
 139.216577,   35.210360,       50.86,
 139.221081,   35.210360,       50.43,
 139.225586,   35.210360,       50.01,
 139.230090,   35.210360,       49.59,
 139.234595,   35.210360,       49.20,
 139.239099,   35.210360,       48.90,
 139.243604,   35.210360,       48.62,
 139.248108,   35.210360,       48.34,
 139.252613,   35.210360,       48.06,
 139.257117,   35.210360,       47.80,
 139.261622,   35.210360,       47.55,
 139.266126,   35.210360,       47.36,
 139.270631,   35.210360,       47.25,
 139.275135,   35.210360,       47.14,
 139.279640,   35.210360,       47.03,
 139.284144,   35.210360,       46.92,
 139.288649,   35.210360,       46.80,
 139.293153,   35.210360,       46.87,
 139.297658,   35.210360,       47.04,
 139.302162,   35.210360,       47.20,
 139.306667,   35.210360,       47.35,
 139.311171,   35.210360,       47.50,
 139.315676,   35.210360,       47.65,
 139.320180,   35.210360,       47.79,
 139.324685,   35.210360,       47.98,
 139.329189,   35.210360,       48.21,
 139.333694,   35.210360,       48.45,
 139.338198,   35.210360,       48.68,
 139.342703,   35.210360,       48.92,
 139.347207,   35.210360,       49.16,
 139.351712,   35.210360,       49.41,
 139.356216,   35.210360,       49.66,
 139.360721,   35.210360,       49.92,
 139.365225,   35.210360,       50.13,
 139.369730,   35.210360,       50.33,
 139.374234,   35.210360,       50.51,
 139.378739,   35.210360,       50.65,
 139.383243,   35.210360,       50.79,
 139.387748,   35.210360,       50.93,
 139.392252,   35.210360,       51.08,
 139.396757,   35.210360,       51.22,
 139.401261,   35.210360,       51.37,
 139.405766,   35.210360,       51.51,
 139.410270,   35.210360,       51.66,
 139.414775,   35.210360,       51.88,
 139.419279,   35.210360,       52.13,
 139.423784,   35.210360,       52.37,
 139.428288,   35.210360,       52.62,
 139.432793,   35.210360,       52.86,
 139.437297,   35.210360,       53.09,
 139.441802,   35.210360,       53.31,
 139.446306,   35.210360,       53.55,
 139.450811,   35.210360,       53.87,
 139.455315,   35.210360,       54.25,
 139.459820,   35.210360,       54.72,
 139.464324,   35.210360,       55.19,
 139.468829,   35.210360,       55.67,
 139.473333,   35.210360,       56.13,
 139.477838,   35.210360,       56.59,
 139.482342,   35.210360,       57.01,
 139.486847,   35.210360,       57.44,
 139.491351,   35.210360,       57.87,
 139.495856,   35.210360,       58.26,
 139.500360,   35.210360,       58.42,
 139.504865,   35.210360,       58.55,
 139.509369,   35.210360,       58.64,
 139.513874,   35.210360,       58.81,
 139.518378,   35.210360,       59.22,
 139.522883,   35.210360,       59.63,
 139.527387,   35.210360,       60.01,
 139.531892,   35.210360,       60.40,
 139.536396,   35.210360,       61.00,
 139.540901,   35.210360,       61.57,
 139.545405,   35.210360,       61.93,
 139.549910,   35.210360,       62.20,
 139.554414,   35.210360,       62.30,
 139.558919,   35.210360,       62.26,
 139.563423,   35.210360,       62.03,
 139.567928,   35.210360,       61.24,
 139.572432,   35.210360,       60.37,
 139.576937,   35.210360,       60.02,
 139.581441,   35.210360,       60.83,
 139.585946,   35.210360,       61.91,
 139.590450,   35.210360,       58.93,
 139.594955,   35.210360,       54.07,
 139.599459,   35.210360,       54.07,
 139.603964,   35.210360,       54.07,
 139.608468,   35.210360,       83.92,
 139.612973,   35.210360,       83.92,
 139.617477,   35.210360,       83.92,
 139.621982,   35.210360,       81.34,
 139.626486,   35.210360,       79.64,
 139.630991,   35.210360,       77.15,
 139.635495,   35.210360,       74.49,
 139.640000,   35.210360,       71.93,
 139.644505,   35.210360,       69.42,
 139.649009,   35.210360,       67.01,
 139.653514,   35.210360,       64.82,
 139.658018,   35.210360,       62.90,
 139.662523,   35.210360,       61.26,
 139.667027,   35.210360,       59.73,
 139.671532,   35.210360,       58.32,
 139.676036,   35.210360,       56.99,
 139.680541,   35.210360,       55.66,
 139.685045,   35.210360,       54.44,
 139.689550,   35.210360,       53.66,
 139.694054,   35.210360,       52.68,
 139.698559,   35.210360,       51.69,
 139.703063,   35.210360,       50.70,
 139.707568,   35.210360,       49.69,
 139.712072,   35.210360,       48.63,
 139.716577,   35.210360,       47.92,
 139.721081,   35.210360,       48.17,
 139.725586,   35.210360,       49.67,
 139.730090,   35.210360,       51.66,
 139.734595,   35.210360,       53.48,
 139.739099,   35.210360,       54.41,
 139.743604,   35.210360,       55.80,
 139.748108,   35.210360,       59.74,
 139.752613,   35.210360,       65.00,
 139.757117,   35.210360,       70.07,
 139.761622,   35.210360,       71.99,
 139.766126,   35.210360,       72.96,
 139.770631,   35.210360,       74.78,
 139.775135,   35.210360,       74.38,
 139.779640,   35.210360,       71.10,
 139.784144,   35.210360,       67.85,
 139.788649,   35.210360,       66.21,
 139.793153,   35.210360,       66.03,
 139.797658,   35.210360,       65.86,
 139.802162,   35.210360,       66.22,
 139.806667,   35.210360,       67.10,
 139.811171,   35.210360,       67.73,
 139.815676,   35.210360,       69.14,
 139.820180,   35.210360,       71.40,
 139.824685,   35.210360,       73.41,
 139.829189,   35.210360,       74.44,
 139.833694,   35.210360,       73.92,
 139.838198,   35.210360,       72.99,
 139.842703,   35.210360,       71.33,
 139.847207,   35.210360,       71.16,
 139.851712,   35.210360,       71.10,
 139.856216,   35.210360,       72.49,
 139.860721,   35.210360,       72.60,
 139.865225,   35.210360,       71.88,
 139.869730,   35.210360,       70.94,
 139.874234,   35.210360,       70.03,
 139.878739,   35.210360,       69.32,
 139.883243,   35.210360,       68.71,
 139.887748,   35.210360,       68.16,
 139.892252,   35.210360,       67.63,
 139.896757,   35.210360,       67.09,
 139.901261,   35.210360,       66.54,
 139.905766,   35.210360,       65.99,
 139.910270,   35.210360,       65.42,
 139.914775,   35.210360,       64.85,
 139.919279,   35.210360,       64.28,
 139.923784,   35.210360,       63.70,
 139.928288,   35.210360,       63.13,
 139.932793,   35.210360,       62.56,
 139.937297,   35.210360,       62.00,
 139.941802,   35.210360,       61.45,
 139.946306,   35.210360,       60.90,
 139.950811,   35.210360,       60.35,
 139.955315,   35.210360,       59.82,
 139.959820,   35.210360,       59.28,
 139.964324,   35.210360,       58.76,
 139.968829,   35.210360,       58.25,
 139.973333,   35.210360,       57.74,
 139.977838,   35.210360,       57.25,
 139.982342,   35.210360,       56.77,
 139.986847,   35.210360,       56.30,
 139.991351,   35.210360,       55.84,
 139.995856,   35.210360,       55.40,
 140.000360,   35.210360,       54.97,
 140.004865,   35.210360,       54.56,
 140.009369,   35.210360,       54.17,
 140.013874,   35.210360,       53.81,
 140.018378,   35.210360,       53.46,
 140.022883,   35.210360,       53.13,
 140.027387,   35.210360,       52.82,
 140.031892,   35.210360,       52.53,
 140.036396,   35.210360,       52.25,
 140.040901,   35.210360,       51.98,
 140.045405,   35.210360,       51.73,
 140.049910,   35.210360,       51.49,
 140.054414,   35.210360,       51.26,
 140.058919,   35.210360,       51.05,
 140.063423,   35.210360,       50.85,
 140.067928,   35.210360,       50.65,
 140.072432,   35.210360,       50.46,
 140.076937,   35.210360,       50.28,
 140.081441,   35.210360,       50.10,
 140.085946,   35.210360,       49.93,
 140.090450,   35.210360,       49.77,
 140.094955,   35.210360,       49.61,
 140.099459,   35.210360,       49.46,
 140.103964,   35.210360,       49.31,
 140.108468,   35.210360,       49.16,
 140.112973,   35.210360,       49.02,
 140.117477,   35.210360,       48.89,
 140.121982,   35.210360,       48.76,
 140.126486,   35.210360,       48.64,
 140.130991,   35.210360,       48.52,
 140.135495,   35.210360,       48.40,
 140.140000,   35.210360,       48.30,
 140.144505,   35.210360,       48.19,
 140.149009,   35.210360,       48.10,
 140.153514,   35.210360,       48.01,
 140.158018,   35.210360,       47.92,
 140.162523,   35.210360,       47.84,
 140.167027,   35.210360,       47.77,
 140.171532,   35.210360,       47.70,
 140.176036,   35.210360,       47.64,
 140.180541,   35.210360,       47.58,
 140.185045,   35.210360,       47.53,
 140.189550,   35.210360,       47.48,
 140.194054,   35.210360,       47.44,
 140.198559,   35.210360,       47.41,
 140.203063,   35.210360,       47.38,
 140.207568,   35.210360,       47.35,
 140.212072,   35.210360,       47.33,
 140.216577,   35.210360,       47.31,
 140.221081,   35.210360,       47.29,
 140.225586,   35.210360,       47.27,
 140.230090,   35.210360,       47.26,
 140.234595,   35.210360,       47.25,
 140.239099,   35.210360,       47.24,
 140.243604,   35.210360,       47.24,
 140.248108,   35.210360,       47.23,
 140.252613,   35.210360,       47.23,
 140.257117,   35.210360,       47.23,
 140.261622,   35.210360,       47.23,
 140.266126,   35.210360,       47.23,
 140.270631,   35.210360,       47.23,
 140.275135,   35.210360,       47.23,
 140.279640,   35.210360,       47.24,
 140.284144,   35.210360,       47.25,
 140.288649,   35.210360,       47.25,
 140.293153,   35.210360,       47.26,
 140.297658,   35.210360,       47.27,
 140.302162,   35.210360,       47.29,
 140.306667,   35.210360,       47.30,
 140.311171,   35.210360,       47.32,
 140.315676,   35.210360,       47.34,
 140.320180,   35.210360,       47.36,
 140.324685,   35.210360,       47.39,
 140.329189,   35.210360,       47.42,
 140.333694,   35.210360,       47.46,
 140.338198,   35.210360,       47.50,
 140.342703,   35.210360,       47.55,
 140.347207,   35.210360,       47.60,
 140.351712,   35.210360,       47.67,
 140.356216,   35.210360,       47.74,
 140.360721,   35.210360,       47.83,
 140.365225,   35.210360,       47.93,
 140.369730,   35.210360,       48.05,
 140.374234,   35.210360,       48.19,
 140.378739,   35.210360,       48.39,
 140.383243,   35.210360,       48.60,
 140.387748,   35.210360,       48.80,
 139.140000,   35.214865,       62.16,
 139.144505,   35.214865,       61.08,
 139.149009,   35.214865,       60.02,
 139.153514,   35.214865,       59.01,
 139.158018,   35.214865,       58.08,
 139.162523,   35.214865,       57.45,
 139.167027,   35.214865,       56.81,
 139.171532,   35.214865,       56.20,
 139.176036,   35.214865,       55.64,
 139.180541,   35.214865,       55.11,
 139.185045,   35.214865,       54.62,
 139.189550,   35.214865,       54.11,
 139.194054,   35.214865,       53.61,
 139.198559,   35.214865,       53.13,
 139.203063,   35.214865,       52.63,
 139.207568,   35.214865,       52.15,
 139.212072,   35.214865,       51.72,
 139.216577,   35.214865,       51.30,
 139.221081,   35.214865,       50.88,
 139.225586,   35.214865,       50.45,
 139.230090,   35.214865,       50.04,
 139.234595,   35.214865,       49.68,
 139.239099,   35.214865,       49.42,
 139.243604,   35.214865,       49.16,
 139.248108,   35.214865,       48.90,
 139.252613,   35.214865,       48.63,
 139.257117,   35.214865,       48.37,
 139.261622,   35.214865,       48.10,
 139.266126,   35.214865,       47.93,
 139.270631,   35.214865,       47.85,
 139.275135,   35.214865,       47.75,
 139.279640,   35.214865,       47.65,
 139.284144,   35.214865,       47.54,
 139.288649,   35.214865,       47.47,
 139.293153,   35.214865,       47.52,
 139.297658,   35.214865,       47.66,
 139.302162,   35.214865,       47.82,
 139.306667,   35.214865,       47.97,
 139.311171,   35.214865,       48.12,
 139.315676,   35.214865,       48.26,
 139.320180,   35.214865,       48.39,
 139.324685,   35.214865,       48.48,
 139.329189,   35.214865,       48.66,
 139.333694,   35.214865,       48.88,
 139.338198,   35.214865,       49.11,
 139.342703,   35.214865,       49.35,
 139.347207,   35.214865,       49.60,
 139.351712,   35.214865,       49.85,
 139.356216,   35.214865,       50.10,
 139.360721,   35.214865,       50.31,
 139.365225,   35.214865,       50.46,
 139.369730,   35.214865,       50.60,
 139.374234,   35.214865,       50.74,
 139.378739,   35.214865,       50.87,
 139.383243,   35.214865,       51.01,
 139.387748,   35.214865,       51.15,
 139.392252,   35.214865,       51.30,
 139.396757,   35.214865,       51.43,
 139.401261,   35.214865,       51.57,
 139.405766,   35.214865,       51.71,
 139.410270,   35.214865,       51.86,
 139.414775,   35.214865,       52.07,
 139.419279,   35.214865,       52.32,
 139.423784,   35.214865,       52.57,
 139.428288,   35.214865,       52.82,
 139.432793,   35.214865,       53.06,
 139.437297,   35.214865,       53.29,
 139.441802,   35.214865,       53.50,
 139.446306,   35.214865,       53.72,
 139.450811,   35.214865,       53.97,
 139.455315,   35.214865,       54.29,
 139.459820,   35.214865,       54.73,
 139.464324,   35.214865,       55.19,
 139.468829,   35.214865,       55.65,
 139.473333,   35.214865,       56.10,
 139.477838,   35.214865,       56.56,
 139.482342,   35.214865,       57.03,
 139.486847,   35.214865,       57.51,
 139.491351,   35.214865,       58.01,
 139.495856,   35.214865,       58.51,
 139.500360,   35.214865,       58.79,
 139.504865,   35.214865,       59.01,
 139.509369,   35.214865,       59.24,
 139.513874,   35.214865,       59.50,
 139.518378,   35.214865,       59.92,
 139.522883,   35.214865,       60.38,
 139.527387,   35.214865,       60.78,
 139.531892,   35.214865,       61.14,
 139.536396,   35.214865,       61.50,
 139.540901,   35.214865,       61.75,
 139.545405,   35.214865,       62.07,
 139.549910,   35.214865,       62.32,
 139.554414,   35.214865,       62.22,
 139.558919,   35.214865,       62.01,
 139.563423,   35.214865,       61.74,
 139.567928,   35.214865,       60.92,
 139.572432,   35.214865,       60.04,
 139.576937,   35.214865,       60.07,
 139.581441,   35.214865,       60.81,
 139.585946,   35.214865,       62.08,
 139.590450,   35.214865,       59.50,
 139.594955,   35.214865,       52.64,
 139.599459,   35.214865,       50.60,
 139.603964,   35.214865,       72.72,
 139.608468,   35.214865,       77.59,
 139.612973,   35.214865,       67.37,
 139.617477,   35.214865,       73.63,
 139.621982,   35.214865,       77.58,
 139.626486,   35.214865,       77.58,
 139.630991,   35.214865,       75.63,
 139.635495,   35.214865,       73.57,
 139.640000,   35.214865,       71.41,
 139.644505,   35.214865,       69.20,
 139.649009,   35.214865,       67.09,
 139.653514,   35.214865,       65.15,
 139.658018,   35.214865,       63.41,
 139.662523,   35.214865,       61.81,
 139.667027,   35.214865,       60.27,
 139.671532,   35.214865,       58.80,
 139.676036,   35.214865,       57.39,
 139.680541,   35.214865,       56.01,
 139.685045,   35.214865,       54.67,
 139.689550,   35.214865,       53.48,
 139.694054,   35.214865,       52.42,
 139.698559,   35.214865,       51.53,
 139.703063,   35.214865,       50.84,
 139.707568,   35.214865,       50.94,
 139.712072,   35.214865,       50.25,
 139.716577,   35.214865,       47.75,
 139.721081,   35.214865,       49.02,
 139.725586,   35.214865,       51.51,
 139.730090,   35.214865,       52.03,
 139.734595,   35.214865,       52.16,
 139.739099,   35.214865,       52.92,
 139.743604,   35.214865,       53.42,
 139.748108,   35.214865,       56.38,
 139.752613,   35.214865,       61.79,
 139.757117,   35.214865,       66.95,
 139.761622,   35.214865,       68.25,
 139.766126,   35.214865,       68.99,
 139.770631,   35.214865,       70.87,
 139.775135,   35.214865,       70.00,
 139.779640,   35.214865,       66.26,
 139.784144,   35.214865,       63.34,
 139.788649,   35.214865,       62.75,
 139.793153,   35.214865,       62.86,
 139.797658,   35.214865,       62.70,
 139.802162,   35.214865,       62.78,
 139.806667,   35.214865,       63.59,
 139.811171,   35.214865,       64.10,
 139.815676,   35.214865,       64.36,
 139.820180,   35.214865,       65.83,
 139.824685,   35.214865,       67.04,
 139.829189,   35.214865,       67.69,
 139.833694,   35.214865,       67.69,
 139.838198,   35.214865,       67.48,
 139.842703,   35.214865,       67.08,
 139.847207,   35.214865,       67.49,
 139.851712,   35.214865,       67.93,
 139.856216,   35.214865,       68.91,
 139.860721,   35.214865,       70.65,
 139.865225,   35.214865,       70.45,
 139.869730,   35.214865,       69.71,
 139.874234,   35.214865,       69.00,
 139.878739,   35.214865,       68.42,
 139.883243,   35.214865,       67.91,
 139.887748,   35.214865,       67.43,
 139.892252,   35.214865,       66.95,
 139.896757,   35.214865,       66.46,
 139.901261,   35.214865,       65.95,
 139.905766,   35.214865,       65.43,
 139.910270,   35.214865,       64.90,
 139.914775,   35.214865,       64.36,
 139.919279,   35.214865,       63.82,
 139.923784,   35.214865,       63.28,
 139.928288,   35.214865,       62.74,
 139.932793,   35.214865,       62.21,
 139.937297,   35.214865,       61.67,
 139.941802,   35.214865,       61.14,
 139.946306,   35.214865,       60.62,
 139.950811,   35.214865,       60.10,
 139.955315,   35.214865,       59.59,
 139.959820,   35.214865,       59.08,
 139.964324,   35.214865,       58.58,
 139.968829,   35.214865,       58.08,
 139.973333,   35.214865,       57.60,
 139.977838,   35.214865,       57.13,
 139.982342,   35.214865,       56.67,
 139.986847,   35.214865,       56.21,
 139.991351,   35.214865,       55.78,
 139.995856,   35.214865,       55.35,
 140.000360,   35.214865,       54.94,
 140.004865,   35.214865,       54.56,
 140.009369,   35.214865,       54.19,
 140.013874,   35.214865,       53.84,
 140.018378,   35.214865,       53.51,
 140.022883,   35.214865,       53.20,
 140.027387,   35.214865,       52.90,
 140.031892,   35.214865,       52.62,
 140.036396,   35.214865,       52.35,
 140.040901,   35.214865,       52.09,
 140.045405,   35.214865,       51.85,
 140.049910,   35.214865,       51.61,
 140.054414,   35.214865,       51.39,
 140.058919,   35.214865,       51.19,
 140.063423,   35.214865,       50.99,
 140.067928,   35.214865,       50.80,
 140.072432,   35.214865,       50.61,
 140.076937,   35.214865,       50.43,
 140.081441,   35.214865,       50.26,
 140.085946,   35.214865,       50.09,
 140.090450,   35.214865,       49.93,
 140.094955,   35.214865,       49.77,
 140.099459,   35.214865,       49.62,
 140.103964,   35.214865,       49.47,
 140.108468,   35.214865,       49.33,
 140.112973,   35.214865,       49.19,
 140.117477,   35.214865,       49.06,
 140.121982,   35.214865,       48.93,
 140.126486,   35.214865,       48.81,
 140.130991,   35.214865,       48.69,
 140.135495,   35.214865,       48.58,
 140.140000,   35.214865,       48.47,
 140.144505,   35.214865,       48.37,
 140.149009,   35.214865,       48.28,
 140.153514,   35.214865,       48.19,
 140.158018,   35.214865,       48.10,
 140.162523,   35.214865,       48.02,
 140.167027,   35.214865,       47.95,
 140.171532,   35.214865,       47.88,
 140.176036,   35.214865,       47.82,
 140.180541,   35.214865,       47.76,
 140.185045,   35.214865,       47.71,
 140.189550,   35.214865,       47.66,
 140.194054,   35.214865,       47.62,
 140.198559,   35.214865,       47.59,
 140.203063,   35.214865,       47.56,
 140.207568,   35.214865,       47.54,
 140.212072,   35.214865,       47.51,
 140.216577,   35.214865,       47.49,
 140.221081,   35.214865,       47.48,
 140.225586,   35.214865,       47.46,
 140.230090,   35.214865,       47.45,
 140.234595,   35.214865,       47.44,
 140.239099,   35.214865,       47.43,
 140.243604,   35.214865,       47.43,
 140.248108,   35.214865,       47.42,
 140.252613,   35.214865,       47.42,
 140.257117,   35.214865,       47.42,
 140.261622,   35.214865,       47.43,
 140.266126,   35.214865,       47.43,
 140.270631,   35.214865,       47.44,
 140.275135,   35.214865,       47.44,
 140.279640,   35.214865,       47.45,
 140.284144,   35.214865,       47.46,
 140.288649,   35.214865,       47.47,
 140.293153,   35.214865,       47.48,
 140.297658,   35.214865,       47.50,
 140.302162,   35.214865,       47.51,
 140.306667,   35.214865,       47.53,
 140.311171,   35.214865,       47.55,
 140.315676,   35.214865,       47.58,
 140.320180,   35.214865,       47.61,
 140.324685,   35.214865,       47.64,
 140.329189,   35.214865,       47.68,
 140.333694,   35.214865,       47.72,
 140.338198,   35.214865,       47.76,
 140.342703,   35.214865,       47.82,
 140.347207,   35.214865,       47.88,
 140.351712,   35.214865,       47.95,
 140.356216,   35.214865,       48.03,
 140.360721,   35.214865,       48.12,
 140.365225,   35.214865,       48.23,
 140.369730,   35.214865,       48.35,
 140.374234,   35.214865,       48.53,
 140.378739,   35.214865,       48.74,
 140.383243,   35.214865,       48.95,
 140.387748,   35.214865,       49.16,
 139.140000,   35.219369,       61.83,
 139.144505,   35.219369,       60.80,
 139.149009,   35.219369,       59.77,
 139.153514,   35.219369,       58.75,
 139.158018,   35.219369,       57.99,
 139.162523,   35.219369,       57.43,
 139.167027,   35.219369,       56.85,
 139.171532,   35.219369,       56.27,
 139.176036,   35.219369,       55.72,
 139.180541,   35.219369,       55.19,
 139.185045,   35.219369,       54.76,
 139.189550,   35.219369,       54.32,
 139.194054,   35.219369,       53.88,
 139.198559,   35.219369,       53.45,
 139.203063,   35.219369,       53.03,
 139.207568,   35.219369,       52.57,
 139.212072,   35.219369,       52.15,
 139.216577,   35.219369,       51.73,
 139.221081,   35.219369,       51.30,
 139.225586,   35.219369,       50.88,
 139.230090,   35.219369,       50.50,
 139.234595,   35.219369,       50.19,
 139.239099,   35.219369,       49.96,
 139.243604,   35.219369,       49.72,
 139.248108,   35.219369,       49.47,
 139.252613,   35.219369,       49.20,
 139.257117,   35.219369,       48.94,
 139.261622,   35.219369,       48.70,
 139.266126,   35.219369,       48.58,
 139.270631,   35.219369,       48.49,
 139.275135,   35.219369,       48.40,
 139.279640,   35.219369,       48.30,
 139.284144,   35.219369,       48.24,
 139.288649,   35.219369,       48.21,
 139.293153,   35.219369,       48.24,
 139.297658,   35.219369,       48.33,
 139.302162,   35.219369,       48.46,
 139.306667,   35.219369,       48.60,
 139.311171,   35.219369,       48.75,
 139.315676,   35.219369,       48.86,
 139.320180,   35.219369,       48.94,
 139.324685,   35.219369,       49.00,
 139.329189,   35.219369,       49.13,
 139.333694,   35.219369,       49.31,
 139.338198,   35.219369,       49.53,
 139.342703,   35.219369,       49.77,
 139.347207,   35.219369,       50.00,
 139.351712,   35.219369,       50.23,
 139.356216,   35.219369,       50.43,
 139.360721,   35.219369,       50.56,
 139.365225,   35.219369,       50.68,
 139.369730,   35.219369,       50.82,
 139.374234,   35.219369,       50.95,
 139.378739,   35.219369,       51.09,
 139.383243,   35.219369,       51.23,
 139.387748,   35.219369,       51.37,
 139.392252,   35.219369,       51.50,
 139.396757,   35.219369,       51.63,
 139.401261,   35.219369,       51.76,
 139.405766,   35.219369,       51.89,
 139.410270,   35.219369,       52.05,
 139.414775,   35.219369,       52.26,
 139.419279,   35.219369,       52.51,
 139.423784,   35.219369,       52.76,
 139.428288,   35.219369,       53.02,
 139.432793,   35.219369,       53.26,
 139.437297,   35.219369,       53.48,
 139.441802,   35.219369,       53.68,
 139.446306,   35.219369,       53.90,
 139.450811,   35.219369,       54.11,
 139.455315,   35.219369,       54.33,
 139.459820,   35.219369,       54.72,
 139.464324,   35.219369,       55.16,
 139.468829,   35.219369,       55.61,
 139.473333,   35.219369,       56.06,
 139.477838,   35.219369,       56.52,
 139.482342,   35.219369,       57.03,
 139.486847,   35.219369,       57.59,
 139.491351,   35.219369,       58.17,
 139.495856,   35.219369,       58.75,
 139.500360,   35.219369,       59.19,
 139.504865,   35.219369,       59.49,
 139.509369,   35.219369,       59.82,
 139.513874,   35.219369,       60.15,
 139.518378,   35.219369,       60.57,
 139.522883,   35.219369,       61.01,
 139.527387,   35.219369,       61.44,
 139.531892,   35.219369,       61.78,
 139.536396,   35.219369,       61.97,
 139.540901,   35.219369,       62.07,
 139.545405,   35.219369,       62.28,
 139.549910,   35.219369,       62.27,
 139.554414,   35.219369,       62.02,
 139.558919,   35.219369,       61.78,
 139.563423,   35.219369,       61.43,
 139.567928,   35.219369,       60.85,
 139.572432,   35.219369,       60.19,
 139.576937,   35.219369,       59.78,
 139.581441,   35.219369,       60.12,
 139.585946,   35.219369,       61.85,
 139.590450,   35.219369,       63.53,
 139.594955,   35.219369,       62.13,
 139.599459,   35.219369,       69.44,
 139.603964,   35.219369,       69.44,
 139.608468,   35.219369,       76.19,
 139.612973,   35.219369,       76.19,
 139.617477,   35.219369,       76.19,
 139.621982,   35.219369,       76.19,
 139.626486,   35.219369,       74.96,
 139.630991,   35.219369,       74.96,
 139.635495,   35.219369,       73.00,
 139.640000,   35.219369,       70.96,
 139.644505,   35.219369,       68.98,
 139.649009,   35.219369,       67.09,
 139.653514,   35.219369,       65.34,
 139.658018,   35.219369,       63.72,
 139.662523,   35.219369,       62.16,
 139.667027,   35.219369,       60.65,
 139.671532,   35.219369,       59.18,
 139.676036,   35.219369,       57.73,
 139.680541,   35.219369,       56.32,
 139.685045,   35.219369,       54.94,
 139.689550,   35.219369,       53.78,
 139.694054,   35.219369,       52.97,
 139.698559,   35.219369,       52.61,
 139.703063,   35.219369,       52.58,
 139.707568,   35.219369,       52.82,
 139.712072,   35.219369,       53.78,
 139.716577,   35.219369,       55.70,
 139.721081,   35.219369,       55.58,
 139.725586,   35.219369,       54.60,
 139.730090,   35.219369,       53.27,
 139.734595,   35.219369,       51.48,
 139.739099,   35.219369,       51.74,
 139.743604,   35.219369,       51.97,
 139.748108,   35.219369,       52.65,
 139.752613,   35.219369,       56.46,
 139.757117,   35.219369,       59.26,
 139.761622,   35.219369,       60.40,
 139.766126,   35.219369,       61.48,
 139.770631,   35.219369,       62.43,
 139.775135,   35.219369,       62.37,
 139.779640,   35.219369,       60.34,
 139.784144,   35.219369,       59.52,
 139.788649,   35.219369,       60.08,
 139.793153,   35.219369,       60.36,
 139.797658,   35.219369,       60.51,
 139.802162,   35.219369,       60.83,
 139.806667,   35.219369,       61.25,
 139.811171,   35.219369,       61.78,
 139.815676,   35.219369,       62.31,
 139.820180,   35.219369,       62.62,
 139.824685,   35.219369,       62.89,
 139.829189,   35.219369,       63.19,
 139.833694,   35.219369,       63.59,
 139.838198,   35.219369,       64.07,
 139.842703,   35.219369,       64.64,
 139.847207,   35.219369,       65.21,
 139.851712,   35.219369,       65.68,
 139.856216,   35.219369,       65.97,
 139.860721,   35.219369,       67.98,
 139.865225,   35.219369,       69.02,
 139.869730,   35.219369,       68.54,
 139.874234,   35.219369,       68.03,
 139.878739,   35.219369,       67.60,
 139.883243,   35.219369,       67.20,
 139.887748,   35.219369,       66.77,
 139.892252,   35.219369,       66.33,
 139.896757,   35.219369,       65.87,
 139.901261,   35.219369,       65.39,
 139.905766,   35.219369,       64.91,
 139.910270,   35.219369,       64.41,
 139.914775,   35.219369,       63.91,
 139.919279,   35.219369,       63.40,
 139.923784,   35.219369,       62.89,
 139.928288,   35.219369,       62.38,
 139.932793,   35.219369,       61.87,
 139.937297,   35.219369,       61.36,
 139.941802,   35.219369,       60.86,
 139.946306,   35.219369,       60.36,
 139.950811,   35.219369,       59.86,
 139.955315,   35.219369,       59.37,
 139.959820,   35.219369,       58.89,
 139.964324,   35.219369,       58.41,
 139.968829,   35.219369,       57.93,
 139.973333,   35.219369,       57.47,
 139.977838,   35.219369,       57.02,
 139.982342,   35.219369,       56.57,
 139.986847,   35.219369,       56.14,
 139.991351,   35.219369,       55.72,
 139.995856,   35.219369,       55.31,
 140.000360,   35.219369,       54.93,
 140.004865,   35.219369,       54.56,
 140.009369,   35.219369,       54.21,
 140.013874,   35.219369,       53.88,
 140.018378,   35.219369,       53.57,
 140.022883,   35.219369,       53.27,
 140.027387,   35.219369,       52.98,
 140.031892,   35.219369,       52.71,
 140.036396,   35.219369,       52.45,
 140.040901,   35.219369,       52.20,
 140.045405,   35.219369,       51.96,
 140.049910,   35.219369,       51.74,
 140.054414,   35.219369,       51.53,
 140.058919,   35.219369,       51.32,
 140.063423,   35.219369,       51.13,
 140.067928,   35.219369,       50.94,
 140.072432,   35.219369,       50.76,
 140.076937,   35.219369,       50.58,
 140.081441,   35.219369,       50.41,
 140.085946,   35.219369,       50.24,
 140.090450,   35.219369,       50.08,
 140.094955,   35.219369,       49.93,
 140.099459,   35.219369,       49.78,
 140.103964,   35.219369,       49.63,
 140.108468,   35.219369,       49.49,
 140.112973,   35.219369,       49.36,
 140.117477,   35.219369,       49.23,
 140.121982,   35.219369,       49.10,
 140.126486,   35.219369,       48.98,
 140.130991,   35.219369,       48.86,
 140.135495,   35.219369,       48.75,
 140.140000,   35.219369,       48.65,
 140.144505,   35.219369,       48.55,
 140.149009,   35.219369,       48.45,
 140.153514,   35.219369,       48.36,
 140.158018,   35.219369,       48.28,
 140.162523,   35.219369,       48.20,
 140.167027,   35.219369,       48.13,
 140.171532,   35.219369,       48.06,
 140.176036,   35.219369,       48.00,
 140.180541,   35.219369,       47.94,
 140.185045,   35.219369,       47.89,
 140.189550,   35.219369,       47.84,
 140.194054,   35.219369,       47.80,
 140.198559,   35.219369,       47.77,
 140.203063,   35.219369,       47.74,
 140.207568,   35.219369,       47.72,
 140.212072,   35.219369,       47.70,
 140.216577,   35.219369,       47.68,
 140.221081,   35.219369,       47.66,
 140.225586,   35.219369,       47.65,
 140.230090,   35.219369,       47.64,
 140.234595,   35.219369,       47.63,
 140.239099,   35.219369,       47.62,
 140.243604,   35.219369,       47.62,
 140.248108,   35.219369,       47.62,
 140.252613,   35.219369,       47.62,
 140.257117,   35.219369,       47.62,
 140.261622,   35.219369,       47.63,
 140.266126,   35.219369,       47.63,
 140.270631,   35.219369,       47.64,
 140.275135,   35.219369,       47.65,
 140.279640,   35.219369,       47.66,
 140.284144,   35.219369,       47.67,
 140.288649,   35.219369,       47.68,
 140.293153,   35.219369,       47.70,
 140.297658,   35.219369,       47.72,
 140.302162,   35.219369,       47.74,
 140.306667,   35.219369,       47.76,
 140.311171,   35.219369,       47.79,
 140.315676,   35.219369,       47.82,
 140.320180,   35.219369,       47.85,
 140.324685,   35.219369,       47.89,
 140.329189,   35.219369,       47.93,
 140.333694,   35.219369,       47.98,
 140.338198,   35.219369,       48.03,
 140.342703,   35.219369,       48.08,
 140.347207,   35.219369,       48.15,
 140.351712,   35.219369,       48.22,
 140.356216,   35.219369,       48.31,
 140.360721,   35.219369,       48.41,
 140.365225,   35.219369,       48.52,
 140.369730,   35.219369,       48.67,
 140.374234,   35.219369,       48.89,
 140.378739,   35.219369,       49.10,
 140.383243,   35.219369,       49.30,
 140.387748,   35.219369,       49.51,
 139.140000,   35.223874,       61.51,
 139.144505,   35.223874,       60.52,
 139.149009,   35.223874,       59.50,
 139.153514,   35.223874,       58.50,
 139.158018,   35.223874,       57.93,
 139.162523,   35.223874,       57.39,
 139.167027,   35.223874,       56.83,
 139.171532,   35.223874,       56.29,
 139.176036,   35.223874,       55.78,
 139.180541,   35.223874,       55.29,
 139.185045,   35.223874,       54.85,
 139.189550,   35.223874,       54.47,
 139.194054,   35.223874,       54.09,
 139.198559,   35.223874,       53.72,
 139.203063,   35.223874,       53.37,
 139.207568,   35.223874,       53.00,
 139.212072,   35.223874,       52.57,
 139.216577,   35.223874,       52.15,
 139.221081,   35.223874,       51.73,
 139.225586,   35.223874,       51.32,
 139.230090,   35.223874,       50.97,
 139.234595,   35.223874,       50.70,
 139.239099,   35.223874,       50.48,
 139.243604,   35.223874,       50.26,
 139.248108,   35.223874,       50.02,
 139.252613,   35.223874,       49.77,
 139.257117,   35.223874,       49.53,
 139.261622,   35.223874,       49.34,
 139.266126,   35.223874,       49.24,
 139.270631,   35.223874,       49.16,
 139.275135,   35.223874,       49.07,
 139.279640,   35.223874,       48.99,
 139.284144,   35.223874,       48.95,
 139.288649,   35.223874,       48.93,
 139.293153,   35.223874,       48.95,
 139.297658,   35.223874,       49.02,
 139.302162,   35.223874,       49.12,
 139.306667,   35.223874,       49.25,
 139.311171,   35.223874,       49.36,
 139.315676,   35.223874,       49.43,
 139.320180,   35.223874,       49.47,
 139.324685,   35.223874,       49.50,
 139.329189,   35.223874,       49.60,
 139.333694,   35.223874,       49.75,
 139.338198,   35.223874,       49.94,
 139.342703,   35.223874,       50.15,
 139.347207,   35.223874,       50.36,
 139.351712,   35.223874,       50.55,
 139.356216,   35.223874,       50.71,
 139.360721,   35.223874,       50.80,
 139.365225,   35.223874,       50.90,
 139.369730,   35.223874,       51.03,
 139.374234,   35.223874,       51.17,
 139.378739,   35.223874,       51.30,
 139.383243,   35.223874,       51.44,
 139.387748,   35.223874,       51.55,
 139.392252,   35.223874,       51.68,
 139.396757,   35.223874,       51.80,
 139.401261,   35.223874,       51.94,
 139.405766,   35.223874,       52.07,
 139.410270,   35.223874,       52.22,
 139.414775,   35.223874,       52.44,
 139.419279,   35.223874,       52.69,
 139.423784,   35.223874,       52.94,
 139.428288,   35.223874,       53.19,
 139.432793,   35.223874,       53.44,
 139.437297,   35.223874,       53.65,
 139.441802,   35.223874,       53.85,
 139.446306,   35.223874,       54.06,
 139.450811,   35.223874,       54.27,
 139.455315,   35.223874,       54.45,
 139.459820,   35.223874,       54.69,
 139.464324,   35.223874,       55.10,
 139.468829,   35.223874,       55.55,
 139.473333,   35.223874,       56.02,
 139.477838,   35.223874,       56.49,
 139.482342,   35.223874,       57.09,
 139.486847,   35.223874,       57.73,
 139.491351,   35.223874,       58.40,
 139.495856,   35.223874,       59.02,
 139.500360,   35.223874,       59.49,
 139.504865,   35.223874,       59.86,
 139.509369,   35.223874,       60.23,
 139.513874,   35.223874,       60.63,
 139.518378,   35.223874,       61.06,
 139.522883,   35.223874,       61.53,
 139.527387,   35.223874,       62.04,
 139.531892,   35.223874,       62.35,
 139.536396,   35.223874,       62.40,
 139.540901,   35.223874,       62.46,
 139.545405,   35.223874,       62.45,
 139.549910,   35.223874,       62.24,
 139.554414,   35.223874,       61.96,
 139.558919,   35.223874,       61.64,
 139.563423,   35.223874,       61.30,
 139.567928,   35.223874,       60.89,
 139.572432,   35.223874,       60.72,
 139.576937,   35.223874,       60.27,
 139.581441,   35.223874,       59.22,
 139.585946,   35.223874,       60.21,
 139.590450,   35.223874,       63.79,
 139.594955,   35.223874,       63.79,
 139.599459,   35.223874,       63.79,
 139.603964,   35.223874,       63.79,
 139.608468,   35.223874,       81.07,
 139.612973,   35.223874,       81.07,
 139.617477,   35.223874,       81.07,
 139.621982,   35.223874,       81.07,
 139.626486,   35.223874,       77.54,
 139.630991,   35.223874,       75.21,
 139.635495,   35.223874,       73.01,
 139.640000,   35.223874,       70.91,
 139.644505,   35.223874,       68.93,
 139.649009,   35.223874,       67.11,
 139.653514,   35.223874,       65.44,
 139.658018,   35.223874,       63.86,
 139.662523,   35.223874,       62.34,
 139.667027,   35.223874,       60.86,
 139.671532,   35.223874,       59.42,
 139.676036,   35.223874,       58.01,
 139.680541,   35.223874,       56.60,
 139.685045,   35.223874,       55.29,
 139.689550,   35.223874,       54.22,
 139.694054,   35.223874,       53.44,
 139.698559,   35.223874,       53.12,
 139.703063,   35.223874,       53.18,
 139.707568,   35.223874,       53.46,
 139.712072,   35.223874,       54.11,
 139.716577,   35.223874,       55.64,
 139.721081,   35.223874,       58.02,
 139.725586,   35.223874,       55.89,
 139.730090,   35.223874,       53.40,
 139.734595,   35.223874,       51.36,
 139.739099,   35.223874,       50.36,
 139.743604,   35.223874,       50.44,
 139.748108,   35.223874,       50.57,
 139.752613,   35.223874,       51.40,
 139.757117,   35.223874,       53.57,
 139.761622,   35.223874,       54.51,
 139.766126,   35.223874,       55.26,
 139.770631,   35.223874,       56.51,
 139.775135,   35.223874,       56.44,
 139.779640,   35.223874,       56.33,
 139.784144,   35.223874,       57.20,
 139.788649,   35.223874,       57.84,
 139.793153,   35.223874,       58.26,
 139.797658,   35.223874,       58.62,
 139.802162,   35.223874,       58.97,
 139.806667,   35.223874,       59.45,
 139.811171,   35.223874,       60.12,
 139.815676,   35.223874,       60.58,
 139.820180,   35.223874,       60.96,
 139.824685,   35.223874,       61.52,
 139.829189,   35.223874,       61.97,
 139.833694,   35.223874,       62.13,
 139.838198,   35.223874,       62.24,
 139.842703,   35.223874,       62.31,
 139.847207,   35.223874,       63.28,
 139.851712,   35.223874,       63.96,
 139.856216,   35.223874,       64.62,
 139.860721,   35.223874,       65.72,
 139.865225,   35.223874,       67.63,
 139.869730,   35.223874,       67.51,
 139.874234,   35.223874,       67.19,
 139.878739,   35.223874,       66.88,
 139.883243,   35.223874,       66.55,
 139.887748,   35.223874,       66.17,
 139.892252,   35.223874,       65.77,
 139.896757,   35.223874,       65.34,
 139.901261,   35.223874,       64.89,
 139.905766,   35.223874,       64.43,
 139.910270,   35.223874,       63.96,
 139.914775,   35.223874,       63.49,
 139.919279,   35.223874,       63.00,
 139.923784,   35.223874,       62.52,
 139.928288,   35.223874,       62.04,
 139.932793,   35.223874,       61.56,
 139.937297,   35.223874,       61.08,
 139.941802,   35.223874,       60.60,
 139.946306,   35.223874,       60.12,
 139.950811,   35.223874,       59.65,
 139.955315,   35.223874,       59.18,
 139.959820,   35.223874,       58.71,
 139.964324,   35.223874,       58.25,
 139.968829,   35.223874,       57.80,
 139.973333,   35.223874,       57.35,
 139.977838,   35.223874,       56.92,
 139.982342,   35.223874,       56.49,
 139.986847,   35.223874,       56.08,
 139.991351,   35.223874,       55.67,
 139.995856,   35.223874,       55.29,
 140.000360,   35.223874,       54.92,
 140.004865,   35.223874,       54.57,
 140.009369,   35.223874,       54.24,
 140.013874,   35.223874,       53.93,
 140.018378,   35.223874,       53.63,
 140.022883,   35.223874,       53.34,
 140.027387,   35.223874,       53.07,
 140.031892,   35.223874,       52.80,
 140.036396,   35.223874,       52.55,
 140.040901,   35.223874,       52.31,
 140.045405,   35.223874,       52.08,
 140.049910,   35.223874,       51.86,
 140.054414,   35.223874,       51.66,
 140.058919,   35.223874,       51.46,
 140.063423,   35.223874,       51.27,
 140.067928,   35.223874,       51.08,
 140.072432,   35.223874,       50.90,
 140.076937,   35.223874,       50.73,
 140.081441,   35.223874,       50.56,
 140.085946,   35.223874,       50.39,
 140.090450,   35.223874,       50.24,
 140.094955,   35.223874,       50.08,
 140.099459,   35.223874,       49.94,
 140.103964,   35.223874,       49.79,
 140.108468,   35.223874,       49.65,
 140.112973,   35.223874,       49.52,
 140.117477,   35.223874,       49.39,
 140.121982,   35.223874,       49.27,
 140.126486,   35.223874,       49.15,
 140.130991,   35.223874,       49.03,
 140.135495,   35.223874,       48.92,
 140.140000,   35.223874,       48.82,
 140.144505,   35.223874,       48.72,
 140.149009,   35.223874,       48.63,
 140.153514,   35.223874,       48.54,
 140.158018,   35.223874,       48.45,
 140.162523,   35.223874,       48.38,
 140.167027,   35.223874,       48.30,
 140.171532,   35.223874,       48.24,
 140.176036,   35.223874,       48.18,
 140.180541,   35.223874,       48.12,
 140.185045,   35.223874,       48.07,
 140.189550,   35.223874,       48.03,
 140.194054,   35.223874,       47.99,
 140.198559,   35.223874,       47.95,
 140.203063,   35.223874,       47.93,
 140.207568,   35.223874,       47.90,
 140.212072,   35.223874,       47.88,
 140.216577,   35.223874,       47.86,
 140.221081,   35.223874,       47.85,
 140.225586,   35.223874,       47.84,
 140.230090,   35.223874,       47.82,
 140.234595,   35.223874,       47.82,
 140.239099,   35.223874,       47.81,
 140.243604,   35.223874,       47.81,
 140.248108,   35.223874,       47.81,
 140.252613,   35.223874,       47.81,
 140.257117,   35.223874,       47.82,
 140.261622,   35.223874,       47.83,
 140.266126,   35.223874,       47.83,
 140.270631,   35.223874,       47.84,
 140.275135,   35.223874,       47.86,
 140.279640,   35.223874,       47.87,
 140.284144,   35.223874,       47.88,
 140.288649,   35.223874,       47.90,
 140.293153,   35.223874,       47.92,
 140.297658,   35.223874,       47.94,
 140.302162,   35.223874,       47.97,
 140.306667,   35.223874,       48.00,
 140.311171,   35.223874,       48.03,
 140.315676,   35.223874,       48.06,
 140.320180,   35.223874,       48.10,
 140.324685,   35.223874,       48.14,
 140.329189,   35.223874,       48.18,
 140.333694,   35.223874,       48.23,
 140.338198,   35.223874,       48.29,
 140.342703,   35.223874,       48.35,
 140.347207,   35.223874,       48.42,
 140.351712,   35.223874,       48.50,
 140.356216,   35.223874,       48.59,
 140.360721,   35.223874,       48.69,
 140.365225,   35.223874,       48.81,
 140.369730,   35.223874,       49.03,
 140.374234,   35.223874,       49.24,
 140.378739,   35.223874,       49.45,
 140.383243,   35.223874,       49.66,
 140.387748,   35.223874,       49.87,
 139.140000,   35.228378,       61.19,
 139.144505,   35.228378,       60.28,
 139.149009,   35.228378,       59.38,
 139.153514,   35.228378,       58.53,
 139.158018,   35.228378,       57.89,
 139.162523,   35.228378,       57.35,
 139.167027,   35.228378,       56.83,
 139.171532,   35.228378,       56.35,
 139.176036,   35.228378,       55.86,
 139.180541,   35.228378,       55.38,
 139.185045,   35.228378,       54.93,
 139.189550,   35.228378,       54.57,
 139.194054,   35.228378,       54.23,
 139.198559,   35.228378,       53.89,
 139.203063,   35.228378,       53.55,
 139.207568,   35.228378,       53.27,
 139.212072,   35.228378,       52.92,
 139.216577,   35.228378,       52.54,
 139.221081,   35.228378,       52.15,
 139.225586,   35.228378,       51.75,
 139.230090,   35.228378,       51.44,
 139.234595,   35.228378,       51.19,
 139.239099,   35.228378,       50.99,
 139.243604,   35.228378,       50.78,
 139.248108,   35.228378,       50.57,
 139.252613,   35.228378,       50.34,
 139.257117,   35.228378,       50.13,
 139.261622,   35.228378,       49.97,
 139.266126,   35.228378,       49.87,
 139.270631,   35.228378,       49.80,
 139.275135,   35.228378,       49.74,
 139.279640,   35.228378,       49.68,
 139.284144,   35.228378,       49.64,
 139.288649,   35.228378,       49.63,
 139.293153,   35.228378,       49.65,
 139.297658,   35.228378,       49.70,
 139.302162,   35.228378,       49.78,
 139.306667,   35.228378,       49.89,
 139.311171,   35.228378,       49.94,
 139.315676,   35.228378,       49.96,
 139.320180,   35.228378,       49.97,
 139.324685,   35.228378,       49.99,
 139.329189,   35.228378,       50.06,
 139.333694,   35.228378,       50.18,
 139.338198,   35.228378,       50.34,
 139.342703,   35.228378,       50.53,
 139.347207,   35.228378,       50.71,
 139.351712,   35.228378,       50.86,
 139.356216,   35.228378,       50.98,
 139.360721,   35.228378,       51.05,
 139.365225,   35.228378,       51.12,
 139.369730,   35.228378,       51.24,
 139.374234,   35.228378,       51.37,
 139.378739,   35.228378,       51.49,
 139.383243,   35.228378,       51.59,
 139.387748,   35.228378,       51.69,
 139.392252,   35.228378,       51.81,
 139.396757,   35.228378,       51.95,
 139.401261,   35.228378,       52.09,
 139.405766,   35.228378,       52.23,
 139.410270,   35.228378,       52.38,
 139.414775,   35.228378,       52.61,
 139.419279,   35.228378,       52.86,
 139.423784,   35.228378,       53.10,
 139.428288,   35.228378,       53.35,
 139.432793,   35.228378,       53.58,
 139.437297,   35.228378,       53.79,
 139.441802,   35.228378,       54.00,
 139.446306,   35.228378,       54.21,
 139.450811,   35.228378,       54.40,
 139.455315,   35.228378,       54.54,
 139.459820,   35.228378,       54.71,
 139.464324,   35.228378,       55.03,
 139.468829,   35.228378,       55.49,
 139.473333,   35.228378,       55.99,
 139.477838,   35.228378,       56.55,
 139.482342,   35.228378,       57.22,
 139.486847,   35.228378,       57.91,
 139.491351,   35.228378,       58.61,
 139.495856,   35.228378,       59.31,
 139.500360,   35.228378,       59.81,
 139.504865,   35.228378,       60.19,
 139.509369,   35.228378,       60.59,
 139.513874,   35.228378,       61.01,
 139.518378,   35.228378,       61.47,
 139.522883,   35.228378,       61.93,
 139.527387,   35.228378,       62.40,
 139.531892,   35.228378,       62.69,
 139.536396,   35.228378,       62.76,
 139.540901,   35.228378,       62.80,
 139.545405,   35.228378,       62.63,
 139.549910,   35.228378,       62.38,
 139.554414,   35.228378,       62.11,
 139.558919,   35.228378,       61.79,
 139.563423,   35.228378,       61.43,
 139.567928,   35.228378,       61.43,
 139.572432,   35.228378,       61.58,
 139.576937,   35.228378,       61.01,
 139.581441,   35.228378,       59.27,
 139.585946,   35.228378,       57.57,
 139.590450,   35.228378,       69.14,
 139.594955,   35.228378,       69.14,
 139.599459,   35.228378,       69.14,
 139.603964,   35.228378,       86.91,
 139.608468,   35.228378,       86.91,
 139.612973,   35.228378,       86.91,
 139.617477,   35.228378,       86.91,
 139.621982,   35.228378,       81.65,
 139.626486,   35.228378,       78.45,
 139.630991,   35.228378,       75.82,
 139.635495,   35.228378,       73.44,
 139.640000,   35.228378,       71.23,
 139.644505,   35.228378,       69.17,
 139.649009,   35.228378,       67.26,
 139.653514,   35.228378,       65.49,
 139.658018,   35.228378,       63.87,
 139.662523,   35.228378,       62.39,
 139.667027,   35.228378,       60.95,
 139.671532,   35.228378,       59.55,
 139.676036,   35.228378,       58.18,
 139.680541,   35.228378,       56.86,
 139.685045,   35.228378,       55.63,
 139.689550,   35.228378,       54.58,
 139.694054,   35.228378,       53.78,
 139.698559,   35.228378,       53.36,
 139.703063,   35.228378,       53.39,
 139.707568,   35.228378,       53.60,
 139.712072,   35.228378,       54.02,
 139.716577,   35.228378,       54.75,
 139.721081,   35.228378,       55.66,
 139.725586,   35.228378,       55.17,
 139.730090,   35.228378,       52.85,
 139.734595,   35.228378,       50.94,
 139.739099,   35.228378,       49.36,
 139.743604,   35.228378,       48.87,
 139.748108,   35.228378,       49.21,
 139.752613,   35.228378,       49.64,
 139.757117,   35.228378,       50.57,
 139.761622,   35.228378,       51.86,
 139.766126,   35.228378,       52.93,
 139.770631,   35.228378,       53.64,
 139.775135,   35.228378,       54.13,
 139.779640,   35.228378,       54.85,
 139.784144,   35.228378,       55.61,
 139.788649,   35.228378,       56.18,
 139.793153,   35.228378,       56.55,
 139.797658,   35.228378,       56.86,
 139.802162,   35.228378,       57.37,
 139.806667,   35.228378,       58.26,
 139.811171,   35.228378,       59.11,
 139.815676,   35.228378,       59.63,
 139.820180,   35.228378,       60.07,
 139.824685,   35.228378,       60.47,
 139.829189,   35.228378,       60.86,
 139.833694,   35.228378,       61.09,
 139.838198,   35.228378,       61.25,
 139.842703,   35.228378,       61.51,
 139.847207,   35.228378,       62.02,
 139.851712,   35.228378,       62.65,
 139.856216,   35.228378,       63.68,
 139.860721,   35.228378,       64.90,
 139.865225,   35.228378,       66.07,
 139.869730,   35.228378,       66.81,
 139.874234,   35.228378,       66.53,
 139.878739,   35.228378,       66.27,
 139.883243,   35.228378,       65.97,
 139.887748,   35.228378,       65.63,
 139.892252,   35.228378,       65.25,
 139.896757,   35.228378,       64.86,
 139.901261,   35.228378,       64.44,
 139.905766,   35.228378,       64.00,
 139.910270,   35.228378,       63.56,
 139.914775,   35.228378,       63.10,
 139.919279,   35.228378,       62.65,
 139.923784,   35.228378,       62.19,
 139.928288,   35.228378,       61.73,
 139.932793,   35.228378,       61.27,
 139.937297,   35.228378,       60.81,
 139.941802,   35.228378,       60.36,
 139.946306,   35.228378,       59.90,
 139.950811,   35.228378,       59.45,
 139.955315,   35.228378,       59.00,
 139.959820,   35.228378,       58.55,
 139.964324,   35.228378,       58.11,
 139.968829,   35.228378,       57.68,
 139.973333,   35.228378,       57.25,
 139.977838,   35.228378,       56.83,
 139.982342,   35.228378,       56.42,
 139.986847,   35.228378,       56.02,
 139.991351,   35.228378,       55.64,
 139.995856,   35.228378,       55.27,
 140.000360,   35.228378,       54.93,
 140.004865,   35.228378,       54.59,
 140.009369,   35.228378,       54.28,
 140.013874,   35.228378,       53.98,
 140.018378,   35.228378,       53.69,
 140.022883,   35.228378,       53.41,
 140.027387,   35.228378,       53.15,
 140.031892,   35.228378,       52.89,
 140.036396,   35.228378,       52.65,
 140.040901,   35.228378,       52.42,
 140.045405,   35.228378,       52.20,
 140.049910,   35.228378,       51.99,
 140.054414,   35.228378,       51.79,
 140.058919,   35.228378,       51.59,
 140.063423,   35.228378,       51.40,
 140.067928,   35.228378,       51.22,
 140.072432,   35.228378,       51.04,
 140.076937,   35.228378,       50.87,
 140.081441,   35.228378,       50.70,
 140.085946,   35.228378,       50.54,
 140.090450,   35.228378,       50.39,
 140.094955,   35.228378,       50.24,
 140.099459,   35.228378,       50.09,
 140.103964,   35.228378,       49.95,
 140.108468,   35.228378,       49.81,
 140.112973,   35.228378,       49.68,
 140.117477,   35.228378,       49.55,
 140.121982,   35.228378,       49.43,
 140.126486,   35.228378,       49.31,
 140.130991,   35.228378,       49.20,
 140.135495,   35.228378,       49.09,
 140.140000,   35.228378,       48.99,
 140.144505,   35.228378,       48.89,
 140.149009,   35.228378,       48.80,
 140.153514,   35.228378,       48.71,
 140.158018,   35.228378,       48.63,
 140.162523,   35.228378,       48.55,
 140.167027,   35.228378,       48.48,
 140.171532,   35.228378,       48.41,
 140.176036,   35.228378,       48.35,
 140.180541,   35.228378,       48.30,
 140.185045,   35.228378,       48.25,
 140.189550,   35.228378,       48.21,
 140.194054,   35.228378,       48.17,
 140.198559,   35.228378,       48.14,
 140.203063,   35.228378,       48.11,
 140.207568,   35.228378,       48.09,
 140.212072,   35.228378,       48.07,
 140.216577,   35.228378,       48.05,
 140.221081,   35.228378,       48.04,
 140.225586,   35.228378,       48.02,
 140.230090,   35.228378,       48.01,
 140.234595,   35.228378,       48.01,
 140.239099,   35.228378,       48.00,
 140.243604,   35.228378,       48.00,
 140.248108,   35.228378,       48.01,
 140.252613,   35.228378,       48.01,
 140.257117,   35.228378,       48.02,
 140.261622,   35.228378,       48.03,
 140.266126,   35.228378,       48.04,
 140.270631,   35.228378,       48.05,
 140.275135,   35.228378,       48.07,
 140.279640,   35.228378,       48.08,
 140.284144,   35.228378,       48.10,
 140.288649,   35.228378,       48.12,
 140.293153,   35.228378,       48.15,
 140.297658,   35.228378,       48.17,
 140.302162,   35.228378,       48.20,
 140.306667,   35.228378,       48.23,
 140.311171,   35.228378,       48.27,
 140.315676,   35.228378,       48.30,
 140.320180,   35.228378,       48.34,
 140.324685,   35.228378,       48.39,
 140.329189,   35.228378,       48.44,
 140.333694,   35.228378,       48.49,
 140.338198,   35.228378,       48.55,
 140.342703,   35.228378,       48.62,
 140.347207,   35.228378,       48.69,
 140.351712,   35.228378,       48.78,
 140.356216,   35.228378,       48.87,
 140.360721,   35.228378,       48.98,
 140.365225,   35.228378,       49.17,
 140.369730,   35.228378,       49.38,
 140.374234,   35.228378,       49.60,
 140.378739,   35.228378,       49.81,
 140.383243,   35.228378,       50.02,
 140.387748,   35.228378,       50.23,
 139.140000,   35.232883,       61.04,
 139.144505,   35.232883,       60.21,
 139.149009,   35.232883,       59.37,
 139.153514,   35.232883,       58.53,
 139.158018,   35.232883,       57.85,
 139.162523,   35.232883,       57.36,
 139.167027,   35.232883,       56.88,
 139.171532,   35.232883,       56.41,
 139.176036,   35.232883,       55.94,
 139.180541,   35.232883,       55.47,
 139.185045,   35.232883,       55.02,
 139.189550,   35.232883,       54.69,
 139.194054,   35.232883,       54.36,
 139.198559,   35.232883,       54.03,
 139.203063,   35.232883,       53.73,
 139.207568,   35.232883,       53.45,
 139.212072,   35.232883,       53.18,
 139.216577,   35.232883,       52.87,
 139.221081,   35.232883,       52.54,
 139.225586,   35.232883,       52.18,
 139.230090,   35.232883,       51.89,
 139.234595,   35.232883,       51.65,
 139.239099,   35.232883,       51.45,
 139.243604,   35.232883,       51.27,
 139.248108,   35.232883,       51.09,
 139.252613,   35.232883,       50.91,
 139.257117,   35.232883,       50.72,
 139.261622,   35.232883,       50.58,
 139.266126,   35.232883,       50.47,
 139.270631,   35.232883,       50.39,
 139.275135,   35.232883,       50.33,
 139.279640,   35.232883,       50.32,
 139.284144,   35.232883,       50.29,
 139.288649,   35.232883,       50.29,
 139.293153,   35.232883,       50.32,
 139.297658,   35.232883,       50.36,
 139.302162,   35.232883,       50.43,
 139.306667,   35.232883,       50.47,
 139.311171,   35.232883,       50.45,
 139.315676,   35.232883,       50.44,
 139.320180,   35.232883,       50.45,
 139.324685,   35.232883,       50.46,
 139.329189,   35.232883,       50.52,
 139.333694,   35.232883,       50.61,
 139.338198,   35.232883,       50.74,
 139.342703,   35.232883,       50.90,
 139.347207,   35.232883,       51.04,
 139.351712,   35.232883,       51.14,
 139.356216,   35.232883,       51.21,
 139.360721,   35.232883,       51.27,
 139.365225,   35.232883,       51.35,
 139.369730,   35.232883,       51.45,
 139.374234,   35.232883,       51.55,
 139.378739,   35.232883,       51.64,
 139.383243,   35.232883,       51.72,
 139.387748,   35.232883,       51.81,
 139.392252,   35.232883,       51.93,
 139.396757,   35.232883,       52.07,
 139.401261,   35.232883,       52.23,
 139.405766,   35.232883,       52.38,
 139.410270,   35.232883,       52.54,
 139.414775,   35.232883,       52.77,
 139.419279,   35.232883,       53.01,
 139.423784,   35.232883,       53.25,
 139.428288,   35.232883,       53.49,
 139.432793,   35.232883,       53.72,
 139.437297,   35.232883,       53.92,
 139.441802,   35.232883,       54.14,
 139.446306,   35.232883,       54.36,
 139.450811,   35.232883,       54.50,
 139.455315,   35.232883,       54.60,
 139.459820,   35.232883,       54.73,
 139.464324,   35.232883,       54.94,
 139.468829,   35.232883,       55.44,
 139.473333,   35.232883,       56.01,
 139.477838,   35.232883,       56.62,
 139.482342,   35.232883,       57.29,
 139.486847,   35.232883,       58.02,
 139.491351,   35.232883,       58.74,
 139.495856,   35.232883,       59.49,
 139.500360,   35.232883,       60.10,
 139.504865,   35.232883,       60.52,
 139.509369,   35.232883,       60.93,
 139.513874,   35.232883,       61.36,
 139.518378,   35.232883,       61.81,
 139.522883,   35.232883,       62.22,
 139.527387,   35.232883,       62.62,
 139.531892,   35.232883,       62.91,
 139.536396,   35.232883,       63.02,
 139.540901,   35.232883,       63.08,
 139.545405,   35.232883,       62.88,
 139.549910,   35.232883,       62.65,
 139.554414,   35.232883,       62.44,
 139.558919,   35.232883,       62.14,
 139.563423,   35.232883,       61.89,
 139.567928,   35.232883,       61.98,
 139.572432,   35.232883,       62.15,
 139.576937,   35.232883,       61.92,
 139.581441,   35.232883,       60.32,
 139.585946,   35.232883,       58.48,
 139.590450,   35.232883,       67.48,
 139.594955,   35.232883,       67.48,
 139.599459,   35.232883,       67.48,
 139.603964,   35.232883,       86.04,
 139.608468,   35.232883,       86.04,
 139.612973,   35.232883,       86.04,
 139.617477,   35.232883,       86.04,
 139.621982,   35.232883,       81.73,
 139.626486,   35.232883,       78.71,
 139.630991,   35.232883,       76.08,
 139.635495,   35.232883,       73.66,
 139.640000,   35.232883,       71.41,
 139.644505,   35.232883,       69.32,
 139.649009,   35.232883,       67.36,
 139.653514,   35.232883,       65.55,
 139.658018,   35.232883,       63.88,
 139.662523,   35.232883,       62.35,
 139.667027,   35.232883,       60.95,
 139.671532,   35.232883,       59.60,
 139.676036,   35.232883,       58.27,
 139.680541,   35.232883,       57.03,
 139.685045,   35.232883,       55.88,
 139.689550,   35.232883,       54.84,
 139.694054,   35.232883,       54.01,
 139.698559,   35.232883,       53.51,
 139.703063,   35.232883,       53.43,
 139.707568,   35.232883,       53.53,
 139.712072,   35.232883,       53.75,
 139.716577,   35.232883,       54.07,
 139.721081,   35.232883,       54.45,
 139.725586,   35.232883,       54.16,
 139.730090,   35.232883,       52.25,
 139.734595,   35.232883,       50.57,
 139.739099,   35.232883,       48.90,
 139.743604,   35.232883,       47.75,
 139.748108,   35.232883,       48.21,
 139.752613,   35.232883,       48.62,
 139.757117,   35.232883,       48.87,
 139.761622,   35.232883,       49.90,
 139.766126,   35.232883,       50.95,
 139.770631,   35.232883,       51.78,
 139.775135,   35.232883,       52.47,
 139.779640,   35.232883,       53.23,
 139.784144,   35.232883,       54.06,
 139.788649,   35.232883,       54.59,
 139.793153,   35.232883,       54.92,
 139.797658,   35.232883,       55.26,
 139.802162,   35.232883,       56.23,
 139.806667,   35.232883,       57.26,
 139.811171,   35.232883,       58.18,
 139.815676,   35.232883,       58.92,
 139.820180,   35.232883,       59.41,
 139.824685,   35.232883,       59.79,
 139.829189,   35.232883,       60.15,
 139.833694,   35.232883,       60.37,
 139.838198,   35.232883,       60.55,
 139.842703,   35.232883,       60.89,
 139.847207,   35.232883,       61.39,
 139.851712,   35.232883,       61.89,
 139.856216,   35.232883,       62.97,
 139.860721,   35.232883,       64.23,
 139.865225,   35.232883,       65.47,
 139.869730,   35.232883,       66.53,
 139.874234,   35.232883,       66.09,
 139.878739,   35.232883,       65.79,
 139.883243,   35.232883,       65.47,
 139.887748,   35.232883,       65.14,
 139.892252,   35.232883,       64.79,
 139.896757,   35.232883,       64.42,
 139.901261,   35.232883,       64.02,
 139.905766,   35.232883,       63.61,
 139.910270,   35.232883,       63.19,
 139.914775,   35.232883,       62.76,
 139.919279,   35.232883,       62.32,
 139.923784,   35.232883,       61.89,
 139.928288,   35.232883,       61.45,
 139.932793,   35.232883,       61.01,
 139.937297,   35.232883,       60.58,
 139.941802,   35.232883,       60.14,
 139.946306,   35.232883,       59.70,
 139.950811,   35.232883,       59.27,
 139.955315,   35.232883,       58.84,
 139.959820,   35.232883,       58.41,
 139.964324,   35.232883,       57.98,
 139.968829,   35.232883,       57.57,
 139.973333,   35.232883,       57.16,
 139.977838,   35.232883,       56.76,
 139.982342,   35.232883,       56.36,
 139.986847,   35.232883,       55.98,
 139.991351,   35.232883,       55.62,
 139.995856,   35.232883,       55.27,
 140.000360,   35.232883,       54.94,
 140.004865,   35.232883,       54.62,
 140.009369,   35.232883,       54.32,
 140.013874,   35.232883,       54.03,
 140.018378,   35.232883,       53.76,
 140.022883,   35.232883,       53.49,
 140.027387,   35.232883,       53.23,
 140.031892,   35.232883,       52.99,
 140.036396,   35.232883,       52.75,
 140.040901,   35.232883,       52.53,
 140.045405,   35.232883,       52.32,
 140.049910,   35.232883,       52.11,
 140.054414,   35.232883,       51.92,
 140.058919,   35.232883,       51.72,
 140.063423,   35.232883,       51.54,
 140.067928,   35.232883,       51.36,
 140.072432,   35.232883,       51.18,
 140.076937,   35.232883,       51.01,
 140.081441,   35.232883,       50.85,
 140.085946,   35.232883,       50.69,
 140.090450,   35.232883,       50.54,
 140.094955,   35.232883,       50.39,
 140.099459,   35.232883,       50.24,
 140.103964,   35.232883,       50.10,
 140.108468,   35.232883,       49.97,
 140.112973,   35.232883,       49.84,
 140.117477,   35.232883,       49.71,
 140.121982,   35.232883,       49.59,
 140.126486,   35.232883,       49.48,
 140.130991,   35.232883,       49.36,
 140.135495,   35.232883,       49.26,
 140.140000,   35.232883,       49.16,
 140.144505,   35.232883,       49.06,
 140.149009,   35.232883,       48.97,
 140.153514,   35.232883,       48.88,
 140.158018,   35.232883,       48.80,
 140.162523,   35.232883,       48.73,
 140.167027,   35.232883,       48.66,
 140.171532,   35.232883,       48.59,
 140.176036,   35.232883,       48.53,
 140.180541,   35.232883,       48.48,
 140.185045,   35.232883,       48.43,
 140.189550,   35.232883,       48.39,
 140.194054,   35.232883,       48.35,
 140.198559,   35.232883,       48.32,
 140.203063,   35.232883,       48.29,
 140.207568,   35.232883,       48.27,
 140.212072,   35.232883,       48.25,
 140.216577,   35.232883,       48.24,
 140.221081,   35.232883,       48.22,
 140.225586,   35.232883,       48.21,
 140.230090,   35.232883,       48.20,
 140.234595,   35.232883,       48.20,
 140.239099,   35.232883,       48.20,
 140.243604,   35.232883,       48.20,
 140.248108,   35.232883,       48.20,
 140.252613,   35.232883,       48.21,
 140.257117,   35.232883,       48.22,
 140.261622,   35.232883,       48.23,
 140.266126,   35.232883,       48.24,
 140.270631,   35.232883,       48.26,
 140.275135,   35.232883,       48.28,
 140.279640,   35.232883,       48.30,
 140.284144,   35.232883,       48.32,
 140.288649,   35.232883,       48.34,
 140.293153,   35.232883,       48.37,
 140.297658,   35.232883,       48.40,
 140.302162,   35.232883,       48.43,
 140.306667,   35.232883,       48.47,
 140.311171,   35.232883,       48.50,
 140.315676,   35.232883,       48.55,
 140.320180,   35.232883,       48.59,
 140.324685,   35.232883,       48.64,
 140.329189,   35.232883,       48.69,
 140.333694,   35.232883,       48.75,
 140.338198,   35.232883,       48.82,
 140.342703,   35.232883,       48.89,
 140.347207,   35.232883,       48.97,
 140.351712,   35.232883,       49.05,
 140.356216,   35.232883,       49.15,
 140.360721,   35.232883,       49.30,
 140.365225,   35.232883,       49.52,
 140.369730,   35.232883,       49.74,
 140.374234,   35.232883,       49.96,
 140.378739,   35.232883,       50.17,
 140.383243,   35.232883,       50.38,
 140.387748,   35.232883,       50.59,
 139.140000,   35.237387,       60.90,
 139.144505,   35.237387,       60.14,
 139.149009,   35.237387,       59.32,
 139.153514,   35.237387,       58.56,
 139.158018,   35.237387,       57.96,
 139.162523,   35.237387,       57.46,
 139.167027,   35.237387,       56.95,
 139.171532,   35.237387,       56.47,
 139.176036,   35.237387,       56.03,
 139.180541,   35.237387,       55.59,
 139.185045,   35.237387,       55.19,
 139.189550,   35.237387,       54.86,
 139.194054,   35.237387,       54.52,
 139.198559,   35.237387,       54.19,
 139.203063,   35.237387,       53.90,
 139.207568,   35.237387,       53.63,
 139.212072,   35.237387,       53.38,
 139.216577,   35.237387,       53.13,
 139.221081,   35.237387,       52.86,
 139.225586,   35.237387,       52.58,
 139.230090,   35.237387,       52.31,
 139.234595,   35.237387,       52.07,
 139.239099,   35.237387,       51.86,
 139.243604,   35.237387,       51.68,
 139.248108,   35.237387,       51.52,
 139.252613,   35.237387,       51.39,
 139.257117,   35.237387,       51.28,
 139.261622,   35.237387,       51.14,
 139.266126,   35.237387,       51.03,
 139.270631,   35.237387,       50.93,
 139.275135,   35.237387,       50.86,
 139.279640,   35.237387,       50.86,
 139.284144,   35.237387,       50.88,
 139.288649,   35.237387,       50.89,
 139.293153,   35.237387,       50.92,
 139.297658,   35.237387,       50.93,
 139.302162,   35.237387,       50.93,
 139.306667,   35.237387,       50.90,
 139.311171,   35.237387,       50.89,
 139.315676,   35.237387,       50.90,
 139.320180,   35.237387,       50.91,
 139.324685,   35.237387,       50.92,
 139.329189,   35.237387,       50.96,
 139.333694,   35.237387,       51.03,
 139.338198,   35.237387,       51.13,
 139.342703,   35.237387,       51.26,
 139.347207,   35.237387,       51.32,
 139.351712,   35.237387,       51.36,
 139.356216,   35.237387,       51.38,
 139.360721,   35.237387,       51.42,
 139.365225,   35.237387,       51.49,
 139.369730,   35.237387,       51.56,
 139.374234,   35.237387,       51.65,
 139.378739,   35.237387,       51.73,
 139.383243,   35.237387,       51.83,
 139.387748,   35.237387,       51.93,
 139.392252,   35.237387,       52.05,
 139.396757,   35.237387,       52.19,
 139.401261,   35.237387,       52.35,
 139.405766,   35.237387,       52.52,
 139.410270,   35.237387,       52.69,
 139.414775,   35.237387,       52.91,
 139.419279,   35.237387,       53.16,
 139.423784,   35.237387,       53.40,
 139.428288,   35.237387,       53.64,
 139.432793,   35.237387,       53.79,
 139.437297,   35.237387,       53.94,
 139.441802,   35.237387,       54.14,
 139.446306,   35.237387,       54.35,
 139.450811,   35.237387,       54.51,
 139.455315,   35.237387,       54.61,
 139.459820,   35.237387,       54.74,
 139.464324,   35.237387,       54.89,
 139.468829,   35.237387,       55.38,
 139.473333,   35.237387,       56.00,
 139.477838,   35.237387,       56.66,
 139.482342,   35.237387,       57.34,
 139.486847,   35.237387,       58.06,
 139.491351,   35.237387,       58.79,
 139.495856,   35.237387,       59.52,
 139.500360,   35.237387,       60.24,
 139.504865,   35.237387,       60.79,
 139.509369,   35.237387,       61.23,
 139.513874,   35.237387,       61.65,
 139.518378,   35.237387,       62.03,
 139.522883,   35.237387,       62.42,
 139.527387,   35.237387,       62.82,
 139.531892,   35.237387,       63.17,
 139.536396,   35.237387,       63.21,
 139.540901,   35.237387,       63.24,
 139.545405,   35.237387,       63.21,
 139.549910,   35.237387,       63.03,
 139.554414,   35.237387,       62.91,
 139.558919,   35.237387,       62.71,
 139.563423,   35.237387,       62.53,
 139.567928,   35.237387,       62.51,
 139.572432,   35.237387,       62.59,
 139.576937,   35.237387,       62.62,
 139.581441,   35.237387,       62.17,
 139.585946,   35.237387,       61.48,
 139.590450,   35.237387,       59.67,
 139.594955,   35.237387,       59.67,
 139.599459,   35.237387,       59.67,
 139.603964,   35.237387,       59.67,
 139.608468,   35.237387,       78.61,
 139.612973,   35.237387,       78.61,
 139.617477,   35.237387,       78.61,
 139.621982,   35.237387,       78.61,
 139.626486,   35.237387,       78.61,
 139.630991,   35.237387,       76.05,
 139.635495,   35.237387,       73.66,
 139.640000,   35.237387,       71.41,
 139.644505,   35.237387,       69.31,
 139.649009,   35.237387,       67.35,
 139.653514,   35.237387,       65.53,
 139.658018,   35.237387,       63.84,
 139.662523,   35.237387,       62.29,
 139.667027,   35.237387,       60.88,
 139.671532,   35.237387,       59.58,
 139.676036,   35.237387,       58.31,
 139.680541,   35.237387,       57.12,
 139.685045,   35.237387,       56.03,
 139.689550,   35.237387,       55.02,
 139.694054,   35.237387,       54.16,
 139.698559,   35.237387,       53.58,
 139.703063,   35.237387,       53.40,
 139.707568,   35.237387,       53.40,
 139.712072,   35.237387,       53.46,
 139.716577,   35.237387,       53.56,
 139.721081,   35.237387,       53.66,
 139.725586,   35.237387,       53.35,
 139.730090,   35.237387,       51.90,
 139.734595,   35.237387,       50.19,
 139.739099,   35.237387,       48.92,
 139.743604,   35.237387,       48.01,
 139.748108,   35.237387,       47.61,
 139.752613,   35.237387,       47.92,
 139.757117,   35.237387,       48.13,
 139.761622,   35.237387,       48.48,
 139.766126,   35.237387,       49.35,
 139.770631,   35.237387,       50.09,
 139.775135,   35.237387,       50.70,
 139.779640,   35.237387,       51.45,
 139.784144,   35.237387,       52.26,
 139.788649,   35.237387,       52.96,
 139.793153,   35.237387,       53.45,
 139.797658,   35.237387,       54.31,
 139.802162,   35.237387,       55.46,
 139.806667,   35.237387,       56.49,
 139.811171,   35.237387,       57.44,
 139.815676,   35.237387,       58.30,
 139.820180,   35.237387,       58.89,
 139.824685,   35.237387,       59.32,
 139.829189,   35.237387,       59.72,
 139.833694,   35.237387,       60.01,
 139.838198,   35.237387,       60.22,
 139.842703,   35.237387,       60.53,
 139.847207,   35.237387,       61.01,
 139.851712,   35.237387,       61.71,
 139.856216,   35.237387,       62.55,
 139.860721,   35.237387,       63.80,
 139.865225,   35.237387,       65.23,
 139.869730,   35.237387,       66.32,
 139.874234,   35.237387,       65.89,
 139.878739,   35.237387,       65.42,
 139.883243,   35.237387,       65.07,
 139.887748,   35.237387,       64.73,
 139.892252,   35.237387,       64.38,
 139.896757,   35.237387,       64.02,
 139.901261,   35.237387,       63.64,
 139.905766,   35.237387,       63.25,
 139.910270,   35.237387,       62.85,
 139.914775,   35.237387,       62.44,
 139.919279,   35.237387,       62.03,
 139.923784,   35.237387,       61.62,
 139.928288,   35.237387,       61.20,
 139.932793,   35.237387,       60.78,
 139.937297,   35.237387,       60.36,
 139.941802,   35.237387,       59.94,
 139.946306,   35.237387,       59.53,
 139.950811,   35.237387,       59.11,
 139.955315,   35.237387,       58.69,
 139.959820,   35.237387,       58.28,
 139.964324,   35.237387,       57.88,
 139.968829,   35.237387,       57.48,
 139.973333,   35.237387,       57.08,
 139.977838,   35.237387,       56.69,
 139.982342,   35.237387,       56.31,
 139.986847,   35.237387,       55.95,
 139.991351,   35.237387,       55.60,
 139.995856,   35.237387,       55.27,
 140.000360,   35.237387,       54.95,
 140.004865,   35.237387,       54.65,
 140.009369,   35.237387,       54.37,
 140.013874,   35.237387,       54.09,
 140.018378,   35.237387,       53.83,
 140.022883,   35.237387,       53.57,
 140.027387,   35.237387,       53.32,
 140.031892,   35.237387,       53.09,
 140.036396,   35.237387,       52.86,
 140.040901,   35.237387,       52.65,
 140.045405,   35.237387,       52.44,
 140.049910,   35.237387,       52.24,
 140.054414,   35.237387,       52.04,
 140.058919,   35.237387,       51.85,
 140.063423,   35.237387,       51.67,
 140.067928,   35.237387,       51.49,
 140.072432,   35.237387,       51.32,
 140.076937,   35.237387,       51.15,
 140.081441,   35.237387,       50.99,
 140.085946,   35.237387,       50.84,
 140.090450,   35.237387,       50.68,
 140.094955,   35.237387,       50.54,
 140.099459,   35.237387,       50.40,
 140.103964,   35.237387,       50.26,
 140.108468,   35.237387,       50.12,
 140.112973,   35.237387,       50.00,
 140.117477,   35.237387,       49.87,
 140.121982,   35.237387,       49.75,
 140.126486,   35.237387,       49.64,
 140.130991,   35.237387,       49.53,
 140.135495,   35.237387,       49.42,
 140.140000,   35.237387,       49.32,
 140.144505,   35.237387,       49.23,
 140.149009,   35.237387,       49.14,
 140.153514,   35.237387,       49.05,
 140.158018,   35.237387,       48.97,
 140.162523,   35.237387,       48.90,
 140.167027,   35.237387,       48.83,
 140.171532,   35.237387,       48.77,
 140.176036,   35.237387,       48.71,
 140.180541,   35.237387,       48.66,
 140.185045,   35.237387,       48.61,
 140.189550,   35.237387,       48.57,
 140.194054,   35.237387,       48.53,
 140.198559,   35.237387,       48.50,
 140.203063,   35.237387,       48.48,
 140.207568,   35.237387,       48.45,
 140.212072,   35.237387,       48.44,
 140.216577,   35.237387,       48.42,
 140.221081,   35.237387,       48.41,
 140.225586,   35.237387,       48.40,
 140.230090,   35.237387,       48.40,
 140.234595,   35.237387,       48.39,
 140.239099,   35.237387,       48.39,
 140.243604,   35.237387,       48.39,
 140.248108,   35.237387,       48.40,
 140.252613,   35.237387,       48.41,
 140.257117,   35.237387,       48.42,
 140.261622,   35.237387,       48.43,
 140.266126,   35.237387,       48.45,
 140.270631,   35.237387,       48.47,
 140.275135,   35.237387,       48.49,
 140.279640,   35.237387,       48.52,
 140.284144,   35.237387,       48.54,
 140.288649,   35.237387,       48.57,
 140.293153,   35.237387,       48.60,
 140.297658,   35.237387,       48.63,
 140.302162,   35.237387,       48.67,
 140.306667,   35.237387,       48.70,
 140.311171,   35.237387,       48.75,
 140.315676,   35.237387,       48.79,
 140.320180,   35.237387,       48.84,
 140.324685,   35.237387,       48.89,
 140.329189,   35.237387,       48.95,
 140.333694,   35.237387,       49.01,
 140.338198,   35.237387,       49.08,
 140.342703,   35.237387,       49.15,
 140.347207,   35.237387,       49.24,
 140.351712,   35.237387,       49.33,
 140.356216,   35.237387,       49.44,
 140.360721,   35.237387,       49.66,
 140.365225,   35.237387,       49.88,
 140.369730,   35.237387,       50.10,
 140.374234,   35.237387,       50.32,
 140.378739,   35.237387,       50.53,
 140.383243,   35.237387,       50.74,
 140.387748,   35.237387,       50.95,
 139.140000,   35.241892,       60.72,
 139.144505,   35.241892,       60.02,
 139.149009,   35.241892,       59.34,
 139.153514,   35.241892,       58.75,
 139.158018,   35.241892,       58.20,
 139.162523,   35.241892,       57.65,
 139.167027,   35.241892,       57.08,
 139.171532,   35.241892,       56.57,
 139.176036,   35.241892,       56.15,
 139.180541,   35.241892,       55.74,
 139.185045,   35.241892,       55.36,
 139.189550,   35.241892,       55.02,
 139.194054,   35.241892,       54.68,
 139.198559,   35.241892,       54.35,
 139.203063,   35.241892,       54.07,
 139.207568,   35.241892,       53.82,
 139.212072,   35.241892,       53.57,
 139.216577,   35.241892,       53.32,
 139.221081,   35.241892,       53.07,
 139.225586,   35.241892,       52.84,
 139.230090,   35.241892,       52.64,
 139.234595,   35.241892,       52.41,
 139.239099,   35.241892,       52.20,
 139.243604,   35.241892,       52.02,
 139.248108,   35.241892,       51.86,
 139.252613,   35.241892,       51.75,
 139.257117,   35.241892,       51.69,
 139.261622,   35.241892,       51.61,
 139.266126,   35.241892,       51.51,
 139.270631,   35.241892,       51.42,
 139.275135,   35.241892,       51.38,
 139.279640,   35.241892,       51.39,
 139.284144,   35.241892,       51.41,
 139.288649,   35.241892,       51.43,
 139.293153,   35.241892,       51.43,
 139.297658,   35.241892,       51.40,
 139.302162,   35.241892,       51.35,
 139.306667,   35.241892,       51.31,
 139.311171,   35.241892,       51.32,
 139.315676,   35.241892,       51.31,
 139.320180,   35.241892,       51.30,
 139.324685,   35.241892,       51.31,
 139.329189,   35.241892,       51.34,
 139.333694,   35.241892,       51.41,
 139.338198,   35.241892,       51.52,
 139.342703,   35.241892,       51.51,
 139.347207,   35.241892,       51.47,
 139.351712,   35.241892,       51.46,
 139.356216,   35.241892,       51.47,
 139.360721,   35.241892,       51.50,
 139.365225,   35.241892,       51.53,
 139.369730,   35.241892,       51.56,
 139.374234,   35.241892,       51.68,
 139.378739,   35.241892,       51.79,
 139.383243,   35.241892,       51.91,
 139.387748,   35.241892,       52.03,
 139.392252,   35.241892,       52.16,
 139.396757,   35.241892,       52.32,
 139.401261,   35.241892,       52.50,
 139.405766,   35.241892,       52.67,
 139.410270,   35.241892,       52.84,
 139.414775,   35.241892,       53.06,
 139.419279,   35.241892,       53.30,
 139.423784,   35.241892,       53.54,
 139.428288,   35.241892,       53.69,
 139.432793,   35.241892,       53.75,
 139.437297,   35.241892,       53.84,
 139.441802,   35.241892,       53.98,
 139.446306,   35.241892,       54.15,
 139.450811,   35.241892,       54.37,
 139.455315,   35.241892,       54.55,
 139.459820,   35.241892,       54.69,
 139.464324,   35.241892,       54.85,
 139.468829,   35.241892,       55.23,
 139.473333,   35.241892,       55.89,
 139.477838,   35.241892,       56.62,
 139.482342,   35.241892,       57.39,
 139.486847,   35.241892,       58.11,
 139.491351,   35.241892,       58.81,
 139.495856,   35.241892,       59.56,
 139.500360,   35.241892,       60.35,
 139.504865,   35.241892,       61.03,
 139.509369,   35.241892,       61.49,
 139.513874,   35.241892,       61.86,
 139.518378,   35.241892,       62.21,
 139.522883,   35.241892,       62.59,
 139.527387,   35.241892,       62.98,
 139.531892,   35.241892,       63.28,
 139.536396,   35.241892,       63.33,
 139.540901,   35.241892,       63.37,
 139.545405,   35.241892,       63.38,
 139.549910,   35.241892,       63.29,
 139.554414,   35.241892,       63.16,
 139.558919,   35.241892,       62.96,
 139.563423,   35.241892,       62.80,
 139.567928,   35.241892,       62.83,
 139.572432,   35.241892,       63.09,
 139.576937,   35.241892,       63.39,
 139.581441,   35.241892,       65.69,
 139.585946,   35.241892,       67.27,
 139.590450,   35.241892,       71.13,
 139.594955,   35.241892,       71.13,
 139.599459,   35.241892,       71.13,
 139.603964,   35.241892,       71.13,
 139.608468,   35.241892,       78.12,
 139.612973,   35.241892,       78.12,
 139.617477,   35.241892,       78.12,
 139.621982,   35.241892,       78.12,
 139.626486,   35.241892,       78.12,
 139.630991,   35.241892,       75.70,
 139.635495,   35.241892,       73.41,
 139.640000,   35.241892,       71.24,
 139.644505,   35.241892,       69.17,
 139.649009,   35.241892,       67.22,
 139.653514,   35.241892,       65.41,
 139.658018,   35.241892,       63.73,
 139.662523,   35.241892,       62.18,
 139.667027,   35.241892,       60.77,
 139.671532,   35.241892,       59.50,
 139.676036,   35.241892,       58.28,
 139.680541,   35.241892,       57.14,
 139.685045,   35.241892,       56.09,
 139.689550,   35.241892,       55.11,
 139.694054,   35.241892,       54.23,
 139.698559,   35.241892,       53.60,
 139.703063,   35.241892,       53.34,
 139.707568,   35.241892,       53.25,
 139.712072,   35.241892,       53.19,
 139.716577,   35.241892,       53.15,
 139.721081,   35.241892,       53.08,
 139.725586,   35.241892,       52.70,
 139.730090,   35.241892,       51.56,
 139.734595,   35.241892,       50.05,
 139.739099,   35.241892,       49.16,
 139.743604,   35.241892,       48.33,
 139.748108,   35.241892,       47.58,
 139.752613,   35.241892,       47.52,
 139.757117,   35.241892,       47.71,
 139.761622,   35.241892,       47.71,
 139.766126,   35.241892,       48.04,
 139.770631,   35.241892,       48.76,
 139.775135,   35.241892,       49.24,
 139.779640,   35.241892,       49.91,
 139.784144,   35.241892,       50.85,
 139.788649,   35.241892,       51.54,
 139.793153,   35.241892,       52.39,
 139.797658,   35.241892,       53.62,
 139.802162,   35.241892,       54.77,
 139.806667,   35.241892,       55.89,
 139.811171,   35.241892,       56.89,
 139.815676,   35.241892,       57.75,
 139.820180,   35.241892,       58.49,
 139.824685,   35.241892,       58.95,
 139.829189,   35.241892,       59.36,
 139.833694,   35.241892,       59.73,
 139.838198,   35.241892,       60.04,
 139.842703,   35.241892,       60.34,
 139.847207,   35.241892,       60.78,
 139.851712,   35.241892,       61.59,
 139.856216,   35.241892,       62.42,
 139.860721,   35.241892,       63.66,
 139.865225,   35.241892,       65.10,
 139.869730,   35.241892,       66.13,
 139.874234,   35.241892,       65.69,
 139.878739,   35.241892,       65.23,
 139.883243,   35.241892,       64.76,
 139.887748,   35.241892,       64.39,
 139.892252,   35.241892,       64.03,
 139.896757,   35.241892,       63.67,
 139.901261,   35.241892,       63.31,
 139.905766,   35.241892,       62.93,
 139.910270,   35.241892,       62.55,
 139.914775,   35.241892,       62.16,
 139.919279,   35.241892,       61.77,
 139.923784,   35.241892,       61.37,
 139.928288,   35.241892,       60.97,
 139.932793,   35.241892,       60.57,
 139.937297,   35.241892,       60.17,
 139.941802,   35.241892,       59.77,
 139.946306,   35.241892,       59.37,
 139.950811,   35.241892,       58.97,
 139.955315,   35.241892,       58.57,
 139.959820,   35.241892,       58.17,
 139.964324,   35.241892,       57.78,
 139.968829,   35.241892,       57.39,
 139.973333,   35.241892,       57.01,
 139.977838,   35.241892,       56.64,
 139.982342,   35.241892,       56.27,
 139.986847,   35.241892,       55.93,
 139.991351,   35.241892,       55.60,
 139.995856,   35.241892,       55.28,
 140.000360,   35.241892,       54.98,
 140.004865,   35.241892,       54.69,
 140.009369,   35.241892,       54.42,
 140.013874,   35.241892,       54.16,
 140.018378,   35.241892,       53.90,
 140.022883,   35.241892,       53.65,
 140.027387,   35.241892,       53.42,
 140.031892,   35.241892,       53.19,
 140.036396,   35.241892,       52.97,
 140.040901,   35.241892,       52.76,
 140.045405,   35.241892,       52.56,
 140.049910,   35.241892,       52.36,
 140.054414,   35.241892,       52.17,
 140.058919,   35.241892,       51.98,
 140.063423,   35.241892,       51.80,
 140.067928,   35.241892,       51.62,
 140.072432,   35.241892,       51.45,
 140.076937,   35.241892,       51.29,
 140.081441,   35.241892,       51.13,
 140.085946,   35.241892,       50.98,
 140.090450,   35.241892,       50.83,
 140.094955,   35.241892,       50.68,
 140.099459,   35.241892,       50.54,
 140.103964,   35.241892,       50.41,
 140.108468,   35.241892,       50.28,
 140.112973,   35.241892,       50.15,
 140.117477,   35.241892,       50.03,
 140.121982,   35.241892,       49.91,
 140.126486,   35.241892,       49.80,
 140.130991,   35.241892,       49.69,
 140.135495,   35.241892,       49.59,
 140.140000,   35.241892,       49.49,
 140.144505,   35.241892,       49.39,
 140.149009,   35.241892,       49.31,
 140.153514,   35.241892,       49.22,
 140.158018,   35.241892,       49.15,
 140.162523,   35.241892,       49.07,
 140.167027,   35.241892,       49.01,
 140.171532,   35.241892,       48.95,
 140.176036,   35.241892,       48.89,
 140.180541,   35.241892,       48.84,
 140.185045,   35.241892,       48.79,
 140.189550,   35.241892,       48.75,
 140.194054,   35.241892,       48.72,
 140.198559,   35.241892,       48.69,
 140.203063,   35.241892,       48.66,
 140.207568,   35.241892,       48.64,
 140.212072,   35.241892,       48.62,
 140.216577,   35.241892,       48.61,
 140.221081,   35.241892,       48.60,
 140.225586,   35.241892,       48.59,
 140.230090,   35.241892,       48.59,
 140.234595,   35.241892,       48.59,
 140.239099,   35.241892,       48.59,
 140.243604,   35.241892,       48.59,
 140.248108,   35.241892,       48.60,
 140.252613,   35.241892,       48.61,
 140.257117,   35.241892,       48.62,
 140.261622,   35.241892,       48.64,
 140.266126,   35.241892,       48.66,
 140.270631,   35.241892,       48.68,
 140.275135,   35.241892,       48.71,
 140.279640,   35.241892,       48.74,
 140.284144,   35.241892,       48.76,
 140.288649,   35.241892,       48.79,
 140.293153,   35.241892,       48.83,
 140.297658,   35.241892,       48.86,
 140.302162,   35.241892,       48.90,
 140.306667,   35.241892,       48.94,
 140.311171,   35.241892,       48.99,
 140.315676,   35.241892,       49.03,
 140.320180,   35.241892,       49.09,
 140.324685,   35.241892,       49.14,
 140.329189,   35.241892,       49.20,
 140.333694,   35.241892,       49.27,
 140.338198,   35.241892,       49.34,
 140.342703,   35.241892,       49.42,
 140.347207,   35.241892,       49.51,
 140.351712,   35.241892,       49.61,
 140.356216,   35.241892,       49.80,
 140.360721,   35.241892,       50.02,
 140.365225,   35.241892,       50.24,
 140.369730,   35.241892,       50.46,
 140.374234,   35.241892,       50.68,
 140.378739,   35.241892,       50.89,
 140.383243,   35.241892,       51.11,
 140.387748,   35.241892,       51.32,
 139.140000,   35.246396,       60.58,
 139.144505,   35.246396,       59.98,
 139.149009,   35.246396,       59.48,
 139.153514,   35.246396,       58.93,
 139.158018,   35.246396,       58.45,
 139.162523,   35.246396,       57.84,
 139.167027,   35.246396,       57.22,
 139.171532,   35.246396,       56.70,
 139.176036,   35.246396,       56.28,
 139.180541,   35.246396,       55.88,
 139.185045,   35.246396,       55.51,
 139.189550,   35.246396,       55.17,
 139.194054,   35.246396,       54.84,
 139.198559,   35.246396,       54.52,
 139.203063,   35.246396,       54.25,
 139.207568,   35.246396,       54.01,
 139.212072,   35.246396,       53.76,
 139.216577,   35.246396,       53.52,
 139.221081,   35.246396,       53.28,
 139.225586,   35.246396,       53.06,
 139.230090,   35.246396,       52.86,
 139.234595,   35.246396,       52.67,
 139.239099,   35.246396,       52.46,
 139.243604,   35.246396,       52.30,
 139.248108,   35.246396,       52.18,
 139.252613,   35.246396,       52.12,
 139.257117,   35.246396,       52.07,
 139.261622,   35.246396,       52.00,
 139.266126,   35.246396,       51.93,
 139.270631,   35.246396,       51.88,
 139.275135,   35.246396,       51.88,
 139.279640,   35.246396,       51.90,
 139.284144,   35.246396,       51.93,
 139.288649,   35.246396,       51.95,
 139.293153,   35.246396,       51.89,
 139.297658,   35.246396,       51.82,
 139.302162,   35.246396,       51.76,
 139.306667,   35.246396,       51.71,
 139.311171,   35.246396,       51.70,
 139.315676,   35.246396,       51.66,
 139.320180,   35.246396,       51.62,
 139.324685,   35.246396,       51.60,
 139.329189,   35.246396,       51.61,
 139.333694,   35.246396,       51.63,
 139.338198,   35.246396,       51.57,
 139.342703,   35.246396,       51.50,
 139.347207,   35.246396,       51.47,
 139.351712,   35.246396,       51.47,
 139.356216,   35.246396,       51.48,
 139.360721,   35.246396,       51.50,
 139.365225,   35.246396,       51.51,
 139.369730,   35.246396,       51.55,
 139.374234,   35.246396,       51.68,
 139.378739,   35.246396,       51.82,
 139.383243,   35.246396,       51.96,
 139.387748,   35.246396,       52.10,
 139.392252,   35.246396,       52.26,
 139.396757,   35.246396,       52.47,
 139.401261,   35.246396,       52.66,
 139.405766,   35.246396,       52.84,
 139.410270,   35.246396,       53.00,
 139.414775,   35.246396,       53.20,
 139.419279,   35.246396,       53.43,
 139.423784,   35.246396,       53.65,
 139.428288,   35.246396,       53.71,
 139.432793,   35.246396,       53.67,
 139.437297,   35.246396,       53.68,
 139.441802,   35.246396,       53.76,
 139.446306,   35.246396,       53.96,
 139.450811,   35.246396,       54.21,
 139.455315,   35.246396,       54.46,
 139.459820,   35.246396,       54.67,
 139.464324,   35.246396,       54.83,
 139.468829,   35.246396,       55.02,
 139.473333,   35.246396,       55.80,
 139.477838,   35.246396,       56.64,
 139.482342,   35.246396,       57.45,
 139.486847,   35.246396,       58.20,
 139.491351,   35.246396,       58.99,
 139.495856,   35.246396,       59.89,
 139.500360,   35.246396,       60.67,
 139.504865,   35.246396,       61.39,
 139.509369,   35.246396,       61.89,
 139.513874,   35.246396,       62.23,
 139.518378,   35.246396,       62.48,
 139.522883,   35.246396,       62.78,
 139.527387,   35.246396,       63.10,
 139.531892,   35.246396,       63.34,
 139.536396,   35.246396,       63.41,
 139.540901,   35.246396,       63.45,
 139.545405,   35.246396,       63.44,
 139.549910,   35.246396,       63.41,
 139.554414,   35.246396,       63.26,
 139.558919,   35.246396,       63.03,
 139.563423,   35.246396,       62.77,
 139.567928,   35.246396,       63.33,
 139.572432,   35.246396,       63.70,
 139.576937,   35.246396,       64.91,
 139.581441,   35.246396,       68.86,
 139.585946,   35.246396,       73.16,
 139.590450,   35.246396,       73.16,
 139.594955,   35.246396,       73.16,
 139.599459,   35.246396,       73.16,
 139.603964,   35.246396,       73.16,
 139.608468,   35.246396,       77.38,
 139.612973,   35.246396,       77.38,
 139.617477,   35.246396,       77.38,
 139.621982,   35.246396,       77.38,
 139.626486,   35.246396,       77.38,
 139.630991,   35.246396,       75.10,
 139.635495,   35.246396,       72.93,
 139.640000,   35.246396,       70.86,
 139.644505,   35.246396,       68.87,
 139.649009,   35.246396,       66.97,
 139.653514,   35.246396,       65.19,
 139.658018,   35.246396,       63.53,
 139.662523,   35.246396,       62.01,
 139.667027,   35.246396,       60.62,
 139.671532,   35.246396,       59.36,
 139.676036,   35.246396,       58.20,
 139.680541,   35.246396,       57.11,
 139.685045,   35.246396,       56.09,
 139.689550,   35.246396,       55.13,
 139.694054,   35.246396,       54.23,
 139.698559,   35.246396,       53.57,
 139.703063,   35.246396,       53.26,
 139.707568,   35.246396,       53.09,
 139.712072,   35.246396,       52.93,
 139.716577,   35.246396,       52.79,
 139.721081,   35.246396,       52.61,
 139.725586,   35.246396,       52.15,
 139.730090,   35.246396,       51.27,
 139.734595,   35.246396,       50.38,
 139.739099,   35.246396,       49.45,
 139.743604,   35.246396,       48.57,
 139.748108,   35.246396,       48.00,
 139.752613,   35.246396,       47.67,
 139.757117,   35.246396,       47.65,
 139.761622,   35.246396,       47.60,
 139.766126,   35.246396,       47.50,
 139.770631,   35.246396,       47.86,
 139.775135,   35.246396,       48.50,
 139.779640,   35.246396,       49.17,
 139.784144,   35.246396,       49.91,
 139.788649,   35.246396,       50.83,
 139.793153,   35.246396,       51.92,
 139.797658,   35.246396,       53.07,
 139.802162,   35.246396,       54.26,
 139.806667,   35.246396,       55.49,
 139.811171,   35.246396,       56.57,
 139.815676,   35.246396,       57.41,
 139.820180,   35.246396,       58.14,
 139.824685,   35.246396,       58.70,
 139.829189,   35.246396,       59.12,
 139.833694,   35.246396,       59.53,
 139.838198,   35.246396,       59.89,
 139.842703,   35.246396,       60.27,
 139.847207,   35.246396,       60.84,
 139.851712,   35.246396,       61.53,
 139.856216,   35.246396,       62.46,
 139.860721,   35.246396,       63.73,
 139.865225,   35.246396,       65.06,
 139.869730,   35.246396,       65.89,
 139.874234,   35.246396,       65.46,
 139.878739,   35.246396,       65.05,
 139.883243,   35.246396,       64.60,
 139.887748,   35.246396,       64.15,
 139.892252,   35.246396,       63.75,
 139.896757,   35.246396,       63.38,
 139.901261,   35.246396,       63.02,
 139.905766,   35.246396,       62.65,
 139.910270,   35.246396,       62.28,
 139.914775,   35.246396,       61.90,
 139.919279,   35.246396,       61.53,
 139.923784,   35.246396,       61.15,
 139.928288,   35.246396,       60.77,
 139.932793,   35.246396,       60.38,
 139.937297,   35.246396,       60.00,
 139.941802,   35.246396,       59.61,
 139.946306,   35.246396,       59.22,
 139.950811,   35.246396,       58.84,
 139.955315,   35.246396,       58.45,
 139.959820,   35.246396,       58.07,
 139.964324,   35.246396,       57.69,
 139.968829,   35.246396,       57.32,
 139.973333,   35.246396,       56.95,
 139.977838,   35.246396,       56.59,
 139.982342,   35.246396,       56.25,
 139.986847,   35.246396,       55.92,
 139.991351,   35.246396,       55.60,
 139.995856,   35.246396,       55.30,
 140.000360,   35.246396,       55.01,
 140.004865,   35.246396,       54.74,
 140.009369,   35.246396,       54.48,
 140.013874,   35.246396,       54.23,
 140.018378,   35.246396,       53.98,
 140.022883,   35.246396,       53.74,
 140.027387,   35.246396,       53.51,
 140.031892,   35.246396,       53.29,
 140.036396,   35.246396,       53.08,
 140.040901,   35.246396,       52.87,
 140.045405,   35.246396,       52.67,
 140.049910,   35.246396,       52.48,
 140.054414,   35.246396,       52.29,
 140.058919,   35.246396,       52.10,
 140.063423,   35.246396,       51.93,
 140.067928,   35.246396,       51.76,
 140.072432,   35.246396,       51.59,
 140.076937,   35.246396,       51.43,
 140.081441,   35.246396,       51.27,
 140.085946,   35.246396,       51.12,
 140.090450,   35.246396,       50.97,
 140.094955,   35.246396,       50.83,
 140.099459,   35.246396,       50.69,
 140.103964,   35.246396,       50.56,
 140.108468,   35.246396,       50.43,
 140.112973,   35.246396,       50.30,
 140.117477,   35.246396,       50.18,
 140.121982,   35.246396,       50.07,
 140.126486,   35.246396,       49.95,
 140.130991,   35.246396,       49.85,
 140.135495,   35.246396,       49.75,
 140.140000,   35.246396,       49.65,
 140.144505,   35.246396,       49.56,
 140.149009,   35.246396,       49.47,
 140.153514,   35.246396,       49.39,
 140.158018,   35.246396,       49.32,
 140.162523,   35.246396,       49.25,
 140.167027,   35.246396,       49.18,
 140.171532,   35.246396,       49.12,
 140.176036,   35.246396,       49.07,
 140.180541,   35.246396,       49.02,
 140.185045,   35.246396,       48.97,
 140.189550,   35.246396,       48.93,
 140.194054,   35.246396,       48.90,
 140.198559,   35.246396,       48.87,
 140.203063,   35.246396,       48.84,
 140.207568,   35.246396,       48.83,
 140.212072,   35.246396,       48.81,
 140.216577,   35.246396,       48.80,
 140.221081,   35.246396,       48.79,
 140.225586,   35.246396,       48.79,
 140.230090,   35.246396,       48.78,
 140.234595,   35.246396,       48.78,
 140.239099,   35.246396,       48.79,
 140.243604,   35.246396,       48.79,
 140.248108,   35.246396,       48.80,
 140.252613,   35.246396,       48.82,
 140.257117,   35.246396,       48.83,
 140.261622,   35.246396,       48.85,
 140.266126,   35.246396,       48.88,
 140.270631,   35.246396,       48.90,
 140.275135,   35.246396,       48.93,
 140.279640,   35.246396,       48.96,
 140.284144,   35.246396,       48.99,
 140.288649,   35.246396,       49.02,
 140.293153,   35.246396,       49.06,
 140.297658,   35.246396,       49.10,
 140.302162,   35.246396,       49.14,
 140.306667,   35.246396,       49.18,
 140.311171,   35.246396,       49.23,
 140.315676,   35.246396,       49.28,
 140.320180,   35.246396,       49.34,
 140.324685,   35.246396,       49.40,
 140.329189,   35.246396,       49.46,
 140.333694,   35.246396,       49.53,
 140.338198,   35.246396,       49.61,
 140.342703,   35.246396,       49.69,
 140.347207,   35.246396,       49.78,
 140.351712,   35.246396,       49.93,
 140.356216,   35.246396,       50.16,
 140.360721,   35.246396,       50.38,
 140.365225,   35.246396,       50.61,
 140.369730,   35.246396,       50.83,
 140.374234,   35.246396,       51.05,
 140.378739,   35.246396,       51.26,
 140.383243,   35.246396,       51.47,
 140.387748,   35.246396,       51.69,
 139.140000,   35.250901,       60.60,
 139.144505,   35.250901,       60.04,
 139.149009,   35.250901,       59.53,
 139.153514,   35.250901,       59.04,
 139.158018,   35.250901,       58.57,
 139.162523,   35.250901,       57.93,
 139.167027,   35.250901,       57.32,
 139.171532,   35.250901,       56.80,
 139.176036,   35.250901,       56.39,
 139.180541,   35.250901,       56.00,
 139.185045,   35.250901,       55.64,
 139.189550,   35.250901,       55.31,
 139.194054,   35.250901,       54.99,
 139.198559,   35.250901,       54.69,
 139.203063,   35.250901,       54.44,
 139.207568,   35.250901,       54.20,
 139.212072,   35.250901,       53.96,
 139.216577,   35.250901,       53.72,
 139.221081,   35.250901,       53.49,
 139.225586,   35.250901,       53.27,
 139.230090,   35.250901,       53.07,
 139.234595,   35.250901,       52.88,
 139.239099,   35.250901,       52.70,
 139.243604,   35.250901,       52.57,
 139.248108,   35.250901,       52.50,
 139.252613,   35.250901,       52.46,
 139.257117,   35.250901,       52.44,
 139.261622,   35.250901,       52.38,
 139.266126,   35.250901,       52.34,
 139.270631,   35.250901,       52.34,
 139.275135,   35.250901,       52.35,
 139.279640,   35.250901,       52.36,
 139.284144,   35.250901,       52.36,
 139.288649,   35.250901,       52.33,
 139.293153,   35.250901,       52.28,
 139.297658,   35.250901,       52.22,
 139.302162,   35.250901,       52.16,
 139.306667,   35.250901,       52.11,
 139.311171,   35.250901,       52.05,
 139.315676,   35.250901,       51.94,
 139.320180,   35.250901,       51.85,
 139.324685,   35.250901,       51.79,
 139.329189,   35.250901,       51.74,
 139.333694,   35.250901,       51.66,
 139.338198,   35.250901,       51.53,
 139.342703,   35.250901,       51.44,
 139.347207,   35.250901,       51.40,
 139.351712,   35.250901,       51.39,
 139.356216,   35.250901,       51.41,
 139.360721,   35.250901,       51.44,
 139.365225,   35.250901,       51.48,
 139.369730,   35.250901,       51.54,
 139.374234,   35.250901,       51.69,
 139.378739,   35.250901,       51.85,
 139.383243,   35.250901,       52.00,
 139.387748,   35.250901,       52.16,
 139.392252,   35.250901,       52.36,
 139.396757,   35.250901,       52.59,
 139.401261,   35.250901,       52.82,
 139.405766,   35.250901,       53.02,
 139.410270,   35.250901,       53.20,
 139.414775,   35.250901,       53.37,
 139.419279,   35.250901,       53.57,
 139.423784,   35.250901,       53.77,
 139.428288,   35.250901,       53.73,
 139.432793,   35.250901,       53.65,
 139.437297,   35.250901,       53.59,
 139.441802,   35.250901,       53.52,
 139.446306,   35.250901,       53.86,
 139.450811,   35.250901,       54.16,
 139.455315,   35.250901,       54.47,
 139.459820,   35.250901,       54.70,
 139.464324,   35.250901,       54.95,
 139.468829,   35.250901,       55.26,
 139.473333,   35.250901,       55.96,
 139.477838,   35.250901,       56.77,
 139.482342,   35.250901,       57.55,
 139.486847,   35.250901,       58.45,
 139.491351,   35.250901,       59.46,
 139.495856,   35.250901,       60.43,
 139.500360,   35.250901,       61.23,
 139.504865,   35.250901,       61.88,
 139.509369,   35.250901,       62.45,
 139.513874,   35.250901,       62.78,
 139.518378,   35.250901,       63.00,
 139.522883,   35.250901,       63.21,
 139.527387,   35.250901,       63.40,
 139.531892,   35.250901,       63.44,
 139.536396,   35.250901,       63.50,
 139.540901,   35.250901,       63.52,
 139.545405,   35.250901,       63.50,
 139.549910,   35.250901,       63.49,
 139.554414,   35.250901,       63.46,
 139.558919,   35.250901,       63.27,
 139.563423,   35.250901,       63.89,
 139.567928,   35.250901,       64.89,
 139.572432,   35.250901,       65.79,
 139.576937,   35.250901,       68.71,
 139.581441,   35.250901,       72.87,
 139.585946,   35.250901,       72.87,
 139.590450,   35.250901,       72.87,
 139.594955,   35.250901,       72.87,
 139.599459,   35.250901,       72.87,
 139.603964,   35.250901,       78.67,
 139.608468,   35.250901,       78.67,
 139.612973,   35.250901,       78.67,
 139.617477,   35.250901,       78.67,
 139.621982,   35.250901,       78.67,
 139.626486,   35.250901,       76.47,
 139.630991,   35.250901,       74.33,
 139.635495,   35.250901,       72.27,
 139.640000,   35.250901,       70.30,
 139.644505,   35.250901,       68.40,
 139.649009,   35.250901,       66.59,
 139.653514,   35.250901,       64.85,
 139.658018,   35.250901,       63.24,
 139.662523,   35.250901,       61.76,
 139.667027,   35.250901,       60.41,
 139.671532,   35.250901,       59.20,
 139.676036,   35.250901,       58.09,
 139.680541,   35.250901,       57.04,
 139.685045,   35.250901,       56.05,
 139.689550,   35.250901,       55.09,
 139.694054,   35.250901,       54.19,
 139.698559,   35.250901,       53.50,
 139.703063,   35.250901,       53.16,
 139.707568,   35.250901,       52.92,
 139.712072,   35.250901,       52.68,
 139.716577,   35.250901,       52.46,
 139.721081,   35.250901,       52.18,
 139.725586,   35.250901,       51.65,
 139.730090,   35.250901,       51.06,
 139.734595,   35.250901,       50.84,
 139.739099,   35.250901,       50.43,
 139.743604,   35.250901,       49.89,
 139.748108,   35.250901,       49.36,
 139.752613,   35.250901,       48.57,
 139.757117,   35.250901,       47.64,
 139.761622,   35.250901,       47.46,
 139.766126,   35.250901,       47.29,
 139.770631,   35.250901,       47.24,
 139.775135,   35.250901,       47.95,
 139.779640,   35.250901,       48.61,
 139.784144,   35.250901,       49.26,
 139.788649,   35.250901,       50.40,
 139.793153,   35.250901,       51.52,
 139.797658,   35.250901,       52.61,
 139.802162,   35.250901,       53.93,
 139.806667,   35.250901,       55.18,
 139.811171,   35.250901,       56.33,
 139.815676,   35.250901,       57.15,
 139.820180,   35.250901,       57.85,
 139.824685,   35.250901,       58.48,
 139.829189,   35.250901,       58.93,
 139.833694,   35.250901,       59.34,
 139.838198,   35.250901,       59.73,
 139.842703,   35.250901,       60.26,
 139.847207,   35.250901,       60.88,
 139.851712,   35.250901,       61.54,
 139.856216,   35.250901,       62.50,
 139.860721,   35.250901,       63.74,
 139.865225,   35.250901,       65.03,
 139.869730,   35.250901,       65.56,
 139.874234,   35.250901,       65.21,
 139.878739,   35.250901,       64.83,
 139.883243,   35.250901,       64.43,
 139.887748,   35.250901,       64.02,
 139.892252,   35.250901,       63.59,
 139.896757,   35.250901,       63.17,
 139.901261,   35.250901,       62.78,
 139.905766,   35.250901,       62.41,
 139.910270,   35.250901,       62.05,
 139.914775,   35.250901,       61.68,
 139.919279,   35.250901,       61.32,
 139.923784,   35.250901,       60.95,
 139.928288,   35.250901,       60.59,
 139.932793,   35.250901,       60.21,
 139.937297,   35.250901,       59.84,
 139.941802,   35.250901,       59.47,
 139.946306,   35.250901,       59.10,
 139.950811,   35.250901,       58.72,
 139.955315,   35.250901,       58.35,
 139.959820,   35.250901,       57.98,
 139.964324,   35.250901,       57.62,
 139.968829,   35.250901,       57.26,
 139.973333,   35.250901,       56.90,
 139.977838,   35.250901,       56.56,
 139.982342,   35.250901,       56.23,
 139.986847,   35.250901,       55.92,
 139.991351,   35.250901,       55.62,
 139.995856,   35.250901,       55.33,
 140.000360,   35.250901,       55.06,
 140.004865,   35.250901,       54.80,
 140.009369,   35.250901,       54.55,
 140.013874,   35.250901,       54.30,
 140.018378,   35.250901,       54.06,
 140.022883,   35.250901,       53.84,
 140.027387,   35.250901,       53.61,
 140.031892,   35.250901,       53.39,
 140.036396,   35.250901,       53.18,
 140.040901,   35.250901,       52.98,
 140.045405,   35.250901,       52.78,
 140.049910,   35.250901,       52.59,
 140.054414,   35.250901,       52.41,
 140.058919,   35.250901,       52.23,
 140.063423,   35.250901,       52.05,
 140.067928,   35.250901,       51.88,
 140.072432,   35.250901,       51.72,
 140.076937,   35.250901,       51.56,
 140.081441,   35.250901,       51.41,
 140.085946,   35.250901,       51.26,
 140.090450,   35.250901,       51.11,
 140.094955,   35.250901,       50.97,
 140.099459,   35.250901,       50.84,
 140.103964,   35.250901,       50.70,
 140.108468,   35.250901,       50.58,
 140.112973,   35.250901,       50.45,
 140.117477,   35.250901,       50.33,
 140.121982,   35.250901,       50.22,
 140.126486,   35.250901,       50.11,
 140.130991,   35.250901,       50.01,
 140.135495,   35.250901,       49.91,
 140.140000,   35.250901,       49.81,
 140.144505,   35.250901,       49.72,
 140.149009,   35.250901,       49.64,
 140.153514,   35.250901,       49.56,
 140.158018,   35.250901,       49.49,
 140.162523,   35.250901,       49.42,
 140.167027,   35.250901,       49.36,
 140.171532,   35.250901,       49.30,
 140.176036,   35.250901,       49.24,
 140.180541,   35.250901,       49.20,
 140.185045,   35.250901,       49.15,
 140.189550,   35.250901,       49.11,
 140.194054,   35.250901,       49.08,
 140.198559,   35.250901,       49.05,
 140.203063,   35.250901,       49.03,
 140.207568,   35.250901,       49.01,
 140.212072,   35.250901,       49.00,
 140.216577,   35.250901,       48.99,
 140.221081,   35.250901,       48.98,
 140.225586,   35.250901,       48.98,
 140.230090,   35.250901,       48.98,
 140.234595,   35.250901,       48.98,
 140.239099,   35.250901,       48.99,
 140.243604,   35.250901,       48.99,
 140.248108,   35.250901,       49.01,
 140.252613,   35.250901,       49.02,
 140.257117,   35.250901,       49.04,
 140.261622,   35.250901,       49.06,
 140.266126,   35.250901,       49.09,
 140.270631,   35.250901,       49.12,
 140.275135,   35.250901,       49.15,
 140.279640,   35.250901,       49.18,
 140.284144,   35.250901,       49.21,
 140.288649,   35.250901,       49.25,
 140.293153,   35.250901,       49.29,
 140.297658,   35.250901,       49.33,
 140.302162,   35.250901,       49.38,
 140.306667,   35.250901,       49.42,
 140.311171,   35.250901,       49.47,
 140.315676,   35.250901,       49.53,
 140.320180,   35.250901,       49.59,
 140.324685,   35.250901,       49.65,
 140.329189,   35.250901,       49.72,
 140.333694,   35.250901,       49.79,
 140.338198,   35.250901,       49.87,
 140.342703,   35.250901,       49.96,
 140.347207,   35.250901,       50.07,
 140.351712,   35.250901,       50.30,
 140.356216,   35.250901,       50.52,
 140.360721,   35.250901,       50.75,
 140.365225,   35.250901,       50.97,
 140.369730,   35.250901,       51.19,
 140.374234,   35.250901,       51.41,
 140.378739,   35.250901,       51.63,
 140.383243,   35.250901,       51.84,
 140.387748,   35.250901,       52.06,
 139.140000,   35.255405,       60.64,
 139.144505,   35.255405,       60.08,
 139.149009,   35.255405,       59.55,
 139.153514,   35.255405,       59.04,
 139.158018,   35.255405,       58.57,
 139.162523,   35.255405,       58.13,
 139.167027,   35.255405,       57.49,
 139.171532,   35.255405,       56.89,
 139.176036,   35.255405,       56.49,
 139.180541,   35.255405,       56.11,
 139.185045,   35.255405,       55.74,
 139.189550,   35.255405,       55.45,
 139.194054,   35.255405,       55.16,
 139.198559,   35.255405,       54.87,
 139.203063,   35.255405,       54.61,
 139.207568,   35.255405,       54.36,
 139.212072,   35.255405,       54.13,
 139.216577,   35.255405,       53.92,
 139.221081,   35.255405,       53.68,
 139.225586,   35.255405,       53.46,
 139.230090,   35.255405,       53.25,
 139.234595,   35.255405,       53.05,
 139.239099,   35.255405,       52.88,
 139.243604,   35.255405,       52.81,
 139.248108,   35.255405,       52.75,
 139.252613,   35.255405,       52.71,
 139.257117,   35.255405,       52.72,
 139.261622,   35.255405,       52.76,
 139.266126,   35.255405,       52.75,
 139.270631,   35.255405,       52.76,
 139.275135,   35.255405,       52.80,
 139.279640,   35.255405,       52.77,
 139.284144,   35.255405,       52.74,
 139.288649,   35.255405,       52.69,
 139.293153,   35.255405,       52.64,
 139.297658,   35.255405,       52.57,
 139.302162,   35.255405,       52.50,
 139.306667,   35.255405,       52.44,
 139.311171,   35.255405,       52.29,
 139.315676,   35.255405,       52.13,
 139.320180,   35.255405,       51.99,
 139.324685,   35.255405,       51.89,
 139.329189,   35.255405,       51.78,
 139.333694,   35.255405,       51.64,
 139.338198,   35.255405,       51.49,
 139.342703,   35.255405,       51.38,
 139.347207,   35.255405,       51.32,
 139.351712,   35.255405,       51.30,
 139.356216,   35.255405,       51.32,
 139.360721,   35.255405,       51.37,
 139.365225,   35.255405,       51.43,
 139.369730,   35.255405,       51.53,
 139.374234,   35.255405,       51.71,
 139.378739,   35.255405,       51.88,
 139.383243,   35.255405,       52.05,
 139.387748,   35.255405,       52.23,
 139.392252,   35.255405,       52.44,
 139.396757,   35.255405,       52.70,
 139.401261,   35.255405,       52.95,
 139.405766,   35.255405,       53.21,
 139.410270,   35.255405,       53.34,
 139.414775,   35.255405,       53.47,
 139.419279,   35.255405,       53.64,
 139.423784,   35.255405,       53.78,
 139.428288,   35.255405,       53.72,
 139.432793,   35.255405,       53.64,
 139.437297,   35.255405,       53.60,
 139.441802,   35.255405,       53.66,
 139.446306,   35.255405,       53.91,
 139.450811,   35.255405,       54.21,
 139.455315,   35.255405,       54.50,
 139.459820,   35.255405,       54.79,
 139.464324,   35.255405,       55.26,
 139.468829,   35.255405,       55.67,
 139.473333,   35.255405,       56.30,
 139.477838,   35.255405,       57.21,
 139.482342,   35.255405,       58.11,
 139.486847,   35.255405,       59.10,
 139.491351,   35.255405,       60.11,
 139.495856,   35.255405,       61.05,
 139.500360,   35.255405,       61.81,
 139.504865,   35.255405,       62.44,
 139.509369,   35.255405,       62.99,
 139.513874,   35.255405,       63.28,
 139.518378,   35.255405,       63.47,
 139.522883,   35.255405,       63.68,
 139.527387,   35.255405,       63.66,
 139.531892,   35.255405,       63.62,
 139.536396,   35.255405,       63.63,
 139.540901,   35.255405,       63.64,
 139.545405,   35.255405,       63.56,
 139.549910,   35.255405,       63.75,
 139.554414,   35.255405,       63.75,
 139.558919,   35.255405,       63.96,
 139.563423,   35.255405,       65.47,
 139.567928,   35.255405,       66.86,
 139.572432,   35.255405,       69.00,
 139.576937,   35.255405,       72.55,
 139.581441,   35.255405,       76.56,
 139.585946,   35.255405,       76.56,
 139.590450,   35.255405,       76.56,
 139.594955,   35.255405,       76.56,
 139.599459,   35.255405,       76.56,
 139.603964,   35.255405,       77.31,
 139.608468,   35.255405,       77.31,
 139.612973,   35.255405,       77.31,
 139.617477,   35.255405,       77.31,
 139.621982,   35.255405,       77.31,
 139.626486,   35.255405,       75.36,
 139.630991,   35.255405,       73.41,
 139.635495,   35.255405,       71.48,
 139.640000,   35.255405,       69.60,
 139.644505,   35.255405,       67.79,
 139.649009,   35.255405,       66.06,
 139.653514,   35.255405,       64.41,
 139.658018,   35.255405,       62.86,
 139.662523,   35.255405,       61.43,
 139.667027,   35.255405,       60.15,
 139.671532,   35.255405,       59.00,
 139.676036,   35.255405,       57.97,
 139.680541,   35.255405,       56.96,
 139.685045,   35.255405,       55.98,
 139.689550,   35.255405,       55.02,
 139.694054,   35.255405,       54.10,
 139.698559,   35.255405,       53.40,
 139.703063,   35.255405,       53.05,
 139.707568,   35.255405,       52.73,
 139.712072,   35.255405,       52.43,
 139.716577,   35.255405,       52.13,
 139.721081,   35.255405,       51.75,
 139.725586,   35.255405,       51.21,
 139.730090,   35.255405,       50.99,
 139.734595,   35.255405,       51.60,
 139.739099,   35.255405,       52.18,
 139.743604,   35.255405,       52.45,
 139.748108,   35.255405,       51.62,
 139.752613,   35.255405,       50.04,
 139.757117,   35.255405,       48.28,
 139.761622,   35.255405,       47.32,
 139.766126,   35.255405,       47.21,
 139.770631,   35.255405,       47.22,
 139.775135,   35.255405,       47.53,
 139.779640,   35.255405,       48.22,
 139.784144,   35.255405,       49.09,
 139.788649,   35.255405,       50.09,
 139.793153,   35.255405,       51.22,
 139.797658,   35.255405,       52.48,
 139.802162,   35.255405,       53.80,
 139.806667,   35.255405,       55.03,
 139.811171,   35.255405,       56.10,
 139.815676,   35.255405,       56.98,
 139.820180,   35.255405,       57.68,
 139.824685,   35.255405,       58.28,
 139.829189,   35.255405,       58.77,
 139.833694,   35.255405,       59.20,
 139.838198,   35.255405,       59.69,
 139.842703,   35.255405,       60.26,
 139.847207,   35.255405,       60.87,
 139.851712,   35.255405,       61.65,
 139.856216,   35.255405,       62.64,
 139.860721,   35.255405,       63.73,
 139.865225,   35.255405,       64.90,
 139.869730,   35.255405,       65.23,
 139.874234,   35.255405,       64.95,
 139.878739,   35.255405,       64.61,
 139.883243,   35.255405,       64.25,
 139.887748,   35.255405,       63.86,
 139.892252,   35.255405,       63.46,
 139.896757,   35.255405,       63.05,
 139.901261,   35.255405,       62.65,
 139.905766,   35.255405,       62.24,
 139.910270,   35.255405,       61.87,
 139.914775,   35.255405,       61.51,
 139.919279,   35.255405,       61.15,
 139.923784,   35.255405,       60.79,
 139.928288,   35.255405,       60.43,
 139.932793,   35.255405,       60.07,
 139.937297,   35.255405,       59.71,
 139.941802,   35.255405,       59.35,
 139.946306,   35.255405,       58.99,
 139.950811,   35.255405,       58.63,
 139.955315,   35.255405,       58.27,
 139.959820,   35.255405,       57.91,
 139.964324,   35.255405,       57.56,
 139.968829,   35.255405,       57.21,
 139.973333,   35.255405,       56.87,
 139.977838,   35.255405,       56.54,
 139.982342,   35.255405,       56.23,
 139.986847,   35.255405,       55.93,
 139.991351,   35.255405,       55.64,
 139.995856,   35.255405,       55.37,
 140.000360,   35.255405,       55.11,
 140.004865,   35.255405,       54.86,
 140.009369,   35.255405,       54.62,
 140.013874,   35.255405,       54.38,
 140.018378,   35.255405,       54.15,
 140.022883,   35.255405,       53.93,
 140.027387,   35.255405,       53.71,
 140.031892,   35.255405,       53.49,
 140.036396,   35.255405,       53.29,
 140.040901,   35.255405,       53.09,
 140.045405,   35.255405,       52.90,
 140.049910,   35.255405,       52.71,
 140.054414,   35.255405,       52.53,
 140.058919,   35.255405,       52.35,
 140.063423,   35.255405,       52.18,
 140.067928,   35.255405,       52.01,
 140.072432,   35.255405,       51.85,
 140.076937,   35.255405,       51.69,
 140.081441,   35.255405,       51.54,
 140.085946,   35.255405,       51.39,
 140.090450,   35.255405,       51.25,
 140.094955,   35.255405,       51.11,
 140.099459,   35.255405,       50.98,
 140.103964,   35.255405,       50.85,
 140.108468,   35.255405,       50.72,
 140.112973,   35.255405,       50.60,
 140.117477,   35.255405,       50.49,
 140.121982,   35.255405,       50.37,
 140.126486,   35.255405,       50.27,
 140.130991,   35.255405,       50.16,
 140.135495,   35.255405,       50.07,
 140.140000,   35.255405,       49.98,
 140.144505,   35.255405,       49.89,
 140.149009,   35.255405,       49.81,
 140.153514,   35.255405,       49.73,
 140.158018,   35.255405,       49.66,
 140.162523,   35.255405,       49.59,
 140.167027,   35.255405,       49.53,
 140.171532,   35.255405,       49.47,
 140.176036,   35.255405,       49.42,
 140.180541,   35.255405,       49.37,
 140.185045,   35.255405,       49.33,
 140.189550,   35.255405,       49.29,
 140.194054,   35.255405,       49.26,
 140.198559,   35.255405,       49.24,
 140.203063,   35.255405,       49.21,
 140.207568,   35.255405,       49.20,
 140.212072,   35.255405,       49.19,
 140.216577,   35.255405,       49.18,
 140.221081,   35.255405,       49.17,
 140.225586,   35.255405,       49.17,
 140.230090,   35.255405,       49.17,
 140.234595,   35.255405,       49.18,
 140.239099,   35.255405,       49.19,
 140.243604,   35.255405,       49.20,
 140.248108,   35.255405,       49.21,
 140.252613,   35.255405,       49.23,
 140.257117,   35.255405,       49.25,
 140.261622,   35.255405,       49.28,
 140.266126,   35.255405,       49.31,
 140.270631,   35.255405,       49.34,
 140.275135,   35.255405,       49.37,
 140.279640,   35.255405,       49.41,
 140.284144,   35.255405,       49.44,
 140.288649,   35.255405,       49.48,
 140.293153,   35.255405,       49.52,
 140.297658,   35.255405,       49.57,
 140.302162,   35.255405,       49.61,
 140.306667,   35.255405,       49.67,
 140.311171,   35.255405,       49.72,
 140.315676,   35.255405,       49.78,
 140.320180,   35.255405,       49.84,
 140.324685,   35.255405,       49.90,
 140.329189,   35.255405,       49.98,
 140.333694,   35.255405,       50.05,
 140.338198,   35.255405,       50.14,
 140.342703,   35.255405,       50.23,
 140.347207,   35.255405,       50.43,
 140.351712,   35.255405,       50.66,
 140.356216,   35.255405,       50.89,
 140.360721,   35.255405,       51.12,
 140.365225,   35.255405,       51.34,
 140.369730,   35.255405,       51.56,
 140.374234,   35.255405,       51.78,
 140.378739,   35.255405,       52.00,
 140.383243,   35.255405,       52.22,
 140.387748,   35.255405,       52.43,
 139.140000,   35.259910,       60.65,
 139.144505,   35.259910,       60.08,
 139.149009,   35.259910,       59.54,
 139.153514,   35.259910,       59.02,
 139.158018,   35.259910,       58.54,
 139.162523,   35.259910,       58.08,
 139.167027,   35.259910,       57.66,
 139.171532,   35.259910,       57.26,
 139.176036,   35.259910,       56.47,
 139.180541,   35.259910,       56.18,
 139.185045,   35.259910,       55.81,
 139.189550,   35.259910,       55.50,
 139.194054,   35.259910,       55.23,
 139.198559,   35.259910,       55.01,
 139.203063,   35.259910,       54.74,
 139.207568,   35.259910,       54.49,
 139.212072,   35.259910,       54.25,
 139.216577,   35.259910,       54.02,
 139.221081,   35.259910,       53.80,
 139.225586,   35.259910,       53.58,
 139.230090,   35.259910,       53.38,
 139.234595,   35.259910,       53.18,
 139.239099,   35.259910,       53.03,
 139.243604,   35.259910,       52.96,
 139.248108,   35.259910,       52.90,
 139.252613,   35.259910,       52.87,
 139.257117,   35.259910,       52.91,
 139.261622,   35.259910,       53.03,
 139.266126,   35.259910,       53.09,
 139.270631,   35.259910,       53.12,
 139.275135,   35.259910,       53.14,
 139.279640,   35.259910,       53.12,
 139.284144,   35.259910,       53.08,
 139.288649,   35.259910,       53.05,
 139.293153,   35.259910,       52.97,
 139.297658,   35.259910,       52.83,
 139.302162,   35.259910,       52.71,
 139.306667,   35.259910,       52.56,
 139.311171,   35.259910,       52.37,
 139.315676,   35.259910,       52.19,
 139.320180,   35.259910,       52.03,
 139.324685,   35.259910,       51.89,
 139.329189,   35.259910,       51.76,
 139.333694,   35.259910,       51.61,
 139.338198,   35.259910,       51.45,
 139.342703,   35.259910,       51.31,
 139.347207,   35.259910,       51.22,
 139.351712,   35.259910,       51.19,
 139.356216,   35.259910,       51.23,
 139.360721,   35.259910,       51.30,
 139.365225,   35.259910,       51.39,
 139.369730,   35.259910,       51.53,
 139.374234,   35.259910,       51.72,
 139.378739,   35.259910,       51.91,
 139.383243,   35.259910,       52.10,
 139.387748,   35.259910,       52.30,
 139.392252,   35.259910,       52.52,
 139.396757,   35.259910,       52.76,
 139.401261,   35.259910,       53.01,
 139.405766,   35.259910,       53.25,
 139.410270,   35.259910,       53.37,
 139.414775,   35.259910,       53.49,
 139.419279,   35.259910,       53.62,
 139.423784,   35.259910,       53.67,
 139.428288,   35.259910,       53.65,
 139.432793,   35.259910,       53.60,
 139.437297,   35.259910,       53.64,
 139.441802,   35.259910,       53.79,
 139.446306,   35.259910,       54.00,
 139.450811,   35.259910,       54.35,
 139.455315,   35.259910,       54.79,
 139.459820,   35.259910,       55.39,
 139.464324,   35.259910,       55.94,
 139.468829,   35.259910,       56.42,
 139.473333,   35.259910,       57.10,
 139.477838,   35.259910,       58.00,
 139.482342,   35.259910,       58.96,
 139.486847,   35.259910,       59.92,
 139.491351,   35.259910,       60.87,
 139.495856,   35.259910,       61.72,
 139.500360,   35.259910,       62.45,
 139.504865,   35.259910,       63.09,
 139.509369,   35.259910,       63.45,
 139.513874,   35.259910,       63.66,
 139.518378,   35.259910,       63.84,
 139.522883,   35.259910,       63.90,
 139.527387,   35.259910,       63.89,
 139.531892,   35.259910,       63.89,
 139.536396,   35.259910,       63.94,
 139.540901,   35.259910,       63.96,
 139.545405,   35.259910,       64.21,
 139.549910,   35.259910,       64.49,
 139.554414,   35.259910,       64.76,
 139.558919,   35.259910,       65.87,
 139.563423,   35.259910,       67.29,
 139.567928,   35.259910,       69.06,
 139.572432,   35.259910,       71.86,
 139.576937,   35.259910,       75.32,
 139.581441,   35.259910,       75.32,
 139.585946,   35.259910,       75.32,
 139.590450,   35.259910,       75.32,
 139.594955,   35.259910,       75.32,
 139.599459,   35.259910,       77.50,
 139.603964,   35.259910,       77.50,
 139.608468,   35.259910,       77.50,
 139.612973,   35.259910,       77.50,
 139.617477,   35.259910,       77.50,
 139.621982,   35.259910,       75.78,
 139.626486,   35.259910,       74.06,
 139.630991,   35.259910,       72.31,
 139.635495,   35.259910,       70.54,
 139.640000,   35.259910,       68.77,
 139.644505,   35.259910,       67.05,
 139.649009,   35.259910,       65.41,
 139.653514,   35.259910,       63.85,
 139.658018,   35.259910,       62.38,
 139.662523,   35.259910,       61.04,
 139.667027,   35.259910,       59.83,
 139.671532,   35.259910,       58.77,
 139.676036,   35.259910,       57.83,
 139.680541,   35.259910,       56.89,
 139.685045,   35.259910,       55.92,
 139.689550,   35.259910,       54.94,
 139.694054,   35.259910,       53.97,
 139.698559,   35.259910,       53.31,
 139.703063,   35.259910,       52.91,
 139.707568,   35.259910,       52.53,
 139.712072,   35.259910,       52.17,
 139.716577,   35.259910,       51.75,
 139.721081,   35.259910,       51.20,
 139.725586,   35.259910,       50.88,
 139.730090,   35.259910,       51.12,
 139.734595,   35.259910,       52.21,
 139.739099,   35.259910,       53.45,
 139.743604,   35.259910,       54.83,
 139.748108,   35.259910,       53.24,
 139.752613,   35.259910,       50.90,
 139.757117,   35.259910,       48.80,
 139.761622,   35.259910,       47.26,
 139.766126,   35.259910,       47.18,
 139.770631,   35.259910,       47.23,
 139.775135,   35.259910,       47.32,
 139.779640,   35.259910,       48.01,
 139.784144,   35.259910,       48.97,
 139.788649,   35.259910,       49.89,
 139.793153,   35.259910,       51.05,
 139.797658,   35.259910,       52.42,
 139.802162,   35.259910,       53.74,
 139.806667,   35.259910,       54.92,
 139.811171,   35.259910,       55.91,
 139.815676,   35.259910,       56.84,
 139.820180,   35.259910,       57.52,
 139.824685,   35.259910,       58.08,
 139.829189,   35.259910,       58.62,
 139.833694,   35.259910,       59.11,
 139.838198,   35.259910,       59.64,
 139.842703,   35.259910,       60.23,
 139.847207,   35.259910,       60.84,
 139.851712,   35.259910,       61.79,
 139.856216,   35.259910,       62.81,
 139.860721,   35.259910,       63.84,
 139.865225,   35.259910,       64.56,
 139.869730,   35.259910,       64.90,
 139.874234,   35.259910,       64.68,
 139.878739,   35.259910,       64.38,
 139.883243,   35.259910,       64.05,
 139.887748,   35.259910,       63.69,
 139.892252,   35.259910,       63.32,
 139.896757,   35.259910,       62.94,
 139.901261,   35.259910,       62.54,
 139.905766,   35.259910,       62.16,
 139.910270,   35.259910,       61.77,
 139.914775,   35.259910,       61.39,
 139.919279,   35.259910,       61.03,
 139.923784,   35.259910,       60.67,
 139.928288,   35.259910,       60.31,
 139.932793,   35.259910,       59.96,
 139.937297,   35.259910,       59.61,
 139.941802,   35.259910,       59.25,
 139.946306,   35.259910,       58.90,
 139.950811,   35.259910,       58.55,
 139.955315,   35.259910,       58.20,
 139.959820,   35.259910,       57.86,
 139.964324,   35.259910,       57.52,
 139.968829,   35.259910,       57.18,
 139.973333,   35.259910,       56.85,
 139.977838,   35.259910,       56.54,
 139.982342,   35.259910,       56.24,
 139.986847,   35.259910,       55.95,
 139.991351,   35.259910,       55.68,
 139.995856,   35.259910,       55.43,
 140.000360,   35.259910,       55.18,
 140.004865,   35.259910,       54.94,
 140.009369,   35.259910,       54.70,
 140.013874,   35.259910,       54.47,
 140.018378,   35.259910,       54.24,
 140.022883,   35.259910,       54.02,
 140.027387,   35.259910,       53.80,
 140.031892,   35.259910,       53.59,
 140.036396,   35.259910,       53.39,
 140.040901,   35.259910,       53.20,
 140.045405,   35.259910,       53.01,
 140.049910,   35.259910,       52.82,
 140.054414,   35.259910,       52.64,
 140.058919,   35.259910,       52.47,
 140.063423,   35.259910,       52.30,
 140.067928,   35.259910,       52.14,
 140.072432,   35.259910,       51.98,
 140.076937,   35.259910,       51.82,
 140.081441,   35.259910,       51.67,
 140.085946,   35.259910,       51.53,
 140.090450,   35.259910,       51.39,
 140.094955,   35.259910,       51.25,
 140.099459,   35.259910,       51.12,
 140.103964,   35.259910,       50.99,
 140.108468,   35.259910,       50.87,
 140.112973,   35.259910,       50.75,
 140.117477,   35.259910,       50.63,
 140.121982,   35.259910,       50.52,
 140.126486,   35.259910,       50.42,
 140.130991,   35.259910,       50.32,
 140.135495,   35.259910,       50.23,
 140.140000,   35.259910,       50.14,
 140.144505,   35.259910,       50.05,
 140.149009,   35.259910,       49.97,
 140.153514,   35.259910,       49.90,
 140.158018,   35.259910,       49.83,
 140.162523,   35.259910,       49.76,
 140.167027,   35.259910,       49.70,
 140.171532,   35.259910,       49.65,
 140.176036,   35.259910,       49.59,
 140.180541,   35.259910,       49.55,
 140.185045,   35.259910,       49.51,
 140.189550,   35.259910,       49.47,
 140.194054,   35.259910,       49.44,
 140.198559,   35.259910,       49.42,
 140.203063,   35.259910,       49.40,
 140.207568,   35.259910,       49.39,
 140.212072,   35.259910,       49.38,
 140.216577,   35.259910,       49.37,
 140.221081,   35.259910,       49.37,
 140.225586,   35.259910,       49.37,
 140.230090,   35.259910,       49.37,
 140.234595,   35.259910,       49.38,
 140.239099,   35.259910,       49.39,
 140.243604,   35.259910,       49.41,
 140.248108,   35.259910,       49.42,
 140.252613,   35.259910,       49.44,
 140.257117,   35.259910,       49.47,
 140.261622,   35.259910,       49.50,
 140.266126,   35.259910,       49.53,
 140.270631,   35.259910,       49.56,
 140.275135,   35.259910,       49.60,
 140.279640,   35.259910,       49.63,
 140.284144,   35.259910,       49.67,
 140.288649,   35.259910,       49.71,
 140.293153,   35.259910,       49.76,
 140.297658,   35.259910,       49.81,
 140.302162,   35.259910,       49.86,
 140.306667,   35.259910,       49.91,
 140.311171,   35.259910,       49.97,
 140.315676,   35.259910,       50.03,
 140.320180,   35.259910,       50.09,
 140.324685,   35.259910,       50.16,
 140.329189,   35.259910,       50.24,
 140.333694,   35.259910,       50.32,
 140.338198,   35.259910,       50.41,
 140.342703,   35.259910,       50.56,
 140.347207,   35.259910,       50.80,
 140.351712,   35.259910,       51.03,
 140.356216,   35.259910,       51.26,
 140.360721,   35.259910,       51.49,
 140.365225,   35.259910,       51.71,
 140.369730,   35.259910,       51.93,
 140.374234,   35.259910,       52.16,
 140.378739,   35.259910,       52.37,
 140.383243,   35.259910,       52.59,
 140.387748,   35.259910,       52.80,
 139.140000,   35.264414,       60.64,
 139.144505,   35.264414,       60.06,
 139.149009,   35.264414,       59.50,
 139.153514,   35.264414,       58.98,
 139.158018,   35.264414,       58.48,
 139.162523,   35.264414,       58.01,
 139.167027,   35.264414,       57.57,
 139.171532,   35.264414,       57.16,
 139.176036,   35.264414,       56.78,
 139.180541,   35.264414,       56.17,
 139.185045,   35.264414,       55.76,
 139.189550,   35.264414,       55.43,
 139.194054,   35.264414,       55.11,
 139.198559,   35.264414,       54.88,
 139.203063,   35.264414,       54.75,
 139.207568,   35.264414,       54.55,
 139.212072,   35.264414,       54.29,
 139.216577,   35.264414,       54.03,
 139.221081,   35.264414,       53.80,
 139.225586,   35.264414,       53.62,
 139.230090,   35.264414,       53.45,
 139.234595,   35.264414,       53.28,
 139.239099,   35.264414,       53.14,
 139.243604,   35.264414,       53.06,
 139.248108,   35.264414,       53.02,
 139.252613,   35.264414,       53.01,
 139.257117,   35.264414,       53.10,
 139.261622,   35.264414,       53.24,
 139.266126,   35.264414,       53.39,
 139.270631,   35.264414,       53.40,
 139.275135,   35.264414,       53.44,
 139.279640,   35.264414,       53.42,
 139.284144,   35.264414,       53.38,
 139.288649,   35.264414,       53.34,
 139.293153,   35.264414,       53.18,
 139.297658,   35.264414,       53.01,
 139.302162,   35.264414,       52.84,
 139.306667,   35.264414,       52.66,
 139.311171,   35.264414,       52.46,
 139.315676,   35.264414,       52.25,
 139.320180,   35.264414,       52.05,
 139.324685,   35.264414,       51.88,
 139.329189,   35.264414,       51.73,
 139.333694,   35.264414,       51.57,
 139.338198,   35.264414,       51.40,
 139.342703,   35.264414,       51.24,
 139.347207,   35.264414,       51.11,
 139.351712,   35.264414,       51.05,
 139.356216,   35.264414,       51.13,
 139.360721,   35.264414,       51.24,
 139.365225,   35.264414,       51.37,
 139.369730,   35.264414,       51.52,
 139.374234,   35.264414,       51.70,
 139.378739,   35.264414,       51.91,
 139.383243,   35.264414,       52.11,
 139.387748,   35.264414,       52.31,
 139.392252,   35.264414,       52.54,
 139.396757,   35.264414,       52.78,
 139.401261,   35.264414,       53.02,
 139.405766,   35.264414,       53.23,
 139.410270,   35.264414,       53.34,
 139.414775,   35.264414,       53.45,
 139.419279,   35.264414,       53.55,
 139.423784,   35.264414,       53.61,
 139.428288,   35.264414,       53.63,
 139.432793,   35.264414,       53.61,
 139.437297,   35.264414,       53.81,
 139.441802,   35.264414,       53.99,
 139.446306,   35.264414,       54.17,
 139.450811,   35.264414,       54.77,
 139.455315,   35.264414,       55.40,
 139.459820,   35.264414,       56.08,
 139.464324,   35.264414,       56.79,
 139.468829,   35.264414,       57.48,
 139.473333,   35.264414,       58.27,
 139.477838,   35.264414,       59.00,
 139.482342,   35.264414,       59.97,
 139.486847,   35.264414,       60.94,
 139.491351,   35.264414,       61.77,
 139.495856,   35.264414,       62.49,
 139.500360,   35.264414,       63.21,
 139.504865,   35.264414,       63.74,
 139.509369,   35.264414,       64.01,
 139.513874,   35.264414,       64.19,
 139.518378,   35.264414,       64.31,
 139.522883,   35.264414,       64.34,
 139.527387,   35.264414,       64.26,
 139.531892,   35.264414,       64.40,
 139.536396,   35.264414,       64.45,
 139.540901,   35.264414,       64.62,
 139.545405,   35.264414,       65.11,
 139.549910,   35.264414,       65.46,
 139.554414,   35.264414,       66.35,
 139.558919,   35.264414,       67.70,
 139.563423,   35.264414,       69.26,
 139.567928,   35.264414,       71.39,
 139.572432,   35.264414,       74.13,
 139.576937,   35.264414,       74.13,
 139.581441,   35.264414,       74.13,
 139.585946,   35.264414,       74.13,
 139.590450,   35.264414,       74.13,
 139.594955,   35.264414,       75.67,
 139.599459,   35.264414,       75.67,
 139.603964,   35.264414,       75.67,
 139.608468,   35.264414,       75.67,
 139.612973,   35.264414,       75.67,
 139.617477,   35.264414,       75.67,
 139.621982,   35.264414,       74.14,
 139.626486,   35.264414,       72.61,
 139.630991,   35.264414,       71.04,
 139.635495,   35.264414,       69.45,
 139.640000,   35.264414,       67.82,
 139.644505,   35.264414,       66.20,
 139.649009,   35.264414,       64.64,
 139.653514,   35.264414,       63.18,
 139.658018,   35.264414,       61.81,
 139.662523,   35.264414,       60.56,
 139.667027,   35.264414,       59.47,
 139.671532,   35.264414,       58.52,
 139.676036,   35.264414,       57.69,
 139.680541,   35.264414,       56.84,
 139.685045,   35.264414,       55.91,
 139.689550,   35.264414,       54.86,
 139.694054,   35.264414,       53.80,
 139.698559,   35.264414,       53.19,
 139.703063,   35.264414,       52.72,
 139.707568,   35.264414,       52.34,
 139.712072,   35.264414,       51.86,
 139.716577,   35.264414,       51.17,
 139.721081,   35.264414,       50.52,
 139.725586,   35.264414,       50.64,
 139.730090,   35.264414,       51.51,
 139.734595,   35.264414,       52.45,
 139.739099,   35.264414,       52.92,
 139.743604,   35.264414,       53.35,
 139.748108,   35.264414,       52.47,
 139.752613,   35.264414,       50.59,
 139.757117,   35.264414,       48.70,
 139.761622,   35.264414,       47.52,
 139.766126,   35.264414,       47.23,
 139.770631,   35.264414,       47.20,
 139.775135,   35.264414,       47.48,
 139.779640,   35.264414,       48.08,
 139.784144,   35.264414,       48.93,
 139.788649,   35.264414,       49.97,
 139.793153,   35.264414,       51.14,
 139.797658,   35.264414,       52.43,
 139.802162,   35.264414,       53.71,
 139.806667,   35.264414,       54.82,
 139.811171,   35.264414,       55.85,
 139.815676,   35.264414,       56.77,
 139.820180,   35.264414,       57.38,
 139.824685,   35.264414,       57.92,
 139.829189,   35.264414,       58.47,
 139.833694,   35.264414,       59.02,
 139.838198,   35.264414,       59.57,
 139.842703,   35.264414,       60.15,
 139.847207,   35.264414,       60.91,
 139.851712,   35.264414,       61.93,
 139.856216,   35.264414,       62.94,
 139.860721,   35.264414,       63.70,
 139.865225,   35.264414,       64.22,
 139.869730,   35.264414,       64.57,
 139.874234,   35.264414,       64.41,
 139.878739,   35.264414,       64.15,
 139.883243,   35.264414,       63.85,
 139.887748,   35.264414,       63.52,
 139.892252,   35.264414,       63.17,
 139.896757,   35.264414,       62.81,
 139.901261,   35.264414,       62.44,
 139.905766,   35.264414,       62.07,
 139.910270,   35.264414,       61.70,
 139.914775,   35.264414,       61.33,
 139.919279,   35.264414,       60.97,
 139.923784,   35.264414,       60.60,
 139.928288,   35.264414,       60.25,
 139.932793,   35.264414,       59.89,
 139.937297,   35.264414,       59.54,
 139.941802,   35.264414,       59.19,
 139.946306,   35.264414,       58.85,
 139.950811,   35.264414,       58.50,
 139.955315,   35.264414,       58.16,
 139.959820,   35.264414,       57.83,
 139.964324,   35.264414,       57.50,
 139.968829,   35.264414,       57.17,
 139.973333,   35.264414,       56.85,
 139.977838,   35.264414,       56.55,
 139.982342,   35.264414,       56.27,
 139.986847,   35.264414,       56.00,
 139.991351,   35.264414,       55.74,
 139.995856,   35.264414,       55.49,
 140.000360,   35.264414,       55.25,
 140.004865,   35.264414,       55.01,
 140.009369,   35.264414,       54.78,
 140.013874,   35.264414,       54.55,
 140.018378,   35.264414,       54.32,
 140.022883,   35.264414,       54.11,
 140.027387,   35.264414,       53.89,
 140.031892,   35.264414,       53.69,
 140.036396,   35.264414,       53.49,
 140.040901,   35.264414,       53.30,
 140.045405,   35.264414,       53.11,
 140.049910,   35.264414,       52.93,
 140.054414,   35.264414,       52.76,
 140.058919,   35.264414,       52.59,
 140.063423,   35.264414,       52.42,
 140.067928,   35.264414,       52.26,
 140.072432,   35.264414,       52.10,
 140.076937,   35.264414,       51.95,
 140.081441,   35.264414,       51.80,
 140.085946,   35.264414,       51.66,
 140.090450,   35.264414,       51.52,
 140.094955,   35.264414,       51.39,
 140.099459,   35.264414,       51.26,
 140.103964,   35.264414,       51.13,
 140.108468,   35.264414,       51.01,
 140.112973,   35.264414,       50.89,
 140.117477,   35.264414,       50.78,
 140.121982,   35.264414,       50.67,
 140.126486,   35.264414,       50.57,
 140.130991,   35.264414,       50.48,
 140.135495,   35.264414,       50.38,
 140.140000,   35.264414,       50.30,
 140.144505,   35.264414,       50.21,
 140.149009,   35.264414,       50.14,
 140.153514,   35.264414,       50.06,
 140.158018,   35.264414,       49.99,
 140.162523,   35.264414,       49.93,
 140.167027,   35.264414,       49.87,
 140.171532,   35.264414,       49.82,
 140.176036,   35.264414,       49.77,
 140.180541,   35.264414,       49.73,
 140.185045,   35.264414,       49.69,
 140.189550,   35.264414,       49.66,
 140.194054,   35.264414,       49.63,
 140.198559,   35.264414,       49.61,
 140.203063,   35.264414,       49.59,
 140.207568,   35.264414,       49.57,
 140.212072,   35.264414,       49.57,
 140.216577,   35.264414,       49.56,
 140.221081,   35.264414,       49.56,
 140.225586,   35.264414,       49.57,
 140.230090,   35.264414,       49.57,
 140.234595,   35.264414,       49.58,
 140.239099,   35.264414,       49.60,
 140.243604,   35.264414,       49.61,
 140.248108,   35.264414,       49.64,
 140.252613,   35.264414,       49.66,
 140.257117,   35.264414,       49.69,
 140.261622,   35.264414,       49.72,
 140.266126,   35.264414,       49.75,
 140.270631,   35.264414,       49.78,
 140.275135,   35.264414,       49.82,
 140.279640,   35.264414,       49.86,
 140.284144,   35.264414,       49.90,
 140.288649,   35.264414,       49.95,
 140.293153,   35.264414,       50.00,
 140.297658,   35.264414,       50.05,
 140.302162,   35.264414,       50.10,
 140.306667,   35.264414,       50.15,
 140.311171,   35.264414,       50.21,
 140.315676,   35.264414,       50.28,
 140.320180,   35.264414,       50.35,
 140.324685,   35.264414,       50.42,
 140.329189,   35.264414,       50.50,
 140.333694,   35.264414,       50.58,
 140.338198,   35.264414,       50.69,
 140.342703,   35.264414,       50.93,
 140.347207,   35.264414,       51.17,
 140.351712,   35.264414,       51.40,
 140.356216,   35.264414,       51.63,
 140.360721,   35.264414,       51.86,
 140.365225,   35.264414,       52.08,
 140.369730,   35.264414,       52.31,
 140.374234,   35.264414,       52.53,
 140.378739,   35.264414,       52.75,
 140.383243,   35.264414,       52.97,
 140.387748,   35.264414,       53.18,
 139.140000,   35.268919,       60.60,
 139.144505,   35.268919,       60.00,
 139.149009,   35.268919,       59.44,
 139.153514,   35.268919,       58.90,
 139.158018,   35.268919,       58.39,
 139.162523,   35.268919,       57.91,
 139.167027,   35.268919,       57.46,
 139.171532,   35.268919,       57.04,
 139.176036,   35.268919,       56.64,
 139.180541,   35.268919,       56.28,
 139.185045,   35.268919,       55.94,
 139.189550,   35.268919,       55.16,
 139.194054,   35.268919,       54.91,
 139.198559,   35.268919,       54.71,
 139.203063,   35.268919,       54.57,
 139.207568,   35.268919,       54.48,
 139.212072,   35.268919,       54.24,
 139.216577,   35.268919,       54.01,
 139.221081,   35.268919,       53.79,
 139.225586,   35.268919,       53.60,
 139.230090,   35.268919,       53.40,
 139.234595,   35.268919,       53.20,
 139.239099,   35.268919,       53.10,
 139.243604,   35.268919,       53.04,
 139.248108,   35.268919,       53.03,
 139.252613,   35.268919,       53.08,
 139.257117,   35.268919,       53.20,
 139.261622,   35.268919,       53.35,
 139.266126,   35.268919,       53.47,
 139.270631,   35.268919,       53.56,
 139.275135,   35.268919,       53.66,
 139.279640,   35.268919,       53.69,
 139.284144,   35.268919,       53.62,
 139.288649,   35.268919,       53.55,
 139.293153,   35.268919,       53.35,
 139.297658,   35.268919,       53.14,
 139.302162,   35.268919,       52.95,
 139.306667,   35.268919,       52.76,
 139.311171,   35.268919,       52.53,
 139.315676,   35.268919,       52.31,
 139.320180,   35.268919,       52.10,
 139.324685,   35.268919,       51.90,
 139.329189,   35.268919,       51.69,
 139.333694,   35.268919,       51.51,
 139.338198,   35.268919,       51.35,
 139.342703,   35.268919,       51.19,
 139.347207,   35.268919,       51.03,
 139.351712,   35.268919,       50.96,
 139.356216,   35.268919,       51.08,
 139.360721,   35.268919,       51.21,
 139.365225,   35.268919,       51.35,
 139.369730,   35.268919,       51.50,
 139.374234,   35.268919,       51.67,
 139.378739,   35.268919,       51.87,
 139.383243,   35.268919,       52.06,
 139.387748,   35.268919,       52.25,
 139.392252,   35.268919,       52.48,
 139.396757,   35.268919,       52.74,
 139.401261,   35.268919,       53.00,
 139.405766,   35.268919,       53.22,
 139.410270,   35.268919,       53.33,
 139.414775,   35.268919,       53.44,
 139.419279,   35.268919,       53.56,
 139.423784,   35.268919,       53.67,
 139.428288,   35.268919,       53.73,
 139.432793,   35.268919,       53.88,
 139.437297,   35.268919,       54.11,
 139.441802,   35.268919,       54.34,
 139.446306,   35.268919,       54.87,
 139.450811,   35.268919,       55.56,
 139.455315,   35.268919,       56.22,
 139.459820,   35.268919,       57.05,
 139.464324,   35.268919,       57.85,
 139.468829,   35.268919,       58.72,
 139.473333,   35.268919,       59.55,
 139.477838,   35.268919,       60.37,
 139.482342,   35.268919,       61.27,
 139.486847,   35.268919,       62.18,
 139.491351,   35.268919,       62.83,
 139.495856,   35.268919,       63.44,
 139.500360,   35.268919,       64.04,
 139.504865,   35.268919,       64.47,
 139.509369,   35.268919,       64.79,
 139.513874,   35.268919,       64.96,
 139.518378,   35.268919,       65.08,
 139.522883,   35.268919,       65.12,
 139.527387,   35.268919,       65.19,
 139.531892,   35.268919,       65.28,
 139.536396,   35.268919,       65.47,
 139.540901,   35.268919,       65.87,
 139.545405,   35.268919,       66.31,
 139.549910,   35.268919,       66.92,
 139.554414,   35.268919,       67.81,
 139.558919,   35.268919,       69.12,
 139.563423,   35.268919,       70.64,
 139.567928,   35.268919,       72.70,
 139.572432,   35.268919,       75.40,
 139.576937,   35.268919,       75.40,
 139.581441,   35.268919,       75.40,
 139.585946,   35.268919,       75.40,
 139.590450,   35.268919,       75.40,
 139.594955,   35.268919,       75.12,
 139.599459,   35.268919,       75.12,
 139.603964,   35.268919,       75.12,
 139.608468,   35.268919,       75.12,
 139.612973,   35.268919,       75.12,
 139.617477,   35.268919,       73.79,
 139.621982,   35.268919,       72.43,
 139.626486,   35.268919,       71.05,
 139.630991,   35.268919,       69.65,
 139.635495,   35.268919,       68.20,
 139.640000,   35.268919,       66.72,
 139.644505,   35.268919,       65.21,
 139.649009,   35.268919,       63.75,
 139.653514,   35.268919,       62.39,
 139.658018,   35.268919,       61.13,
 139.662523,   35.268919,       60.01,
 139.667027,   35.268919,       59.05,
 139.671532,   35.268919,       58.26,
 139.676036,   35.268919,       57.57,
 139.680541,   35.268919,       56.82,
 139.685045,   35.268919,       55.94,
 139.689550,   35.268919,       54.81,
 139.694054,   35.268919,       53.80,
 139.698559,   35.268919,       53.19,
 139.703063,   35.268919,       52.95,
 139.707568,   35.268919,       52.65,
 139.712072,   35.268919,       52.60,
 139.716577,   35.268919,       51.89,
 139.721081,   35.268919,       51.15,
 139.725586,   35.268919,       51.13,
 139.730090,   35.268919,       51.52,
 139.734595,   35.268919,       51.56,
 139.739099,   35.268919,       51.15,
 139.743604,   35.268919,       50.28,
 139.748108,   35.268919,       50.02,
 139.752613,   35.268919,       49.33,
 139.757117,   35.268919,       48.23,
 139.761622,   35.268919,       47.74,
 139.766126,   35.268919,       47.35,
 139.770631,   35.268919,       47.20,
 139.775135,   35.268919,       47.72,
 139.779640,   35.268919,       48.28,
 139.784144,   35.268919,       48.98,
 139.788649,   35.268919,       50.16,
 139.793153,   35.268919,       51.32,
 139.797658,   35.268919,       52.50,
 139.802162,   35.268919,       53.69,
 139.806667,   35.268919,       54.79,
 139.811171,   35.268919,       55.83,
 139.815676,   35.268919,       56.70,
 139.820180,   35.268919,       57.24,
 139.824685,   35.268919,       57.77,
 139.829189,   35.268919,       58.32,
 139.833694,   35.268919,       58.87,
 139.838198,   35.268919,       59.44,
 139.842703,   35.268919,       60.05,
 139.847207,   35.268919,       61.01,
 139.851712,   35.268919,       62.05,
 139.856216,   35.268919,       62.88,
 139.860721,   35.268919,       63.36,
 139.865225,   35.268919,       63.88,
 139.869730,   35.268919,       64.25,
 139.874234,   35.268919,       64.15,
 139.878739,   35.268919,       63.92,
 139.883243,   35.268919,       63.65,
 139.887748,   35.268919,       63.34,
 139.892252,   35.268919,       63.02,
 139.896757,   35.268919,       62.68,
 139.901261,   35.268919,       62.32,
 139.905766,   35.268919,       61.97,
 139.910270,   35.268919,       61.62,
 139.914775,   35.268919,       61.26,
 139.919279,   35.268919,       60.91,
 139.923784,   35.268919,       60.56,
 139.928288,   35.268919,       60.21,
 139.932793,   35.268919,       59.86,
 139.937297,   35.268919,       59.51,
 139.941802,   35.268919,       59.17,
 139.946306,   35.268919,       58.83,
 139.950811,   35.268919,       58.49,
 139.955315,   35.268919,       58.15,
 139.959820,   35.268919,       57.82,
 139.964324,   35.268919,       57.50,
 139.968829,   35.268919,       57.18,
 139.973333,   35.268919,       56.87,
 139.977838,   35.268919,       56.58,
 139.982342,   35.268919,       56.31,
 139.986847,   35.268919,       56.05,
 139.991351,   35.268919,       55.80,
 139.995856,   35.268919,       55.55,
 140.000360,   35.268919,       55.32,
 140.004865,   35.268919,       55.08,
 140.009369,   35.268919,       54.85,
 140.013874,   35.268919,       54.63,
 140.018378,   35.268919,       54.41,
 140.022883,   35.268919,       54.19,
 140.027387,   35.268919,       53.98,
 140.031892,   35.268919,       53.78,
 140.036396,   35.268919,       53.59,
 140.040901,   35.268919,       53.40,
 140.045405,   35.268919,       53.22,
 140.049910,   35.268919,       53.04,
 140.054414,   35.268919,       52.87,
 140.058919,   35.268919,       52.70,
 140.063423,   35.268919,       52.54,
 140.067928,   35.268919,       52.38,
 140.072432,   35.268919,       52.23,
 140.076937,   35.268919,       52.08,
 140.081441,   35.268919,       51.93,
 140.085946,   35.268919,       51.79,
 140.090450,   35.268919,       51.66,
 140.094955,   35.268919,       51.52,
 140.099459,   35.268919,       51.40,
 140.103964,   35.268919,       51.27,
 140.108468,   35.268919,       51.15,
 140.112973,   35.268919,       51.04,
 140.117477,   35.268919,       50.93,
 140.121982,   35.268919,       50.82,
 140.126486,   35.268919,       50.72,
 140.130991,   35.268919,       50.63,
 140.135495,   35.268919,       50.54,
 140.140000,   35.268919,       50.45,
 140.144505,   35.268919,       50.37,
 140.149009,   35.268919,       50.30,
 140.153514,   35.268919,       50.23,
 140.158018,   35.268919,       50.16,
 140.162523,   35.268919,       50.10,
 140.167027,   35.268919,       50.04,
 140.171532,   35.268919,       49.99,
 140.176036,   35.268919,       49.94,
 140.180541,   35.268919,       49.90,
 140.185045,   35.268919,       49.87,
 140.189550,   35.268919,       49.84,
 140.194054,   35.268919,       49.81,
 140.198559,   35.268919,       49.79,
 140.203063,   35.268919,       49.77,
 140.207568,   35.268919,       49.76,
 140.212072,   35.268919,       49.76,
 140.216577,   35.268919,       49.76,
 140.221081,   35.268919,       49.76,
 140.225586,   35.268919,       49.77,
 140.230090,   35.268919,       49.78,
 140.234595,   35.268919,       49.79,
 140.239099,   35.268919,       49.81,
 140.243604,   35.268919,       49.83,
 140.248108,   35.268919,       49.85,
 140.252613,   35.268919,       49.87,
 140.257117,   35.268919,       49.90,
 140.261622,   35.268919,       49.94,
 140.266126,   35.268919,       49.97,
 140.270631,   35.268919,       50.01,
 140.275135,   35.268919,       50.05,
 140.279640,   35.268919,       50.09,
 140.284144,   35.268919,       50.14,
 140.288649,   35.268919,       50.18,
 140.293153,   35.268919,       50.23,
 140.297658,   35.268919,       50.29,
 140.302162,   35.268919,       50.34,
 140.306667,   35.268919,       50.40,
 140.311171,   35.268919,       50.47,
 140.315676,   35.268919,       50.53,
 140.320180,   35.268919,       50.60,
 140.324685,   35.268919,       50.68,
 140.329189,   35.268919,       50.76,
 140.333694,   35.268919,       50.85,
 140.338198,   35.268919,       51.06,
 140.342703,   35.268919,       51.30,
 140.347207,   35.268919,       51.54,
 140.351712,   35.268919,       51.77,
 140.356216,   35.268919,       52.00,
 140.360721,   35.268919,       52.23,
 140.365225,   35.268919,       52.46,
 140.369730,   35.268919,       52.68,
 140.374234,   35.268919,       52.91,
 140.378739,   35.268919,       53.13,
 140.383243,   35.268919,       53.35,
 140.387748,   35.268919,       53.56,
 139.140000,   35.273423,       60.53,
 139.144505,   35.273423,       59.92,
 139.149009,   35.273423,       59.34,
 139.153514,   35.273423,       58.79,
 139.158018,   35.273423,       58.27,
 139.162523,   35.273423,       57.78,
 139.167027,   35.273423,       57.32,
 139.171532,   35.273423,       56.88,
 139.176036,   35.273423,       56.47,
 139.180541,   35.273423,       56.10,
 139.185045,   35.273423,       55.75,
 139.189550,   35.273423,       55.43,
 139.194054,   35.273423,       54.86,
 139.198559,   35.273423,       54.37,
 139.203063,   35.273423,       54.20,
 139.207568,   35.273423,       54.04,
 139.212072,   35.273423,       53.91,
 139.216577,   35.273423,       53.77,
 139.221081,   35.273423,       53.66,
 139.225586,   35.273423,       53.41,
 139.230090,   35.273423,       53.18,
 139.234595,   35.273423,       53.00,
 139.239099,   35.273423,       52.90,
 139.243604,   35.273423,       52.87,
 139.248108,   35.273423,       52.86,
 139.252613,   35.273423,       52.94,
 139.257117,   35.273423,       53.12,
 139.261622,   35.273423,       53.34,
 139.266126,   35.273423,       53.55,
 139.270631,   35.273423,       53.64,
 139.275135,   35.273423,       53.73,
 139.279640,   35.273423,       53.78,
 139.284144,   35.273423,       53.76,
 139.288649,   35.273423,       53.75,
 139.293153,   35.273423,       53.54,
 139.297658,   35.273423,       53.31,
 139.302162,   35.273423,       53.09,
 139.306667,   35.273423,       52.84,
 139.311171,   35.273423,       52.59,
 139.315676,   35.273423,       52.35,
 139.320180,   35.273423,       52.13,
 139.324685,   35.273423,       51.89,
 139.329189,   35.273423,       51.65,
 139.333694,   35.273423,       51.45,
 139.338198,   35.273423,       51.28,
 139.342703,   35.273423,       51.13,
 139.347207,   35.273423,       51.00,
 139.351712,   35.273423,       50.96,
 139.356216,   35.273423,       51.03,
 139.360721,   35.273423,       51.16,
 139.365225,   35.273423,       51.31,
 139.369730,   35.273423,       51.46,
 139.374234,   35.273423,       51.63,
 139.378739,   35.273423,       51.80,
 139.383243,   35.273423,       51.98,
 139.387748,   35.273423,       52.17,
 139.392252,   35.273423,       52.40,
 139.396757,   35.273423,       52.65,
 139.401261,   35.273423,       52.90,
 139.405766,   35.273423,       53.13,
 139.410270,   35.273423,       53.29,
 139.414775,   35.273423,       53.45,
 139.419279,   35.273423,       53.60,
 139.423784,   35.273423,       53.78,
 139.428288,   35.273423,       53.91,
 139.432793,   35.273423,       54.18,
 139.437297,   35.273423,       54.42,
 139.441802,   35.273423,       54.87,
 139.446306,   35.273423,       55.57,
 139.450811,   35.273423,       56.33,
 139.455315,   35.273423,       57.21,
 139.459820,   35.273423,       58.10,
 139.464324,   35.273423,       59.01,
 139.468829,   35.273423,       59.91,
 139.473333,   35.273423,       60.82,
 139.477838,   35.273423,       61.68,
 139.482342,   35.273423,       62.56,
 139.486847,   35.273423,       63.26,
 139.491351,   35.273423,       63.81,
 139.495856,   35.273423,       64.39,
 139.500360,   35.273423,       64.85,
 139.504865,   35.273423,       65.25,
 139.509369,   35.273423,       65.59,
 139.513874,   35.273423,       65.74,
 139.518378,   35.273423,       65.87,
 139.522883,   35.273423,       66.01,
 139.527387,   35.273423,       66.11,
 139.531892,   35.273423,       66.25,
 139.536396,   35.273423,       66.60,
 139.540901,   35.273423,       67.04,
 139.545405,   35.273423,       67.54,
 139.549910,   35.273423,       68.23,
 139.554414,   35.273423,       69.08,
 139.558919,   35.273423,       70.08,
 139.563423,   35.273423,       71.64,
 139.567928,   35.273423,       73.50,
 139.572432,   35.273423,       75.37,
 139.576937,   35.273423,       75.37,
 139.581441,   35.273423,       75.37,
 139.585946,   35.273423,       75.50,
 139.590450,   35.273423,       75.50,
 139.594955,   35.273423,       75.50,
 139.599459,   35.273423,       75.50,
 139.603964,   35.273423,       75.00,
 139.608468,   35.273423,       74.19,
 139.612973,   35.273423,       73.13,
 139.617477,   35.273423,       71.90,
 139.621982,   35.273423,       70.65,
 139.626486,   35.273423,       69.40,
 139.630991,   35.273423,       68.13,
 139.635495,   35.273423,       66.82,
 139.640000,   35.273423,       65.47,
 139.644505,   35.273423,       64.09,
 139.649009,   35.273423,       62.72,
 139.653514,   35.273423,       61.46,
 139.658018,   35.273423,       60.33,
 139.662523,   35.273423,       59.37,
 139.667027,   35.273423,       58.59,
 139.671532,   35.273423,       58.01,
 139.676036,   35.273423,       57.49,
 139.680541,   35.273423,       56.90,
 139.685045,   35.273423,       56.08,
 139.689550,   35.273423,       54.99,
 139.694054,   35.273423,       54.45,
 139.698559,   35.273423,       54.11,
 139.703063,   35.273423,       54.12,
 139.707568,   35.273423,       54.07,
 139.712072,   35.273423,       54.22,
 139.716577,   35.273423,       54.03,
 139.721081,   35.273423,       53.45,
 139.725586,   35.273423,       52.76,
 139.730090,   35.273423,       52.01,
 139.734595,   35.273423,       51.41,
 139.739099,   35.273423,       50.71,
 139.743604,   35.273423,       49.76,
 139.748108,   35.273423,       49.03,
 139.752613,   35.273423,       48.58,
 139.757117,   35.273423,       48.17,
 139.761622,   35.273423,       47.76,
 139.766126,   35.273423,       47.41,
 139.770631,   35.273423,       47.51,
 139.775135,   35.273423,       47.90,
 139.779640,   35.273423,       48.50,
 139.784144,   35.273423,       49.34,
 139.788649,   35.273423,       50.40,
 139.793153,   35.273423,       51.55,
 139.797658,   35.273423,       52.68,
 139.802162,   35.273423,       53.78,
 139.806667,   35.273423,       54.85,
 139.811171,   35.273423,       55.83,
 139.815676,   35.273423,       56.59,
 139.820180,   35.273423,       57.12,
 139.824685,   35.273423,       57.63,
 139.829189,   35.273423,       58.16,
 139.833694,   35.273423,       58.71,
 139.838198,   35.273423,       59.26,
 139.842703,   35.273423,       60.02,
 139.847207,   35.273423,       61.16,
 139.851712,   35.273423,       62.11,
 139.856216,   35.273423,       62.56,
 139.860721,   35.273423,       63.02,
 139.865225,   35.273423,       63.54,
 139.869730,   35.273423,       63.93,
 139.874234,   35.273423,       63.89,
 139.878739,   35.273423,       63.70,
 139.883243,   35.273423,       63.45,
 139.887748,   35.273423,       63.17,
 139.892252,   35.273423,       62.86,
 139.896757,   35.273423,       62.54,
 139.901261,   35.273423,       62.21,
 139.905766,   35.273423,       61.87,
 139.910270,   35.273423,       61.53,
 139.914775,   35.273423,       61.19,
 139.919279,   35.273423,       60.85,
 139.923784,   35.273423,       60.51,
 139.928288,   35.273423,       60.16,
 139.932793,   35.273423,       59.82,
 139.937297,   35.273423,       59.48,
 139.941802,   35.273423,       59.15,
 139.946306,   35.273423,       58.81,
 139.950811,   35.273423,       58.48,
 139.955315,   35.273423,       58.15,
 139.959820,   35.273423,       57.82,
 139.964324,   35.273423,       57.50,
 139.968829,   35.273423,       57.19,
 139.973333,   35.273423,       56.89,
 139.977838,   35.273423,       56.61,
 139.982342,   35.273423,       56.35,
 139.986847,   35.273423,       56.09,
 139.991351,   35.273423,       55.85,
 139.995856,   35.273423,       55.61,
 140.000360,   35.273423,       55.38,
 140.004865,   35.273423,       55.15,
 140.009369,   35.273423,       54.92,
 140.013874,   35.273423,       54.70,
 140.018378,   35.273423,       54.48,
 140.022883,   35.273423,       54.28,
 140.027387,   35.273423,       54.07,
 140.031892,   35.273423,       53.88,
 140.036396,   35.273423,       53.69,
 140.040901,   35.273423,       53.50,
 140.045405,   35.273423,       53.32,
 140.049910,   35.273423,       53.15,
 140.054414,   35.273423,       52.98,
 140.058919,   35.273423,       52.82,
 140.063423,   35.273423,       52.66,
 140.067928,   35.273423,       52.50,
 140.072432,   35.273423,       52.35,
 140.076937,   35.273423,       52.20,
 140.081441,   35.273423,       52.06,
 140.085946,   35.273423,       51.92,
 140.090450,   35.273423,       51.79,
 140.094955,   35.273423,       51.66,
 140.099459,   35.273423,       51.53,
 140.103964,   35.273423,       51.41,
 140.108468,   35.273423,       51.29,
 140.112973,   35.273423,       51.18,
 140.117477,   35.273423,       51.08,
 140.121982,   35.273423,       50.97,
 140.126486,   35.273423,       50.88,
 140.130991,   35.273423,       50.78,
 140.135495,   35.273423,       50.70,
 140.140000,   35.273423,       50.61,
 140.144505,   35.273423,       50.53,
 140.149009,   35.273423,       50.46,
 140.153514,   35.273423,       50.39,
 140.158018,   35.273423,       50.33,
 140.162523,   35.273423,       50.27,
 140.167027,   35.273423,       50.21,
 140.171532,   35.273423,       50.16,
 140.176036,   35.273423,       50.12,
 140.180541,   35.273423,       50.08,
 140.185045,   35.273423,       50.05,
 140.189550,   35.273423,       50.02,
 140.194054,   35.273423,       50.00,
 140.198559,   35.273423,       49.98,
 140.203063,   35.273423,       49.96,
 140.207568,   35.273423,       49.96,
 140.212072,   35.273423,       49.95,
 140.216577,   35.273423,       49.96,
 140.221081,   35.273423,       49.96,
 140.225586,   35.273423,       49.97,
 140.230090,   35.273423,       49.98,
 140.234595,   35.273423,       50.00,
 140.239099,   35.273423,       50.02,
 140.243604,   35.273423,       50.04,
 140.248108,   35.273423,       50.06,
 140.252613,   35.273423,       50.09,
 140.257117,   35.273423,       50.12,
 140.261622,   35.273423,       50.16,
 140.266126,   35.273423,       50.19,
 140.270631,   35.273423,       50.24,
 140.275135,   35.273423,       50.28,
 140.279640,   35.273423,       50.32,
 140.284144,   35.273423,       50.37,
 140.288649,   35.273423,       50.42,
 140.293153,   35.273423,       50.47,
 140.297658,   35.273423,       50.53,
 140.302162,   35.273423,       50.59,
 140.306667,   35.273423,       50.65,
 140.311171,   35.273423,       50.72,
 140.315676,   35.273423,       50.79,
 140.320180,   35.273423,       50.86,
 140.324685,   35.273423,       50.94,
 140.329189,   35.273423,       51.03,
 140.333694,   35.273423,       51.19,
 140.338198,   35.273423,       51.44,
 140.342703,   35.273423,       51.68,
 140.347207,   35.273423,       51.91,
 140.351712,   35.273423,       52.15,
 140.356216,   35.273423,       52.38,
 140.360721,   35.273423,       52.61,
 140.365225,   35.273423,       52.84,
 140.369730,   35.273423,       53.06,
 140.374234,   35.273423,       53.29,
 140.378739,   35.273423,       53.51,
 140.383243,   35.273423,       53.73,
 140.387748,   35.273423,       53.94,
 139.140000,   35.277928,       60.43,
 139.144505,   35.277928,       59.81,
 139.149009,   35.277928,       59.22,
 139.153514,   35.277928,       58.66,
 139.158018,   35.277928,       58.12,
 139.162523,   35.277928,       57.62,
 139.167027,   35.277928,       57.14,
 139.171532,   35.277928,       56.70,
 139.176036,   35.277928,       56.28,
 139.180541,   35.277928,       55.89,
 139.185045,   35.277928,       55.53,
 139.189550,   35.277928,       55.20,
 139.194054,   35.277928,       54.89,
 139.198559,   35.277928,       54.62,
 139.203063,   35.277928,       53.78,
 139.207568,   35.277928,       53.60,
 139.212072,   35.277928,       53.44,
 139.216577,   35.277928,       53.28,
 139.221081,   35.277928,       53.12,
 139.225586,   35.277928,       52.96,
 139.230090,   35.277928,       52.81,
 139.234595,   35.277928,       52.71,
 139.239099,   35.277928,       52.66,
 139.243604,   35.277928,       52.64,
 139.248108,   35.277928,       52.67,
 139.252613,   35.277928,       52.75,
 139.257117,   35.277928,       52.95,
 139.261622,   35.277928,       53.18,
 139.266126,   35.277928,       53.39,
 139.270631,   35.277928,       53.54,
 139.275135,   35.277928,       53.71,
 139.279640,   35.277928,       53.86,
 139.284144,   35.277928,       53.81,
 139.288649,   35.277928,       53.83,
 139.293153,   35.277928,       53.71,
 139.297658,   35.277928,       53.48,
 139.302162,   35.277928,       53.25,
 139.306667,   35.277928,       52.95,
 139.311171,   35.277928,       52.66,
 139.315676,   35.277928,       52.38,
 139.320180,   35.277928,       52.12,
 139.324685,   35.277928,       51.88,
 139.329189,   35.277928,       51.62,
 139.333694,   35.277928,       51.40,
 139.338198,   35.277928,       51.20,
 139.342703,   35.277928,       51.08,
 139.347207,   35.277928,       50.98,
 139.351712,   35.277928,       50.95,
 139.356216,   35.277928,       50.98,
 139.360721,   35.277928,       51.08,
 139.365225,   35.277928,       51.23,
 139.369730,   35.277928,       51.36,
 139.374234,   35.277928,       51.50,
 139.378739,   35.277928,       51.68,
 139.383243,   35.277928,       51.88,
 139.387748,   35.277928,       52.08,
 139.392252,   35.277928,       52.29,
 139.396757,   35.277928,       52.51,
 139.401261,   35.277928,       52.74,
 139.405766,   35.277928,       52.95,
 139.410270,   35.277928,       53.18,
 139.414775,   35.277928,       53.42,
 139.419279,   35.277928,       53.72,
 139.423784,   35.277928,       54.00,
 139.428288,   35.277928,       54.26,
 139.432793,   35.277928,       54.52,
 139.437297,   35.277928,       54.87,
 139.441802,   35.277928,       55.49,
 139.446306,   35.277928,       56.18,
 139.450811,   35.277928,       57.11,
 139.455315,   35.277928,       58.14,
 139.459820,   35.277928,       59.09,
 139.464324,   35.277928,       60.10,
 139.468829,   35.277928,       61.07,
 139.473333,   35.277928,       61.97,
 139.477838,   35.277928,       62.88,
 139.482342,   35.277928,       63.65,
 139.486847,   35.277928,       64.19,
 139.491351,   35.277928,       64.72,
 139.495856,   35.277928,       65.21,
 139.500360,   35.277928,       65.70,
 139.504865,   35.277928,       66.10,
 139.509369,   35.277928,       66.32,
 139.513874,   35.277928,       66.55,
 139.518378,   35.277928,       66.68,
 139.522883,   35.277928,       66.84,
 139.527387,   35.277928,       67.03,
 139.531892,   35.277928,       67.25,
 139.536396,   35.277928,       67.65,
 139.540901,   35.277928,       68.06,
 139.545405,   35.277928,       68.50,
 139.549910,   35.277928,       69.17,
 139.554414,   35.277928,       69.81,
 139.558919,   35.277928,       70.55,
 139.563423,   35.277928,       72.00,
 139.567928,   35.277928,       73.49,
 139.572432,   35.277928,       74.21,
 139.576937,   35.277928,       74.11,
 139.581441,   35.277928,       74.11,
 139.585946,   35.277928,       74.05,
 139.590450,   35.277928,       73.92,
 139.594955,   35.277928,       73.72,
 139.599459,   35.277928,       73.44,
 139.603964,   35.277928,       73.01,
 139.608468,   35.277928,       72.29,
 139.612973,   35.277928,       71.33,
 139.617477,   35.277928,       70.18,
 139.621982,   35.277928,       68.93,
 139.626486,   35.277928,       67.69,
 139.630991,   35.277928,       66.50,
 139.635495,   35.277928,       65.30,
 139.640000,   35.277928,       64.07,
 139.644505,   35.277928,       62.80,
 139.649009,   35.277928,       61.52,
 139.653514,   35.277928,       60.36,
 139.658018,   35.277928,       59.39,
 139.662523,   35.277928,       58.63,
 139.667027,   35.277928,       58.10,
 139.671532,   35.277928,       57.78,
 139.676036,   35.277928,       57.50,
 139.680541,   35.277928,       57.17,
 139.685045,   35.277928,       56.29,
 139.689550,   35.277928,       55.58,
 139.694054,   35.277928,       55.07,
 139.698559,   35.277928,       55.07,
 139.703063,   35.277928,       55.08,
 139.707568,   35.277928,       54.79,
 139.712072,   35.277928,       54.63,
 139.716577,   35.277928,       54.22,
 139.721081,   35.277928,       53.97,
 139.725586,   35.277928,       53.83,
 139.730090,   35.277928,       52.78,
 139.734595,   35.277928,       51.61,
 139.739099,   35.277928,       50.64,
 139.743604,   35.277928,       49.72,
 139.748108,   35.277928,       48.96,
 139.752613,   35.277928,       48.46,
 139.757117,   35.277928,       48.08,
 139.761622,   35.277928,       47.67,
 139.766126,   35.277928,       47.59,
 139.770631,   35.277928,       47.85,
 139.775135,   35.277928,       48.11,
 139.779640,   35.277928,       48.86,
 139.784144,   35.277928,       49.79,
 139.788649,   35.277928,       50.69,
 139.793153,   35.277928,       51.81,
 139.797658,   35.277928,       52.91,
 139.802162,   35.277928,       53.98,
 139.806667,   35.277928,       54.93,
 139.811171,   35.277928,       55.78,
 139.815676,   35.277928,       56.49,
 139.820180,   35.277928,       57.02,
 139.824685,   35.277928,       57.51,
 139.829189,   35.277928,       57.99,
 139.833694,   35.277928,       58.49,
 139.838198,   35.277928,       59.03,
 139.842703,   35.277928,       59.90,
 139.847207,   35.277928,       61.28,
 139.851712,   35.277928,       61.85,
 139.856216,   35.277928,       62.22,
 139.860721,   35.277928,       62.67,
 139.865225,   35.277928,       63.19,
 139.869730,   35.277928,       63.61,
 139.874234,   35.277928,       63.63,
 139.878739,   35.277928,       63.48,
 139.883243,   35.277928,       63.26,
 139.887748,   35.277928,       63.00,
 139.892252,   35.277928,       62.71,
 139.896757,   35.277928,       62.40,
 139.901261,   35.277928,       62.09,
 139.905766,   35.277928,       61.77,
 139.910270,   35.277928,       61.45,
 139.914775,   35.277928,       61.12,
 139.919279,   35.277928,       60.79,
 139.923784,   35.277928,       60.45,
 139.928288,   35.277928,       60.12,
 139.932793,   35.277928,       59.79,
 139.937297,   35.277928,       59.45,
 139.941802,   35.277928,       59.12,
 139.946306,   35.277928,       58.79,
 139.950811,   35.277928,       58.47,
 139.955315,   35.277928,       58.14,
 139.959820,   35.277928,       57.82,
 139.964324,   35.277928,       57.51,
 139.968829,   35.277928,       57.20,
 139.973333,   35.277928,       56.92,
 139.977838,   35.277928,       56.64,
 139.982342,   35.277928,       56.39,
 139.986847,   35.277928,       56.14,
 139.991351,   35.277928,       55.90,
 139.995856,   35.277928,       55.67,
 140.000360,   35.277928,       55.44,
 140.004865,   35.277928,       55.21,
 140.009369,   35.277928,       54.99,
 140.013874,   35.277928,       54.77,
 140.018378,   35.277928,       54.56,
 140.022883,   35.277928,       54.36,
 140.027387,   35.277928,       54.16,
 140.031892,   35.277928,       53.97,
 140.036396,   35.277928,       53.78,
 140.040901,   35.277928,       53.60,
 140.045405,   35.277928,       53.43,
 140.049910,   35.277928,       53.26,
 140.054414,   35.277928,       53.09,
 140.058919,   35.277928,       52.93,
 140.063423,   35.277928,       52.77,
 140.067928,   35.277928,       52.62,
 140.072432,   35.277928,       52.47,
 140.076937,   35.277928,       52.33,
 140.081441,   35.277928,       52.19,
 140.085946,   35.277928,       52.05,
 140.090450,   35.277928,       51.92,
 140.094955,   35.277928,       51.79,
 140.099459,   35.277928,       51.67,
 140.103964,   35.277928,       51.55,
 140.108468,   35.277928,       51.43,
 140.112973,   35.277928,       51.33,
 140.117477,   35.277928,       51.22,
 140.121982,   35.277928,       51.12,
 140.126486,   35.277928,       51.03,
 140.130991,   35.277928,       50.94,
 140.135495,   35.277928,       50.85,
 140.140000,   35.277928,       50.77,
 140.144505,   35.277928,       50.69,
 140.149009,   35.277928,       50.62,
 140.153514,   35.277928,       50.55,
 140.158018,   35.277928,       50.49,
 140.162523,   35.277928,       50.43,
 140.167027,   35.277928,       50.38,
 140.171532,   35.277928,       50.34,
 140.176036,   35.277928,       50.29,
 140.180541,   35.277928,       50.26,
 140.185045,   35.277928,       50.23,
 140.189550,   35.277928,       50.20,
 140.194054,   35.277928,       50.18,
 140.198559,   35.277928,       50.16,
 140.203063,   35.277928,       50.15,
 140.207568,   35.277928,       50.15,
 140.212072,   35.277928,       50.15,
 140.216577,   35.277928,       50.15,
 140.221081,   35.277928,       50.16,
 140.225586,   35.277928,       50.17,
 140.230090,   35.277928,       50.19,
 140.234595,   35.277928,       50.21,
 140.239099,   35.277928,       50.23,
 140.243604,   35.277928,       50.25,
 140.248108,   35.277928,       50.28,
 140.252613,   35.277928,       50.31,
 140.257117,   35.277928,       50.34,
 140.261622,   35.277928,       50.38,
 140.266126,   35.277928,       50.42,
 140.270631,   35.277928,       50.46,
 140.275135,   35.277928,       50.51,
 140.279640,   35.277928,       50.56,
 140.284144,   35.277928,       50.61,
 140.288649,   35.277928,       50.66,
 140.293153,   35.277928,       50.72,
 140.297658,   35.277928,       50.77,
 140.302162,   35.277928,       50.84,
 140.306667,   35.277928,       50.90,
 140.311171,   35.277928,       50.97,
 140.315676,   35.277928,       51.04,
 140.320180,   35.277928,       51.12,
 140.324685,   35.277928,       51.21,
 140.329189,   35.277928,       51.32,
 140.333694,   35.277928,       51.57,
 140.338198,   35.277928,       51.81,
 140.342703,   35.277928,       52.05,
 140.347207,   35.277928,       52.29,
 140.351712,   35.277928,       52.52,
 140.356216,   35.277928,       52.76,
 140.360721,   35.277928,       52.99,
 140.365225,   35.277928,       53.22,
 140.369730,   35.277928,       53.44,
 140.374234,   35.277928,       53.67,
 140.378739,   35.277928,       53.89,
 140.383243,   35.277928,       54.11,
 140.387748,   35.277928,       54.33,
 139.140000,   35.282432,       60.30,
 139.144505,   35.282432,       59.67,
 139.149009,   35.282432,       59.07,
 139.153514,   35.282432,       58.49,
 139.158018,   35.282432,       57.95,
 139.162523,   35.282432,       57.43,
 139.167027,   35.282432,       56.94,
 139.171532,   35.282432,       56.48,
 139.176036,   35.282432,       56.05,
 139.180541,   35.282432,       55.65,
 139.185045,   35.282432,       55.28,
 139.189550,   35.282432,       54.94,
 139.194054,   35.282432,       54.62,
 139.198559,   35.282432,       54.34,
 139.203063,   35.282432,       54.08,
 139.207568,   35.282432,       53.57,
 139.212072,   35.282432,       52.94,
 139.216577,   35.282432,       52.75,
 139.221081,   35.282432,       52.58,
 139.225586,   35.282432,       52.43,
 139.230090,   35.282432,       52.31,
 139.234595,   35.282432,       52.18,
 139.239099,   35.282432,       52.11,
 139.243604,   35.282432,       52.19,
 139.248108,   35.282432,       52.33,
 139.252613,   35.282432,       52.52,
 139.257117,   35.282432,       52.68,
 139.261622,   35.282432,       52.87,
 139.266126,   35.282432,       53.07,
 139.270631,   35.282432,       53.26,
 139.275135,   35.282432,       53.40,
 139.279640,   35.282432,       53.47,
 139.284144,   35.282432,       53.52,
 139.288649,   35.282432,       53.63,
 139.293153,   35.282432,       53.74,
 139.297658,   35.282432,       53.51,
 139.302162,   35.282432,       53.39,
 139.306667,   35.282432,       53.09,
 139.311171,   35.282432,       52.71,
 139.315676,   35.282432,       52.39,
 139.320180,   35.282432,       52.10,
 139.324685,   35.282432,       51.76,
 139.329189,   35.282432,       51.49,
 139.333694,   35.282432,       51.29,
 139.338198,   35.282432,       51.12,
 139.342703,   35.282432,       50.98,
 139.347207,   35.282432,       50.90,
 139.351712,   35.282432,       50.87,
 139.356216,   35.282432,       50.91,
 139.360721,   35.282432,       50.99,
 139.365225,   35.282432,       51.12,
 139.369730,   35.282432,       51.24,
 139.374234,   35.282432,       51.37,
 139.378739,   35.282432,       51.54,
 139.383243,   35.282432,       51.70,
 139.387748,   35.282432,       51.84,
 139.392252,   35.282432,       51.98,
 139.396757,   35.282432,       52.23,
 139.401261,   35.282432,       52.50,
 139.405766,   35.282432,       52.78,
 139.410270,   35.282432,       53.09,
 139.414775,   35.282432,       53.45,
 139.419279,   35.282432,       53.82,
 139.423784,   35.282432,       54.23,
 139.428288,   35.282432,       54.61,
 139.432793,   35.282432,       54.91,
 139.437297,   35.282432,       55.46,
 139.441802,   35.282432,       56.12,
 139.446306,   35.282432,       56.89,
 139.450811,   35.282432,       57.95,
 139.455315,   35.282432,       59.01,
 139.459820,   35.282432,       60.04,
 139.464324,   35.282432,       61.07,
 139.468829,   35.282432,       62.11,
 139.473333,   35.282432,       63.00,
 139.477838,   35.282432,       63.90,
 139.482342,   35.282432,       64.56,
 139.486847,   35.282432,       65.06,
 139.491351,   35.282432,       65.42,
 139.495856,   35.282432,       65.72,
 139.500360,   35.282432,       66.19,
 139.504865,   35.282432,       66.55,
 139.509369,   35.282432,       66.75,
 139.513874,   35.282432,       66.97,
 139.518378,   35.282432,       67.14,
 139.522883,   35.282432,       67.30,
 139.527387,   35.282432,       67.50,
 139.531892,   35.282432,       67.76,
 139.536396,   35.282432,       68.09,
 139.540901,   35.282432,       68.37,
 139.545405,   35.282432,       68.82,
 139.549910,   35.282432,       69.24,
 139.554414,   35.282432,       69.74,
 139.558919,   35.282432,       70.49,
 139.563423,   35.282432,       71.62,
 139.567928,   35.282432,       72.87,
 139.572432,   35.282432,       72.99,
 139.576937,   35.282432,       72.78,
 139.581441,   35.282432,       72.70,
 139.585946,   35.282432,       72.56,
 139.590450,   35.282432,       72.34,
 139.594955,   35.282432,       72.06,
 139.599459,   35.282432,       71.70,
 139.603964,   35.282432,       71.23,
 139.608468,   35.282432,       70.59,
 139.612973,   35.282432,       69.72,
 139.617477,   35.282432,       68.64,
 139.621982,   35.282432,       67.40,
 139.626486,   35.282432,       66.09,
 139.630991,   35.282432,       64.83,
 139.635495,   35.282432,       63.68,
 139.640000,   35.282432,       62.51,
 139.644505,   35.282432,       61.31,
 139.649009,   35.282432,       60.10,
 139.653514,   35.282432,       59.06,
 139.658018,   35.282432,       58.28,
 139.662523,   35.282432,       57.78,
 139.667027,   35.282432,       57.60,
 139.671532,   35.282432,       57.60,
 139.676036,   35.282432,       57.79,
 139.680541,   35.282432,       58.37,
 139.685045,   35.282432,       56.93,
 139.689550,   35.282432,       56.18,
 139.694054,   35.282432,       55.93,
 139.698559,   35.282432,       56.00,
 139.703063,   35.282432,       55.64,
 139.707568,   35.282432,       55.11,
 139.712072,   35.282432,       54.61,
 139.716577,   35.282432,       54.04,
 139.721081,   35.282432,       53.54,
 139.725586,   35.282432,       52.96,
 139.730090,   35.282432,       52.09,
 139.734595,   35.282432,       51.04,
 139.739099,   35.282432,       50.19,
 139.743604,   35.282432,       49.41,
 139.748108,   35.282432,       48.73,
 139.752613,   35.282432,       48.38,
 139.757117,   35.282432,       48.04,
 139.761622,   35.282432,       47.76,
 139.766126,   35.282432,       47.93,
 139.770631,   35.282432,       48.19,
 139.775135,   35.282432,       48.65,
 139.779640,   35.282432,       49.43,
 139.784144,   35.282432,       50.32,
 139.788649,   35.282432,       51.24,
 139.793153,   35.282432,       52.24,
 139.797658,   35.282432,       53.28,
 139.802162,   35.282432,       54.26,
 139.806667,   35.282432,       55.04,
 139.811171,   35.282432,       55.77,
 139.815676,   35.282432,       56.43,
 139.820180,   35.282432,       56.93,
 139.824685,   35.282432,       57.38,
 139.829189,   35.282432,       57.82,
 139.833694,   35.282432,       58.27,
 139.838198,   35.282432,       58.73,
 139.842703,   35.282432,       59.61,
 139.847207,   35.282432,       60.77,
 139.851712,   35.282432,       61.47,
 139.856216,   35.282432,       61.87,
 139.860721,   35.282432,       62.33,
 139.865225,   35.282432,       62.84,
 139.869730,   35.282432,       63.29,
 139.874234,   35.282432,       63.37,
 139.878739,   35.282432,       63.26,
 139.883243,   35.282432,       63.06,
 139.887748,   35.282432,       62.83,
 139.892252,   35.282432,       62.56,
 139.896757,   35.282432,       62.27,
 139.901261,   35.282432,       61.97,
 139.905766,   35.282432,       61.67,
 139.910270,   35.282432,       61.36,
 139.914775,   35.282432,       61.04,
 139.919279,   35.282432,       60.72,
 139.923784,   35.282432,       60.40,
 139.928288,   35.282432,       60.07,
 139.932793,   35.282432,       59.75,
 139.937297,   35.282432,       59.42,
 139.941802,   35.282432,       59.10,
 139.946306,   35.282432,       58.77,
 139.950811,   35.282432,       58.45,
 139.955315,   35.282432,       58.13,
 139.959820,   35.282432,       57.82,
 139.964324,   35.282432,       57.51,
 139.968829,   35.282432,       57.21,
 139.973333,   35.282432,       56.94,
 139.977838,   35.282432,       56.67,
 139.982342,   35.282432,       56.42,
 139.986847,   35.282432,       56.18,
 139.991351,   35.282432,       55.95,
 139.995856,   35.282432,       55.72,
 140.000360,   35.282432,       55.50,
 140.004865,   35.282432,       55.28,
 140.009369,   35.282432,       55.06,
 140.013874,   35.282432,       54.84,
 140.018378,   35.282432,       54.64,
 140.022883,   35.282432,       54.44,
 140.027387,   35.282432,       54.24,
 140.031892,   35.282432,       54.06,
 140.036396,   35.282432,       53.88,
 140.040901,   35.282432,       53.70,
 140.045405,   35.282432,       53.53,
 140.049910,   35.282432,       53.36,
 140.054414,   35.282432,       53.20,
 140.058919,   35.282432,       53.04,
 140.063423,   35.282432,       52.88,
 140.067928,   35.282432,       52.73,
 140.072432,   35.282432,       52.59,
 140.076937,   35.282432,       52.45,
 140.081441,   35.282432,       52.31,
 140.085946,   35.282432,       52.18,
 140.090450,   35.282432,       52.05,
 140.094955,   35.282432,       51.92,
 140.099459,   35.282432,       51.80,
 140.103964,   35.282432,       51.68,
 140.108468,   35.282432,       51.57,
 140.112973,   35.282432,       51.47,
 140.117477,   35.282432,       51.37,
 140.121982,   35.282432,       51.27,
 140.126486,   35.282432,       51.18,
 140.130991,   35.282432,       51.09,
 140.135495,   35.282432,       51.00,
 140.140000,   35.282432,       50.93,
 140.144505,   35.282432,       50.85,
 140.149009,   35.282432,       50.78,
 140.153514,   35.282432,       50.72,
 140.158018,   35.282432,       50.66,
 140.162523,   35.282432,       50.60,
 140.167027,   35.282432,       50.55,
 140.171532,   35.282432,       50.51,
 140.176036,   35.282432,       50.47,
 140.180541,   35.282432,       50.44,
 140.185045,   35.282432,       50.41,
 140.189550,   35.282432,       50.38,
 140.194054,   35.282432,       50.36,
 140.198559,   35.282432,       50.35,
 140.203063,   35.282432,       50.35,
 140.207568,   35.282432,       50.34,
 140.212072,   35.282432,       50.35,
 140.216577,   35.282432,       50.35,
 140.221081,   35.282432,       50.37,
 140.225586,   35.282432,       50.38,
 140.230090,   35.282432,       50.40,
 140.234595,   35.282432,       50.42,
 140.239099,   35.282432,       50.44,
 140.243604,   35.282432,       50.47,
 140.248108,   35.282432,       50.50,
 140.252613,   35.282432,       50.53,
 140.257117,   35.282432,       50.57,
 140.261622,   35.282432,       50.61,
 140.266126,   35.282432,       50.65,
 140.270631,   35.282432,       50.69,
 140.275135,   35.282432,       50.74,
 140.279640,   35.282432,       50.79,
 140.284144,   35.282432,       50.85,
 140.288649,   35.282432,       50.90,
 140.293153,   35.282432,       50.96,
 140.297658,   35.282432,       51.02,
 140.302162,   35.282432,       51.09,
 140.306667,   35.282432,       51.15,
 140.311171,   35.282432,       51.23,
 140.315676,   35.282432,       51.30,
 140.320180,   35.282432,       51.39,
 140.324685,   35.282432,       51.47,
 140.329189,   35.282432,       51.70,
 140.333694,   35.282432,       51.94,
 140.338198,   35.282432,       52.19,
 140.342703,   35.282432,       52.43,
 140.347207,   35.282432,       52.67,
 140.351712,   35.282432,       52.90,
 140.356216,   35.282432,       53.14,
 140.360721,   35.282432,       53.37,
 140.365225,   35.282432,       53.60,
 140.369730,   35.282432,       53.83,
 140.374234,   35.282432,       54.05,
 140.378739,   35.282432,       54.27,
 140.383243,   35.282432,       54.49,
 140.387748,   35.282432,       54.71,
 139.140000,   35.286937,       60.15,
 139.144505,   35.286937,       59.50,
 139.149009,   35.286937,       58.89,
 139.153514,   35.286937,       58.30,
 139.158018,   35.286937,       57.74,
 139.162523,   35.286937,       57.21,
 139.167027,   35.286937,       56.71,
 139.171532,   35.286937,       56.24,
 139.176036,   35.286937,       55.80,
 139.180541,   35.286937,       55.39,
 139.185045,   35.286937,       55.00,
 139.189550,   35.286937,       54.65,
 139.194054,   35.286937,       54.32,
 139.198559,   35.286937,       54.02,
 139.203063,   35.286937,       53.75,
 139.207568,   35.286937,       53.51,
 139.212072,   35.286937,       53.30,
 139.216577,   35.286937,       52.55,
 139.221081,   35.286937,       52.17,
 139.225586,   35.286937,       51.86,
 139.230090,   35.286937,       51.71,
 139.234595,   35.286937,       51.57,
 139.239099,   35.286937,       51.47,
 139.243604,   35.286937,       51.53,
 139.248108,   35.286937,       51.68,
 139.252613,   35.286937,       51.79,
 139.257117,   35.286937,       52.01,
 139.261622,   35.286937,       52.31,
 139.266126,   35.286937,       52.68,
 139.270631,   35.286937,       52.87,
 139.275135,   35.286937,       52.87,
 139.279640,   35.286937,       52.88,
 139.284144,   35.286937,       52.92,
 139.288649,   35.286937,       52.90,
 139.293153,   35.286937,       52.84,
 139.297658,   35.286937,       53.03,
 139.302162,   35.286937,       53.25,
 139.306667,   35.286937,       53.09,
 139.311171,   35.286937,       52.65,
 139.315676,   35.286937,       52.24,
 139.320180,   35.286937,       51.81,
 139.324685,   35.286937,       51.50,
 139.329189,   35.286937,       51.22,
 139.333694,   35.286937,       51.00,
 139.338198,   35.286937,       50.81,
 139.342703,   35.286937,       50.74,
 139.347207,   35.286937,       50.70,
 139.351712,   35.286937,       50.71,
 139.356216,   35.286937,       50.78,
 139.360721,   35.286937,       50.87,
 139.365225,   35.286937,       50.96,
 139.369730,   35.286937,       51.07,
 139.374234,   35.286937,       51.21,
 139.378739,   35.286937,       51.36,
 139.383243,   35.286937,       51.42,
 139.387748,   35.286937,       51.49,
 139.392252,   35.286937,       51.62,
 139.396757,   35.286937,       51.86,
 139.401261,   35.286937,       52.15,
 139.405766,   35.286937,       52.46,
 139.410270,   35.286937,       52.88,
 139.414775,   35.286937,       53.36,
 139.419279,   35.286937,       53.90,
 139.423784,   35.286937,       54.40,
 139.428288,   35.286937,       54.97,
 139.432793,   35.286937,       55.45,
 139.437297,   35.286937,       56.09,
 139.441802,   35.286937,       56.81,
 139.446306,   35.286937,       57.76,
 139.450811,   35.286937,       58.81,
 139.455315,   35.286937,       59.85,
 139.459820,   35.286937,       60.88,
 139.464324,   35.286937,       61.91,
 139.468829,   35.286937,       62.90,
 139.473333,   35.286937,       63.87,
 139.477838,   35.286937,       64.63,
 139.482342,   35.286937,       65.28,
 139.486847,   35.286937,       65.78,
 139.491351,   35.286937,       65.82,
 139.495856,   35.286937,       65.95,
 139.500360,   35.286937,       66.29,
 139.504865,   35.286937,       66.60,
 139.509369,   35.286937,       66.90,
 139.513874,   35.286937,       67.05,
 139.518378,   35.286937,       67.25,
 139.522883,   35.286937,       67.42,
 139.527387,   35.286937,       67.56,
 139.531892,   35.286937,       67.82,
 139.536396,   35.286937,       67.95,
 139.540901,   35.286937,       68.17,
 139.545405,   35.286937,       68.50,
 139.549910,   35.286937,       68.80,
 139.554414,   35.286937,       69.11,
 139.558919,   35.286937,       70.22,
 139.563423,   35.286937,       71.39,
 139.567928,   35.286937,       72.39,
 139.572432,   35.286937,       71.94,
 139.576937,   35.286937,       71.67,
 139.581441,   35.286937,       71.49,
 139.585946,   35.286937,       71.30,
 139.590450,   35.286937,       71.02,
 139.594955,   35.286937,       70.67,
 139.599459,   35.286937,       70.24,
 139.603964,   35.286937,       69.71,
 139.608468,   35.286937,       69.07,
 139.612973,   35.286937,       68.26,
 139.617477,   35.286937,       67.25,
 139.621982,   35.286937,       66.07,
 139.626486,   35.286937,       64.72,
 139.630991,   35.286937,       63.31,
 139.635495,   35.286937,       62.00,
 139.640000,   35.286937,       60.85,
 139.644505,   35.286937,       59.64,
 139.649009,   35.286937,       58.41,
 139.653514,   35.286937,       57.47,
 139.658018,   35.286937,       56.93,
 139.662523,   35.286937,       56.82,
 139.667027,   35.286937,       57.06,
 139.671532,   35.286937,       57.76,
 139.676036,   35.286937,       59.96,
 139.680541,   35.286937,       60.22,
 139.685045,   35.286937,       58.10,
 139.689550,   35.286937,       56.90,
 139.694054,   35.286937,       56.79,
 139.698559,   35.286937,       56.73,
 139.703063,   35.286937,       55.82,
 139.707568,   35.286937,       55.09,
 139.712072,   35.286937,       54.13,
 139.716577,   35.286937,       53.31,
 139.721081,   35.286937,       52.59,
 139.725586,   35.286937,       51.91,
 139.730090,   35.286937,       51.20,
 139.734595,   35.286937,       50.43,
 139.739099,   35.286937,       49.68,
 139.743604,   35.286937,       48.93,
 139.748108,   35.286937,       48.58,
 139.752613,   35.286937,       48.31,
 139.757117,   35.286937,       48.01,
 139.761622,   35.286937,       48.01,
 139.766126,   35.286937,       48.28,
 139.770631,   35.286937,       48.56,
 139.775135,   35.286937,       49.28,
 139.779640,   35.286937,       50.05,
 139.784144,   35.286937,       50.91,
 139.788649,   35.286937,       51.83,
 139.793153,   35.286937,       52.78,
 139.797658,   35.286937,       53.71,
 139.802162,   35.286937,       54.57,
 139.806667,   35.286937,       55.34,
 139.811171,   35.286937,       55.95,
 139.815676,   35.286937,       56.50,
 139.820180,   35.286937,       56.89,
 139.824685,   35.286937,       57.26,
 139.829189,   35.286937,       57.66,
 139.833694,   35.286937,       58.10,
 139.838198,   35.286937,       58.54,
 139.842703,   35.286937,       59.22,
 139.847207,   35.286937,       60.21,
 139.851712,   35.286937,       61.08,
 139.856216,   35.286937,       61.53,
 139.860721,   35.286937,       61.99,
 139.865225,   35.286937,       62.49,
 139.869730,   35.286937,       62.97,
 139.874234,   35.286937,       63.10,
 139.878739,   35.286937,       63.04,
 139.883243,   35.286937,       62.87,
 139.887748,   35.286937,       62.66,
 139.892252,   35.286937,       62.41,
 139.896757,   35.286937,       62.14,
 139.901261,   35.286937,       61.85,
 139.905766,   35.286937,       61.56,
 139.910270,   35.286937,       61.27,
 139.914775,   35.286937,       60.96,
 139.919279,   35.286937,       60.65,
 139.923784,   35.286937,       60.34,
 139.928288,   35.286937,       60.02,
 139.932793,   35.286937,       59.70,
 139.937297,   35.286937,       59.39,
 139.941802,   35.286937,       59.07,
 139.946306,   35.286937,       58.75,
 139.950811,   35.286937,       58.44,
 139.955315,   35.286937,       58.12,
 139.959820,   35.286937,       57.81,
 139.964324,   35.286937,       57.51,
 139.968829,   35.286937,       57.22,
 139.973333,   35.286937,       56.95,
 139.977838,   35.286937,       56.70,
 139.982342,   35.286937,       56.46,
 139.986847,   35.286937,       56.23,
 139.991351,   35.286937,       56.00,
 139.995856,   35.286937,       55.78,
 140.000360,   35.286937,       55.55,
 140.004865,   35.286937,       55.34,
 140.009369,   35.286937,       55.12,
 140.013874,   35.286937,       54.91,
 140.018378,   35.286937,       54.71,
 140.022883,   35.286937,       54.52,
 140.027387,   35.286937,       54.33,
 140.031892,   35.286937,       54.14,
 140.036396,   35.286937,       53.97,
 140.040901,   35.286937,       53.79,
 140.045405,   35.286937,       53.62,
 140.049910,   35.286937,       53.46,
 140.054414,   35.286937,       53.30,
 140.058919,   35.286937,       53.15,
 140.063423,   35.286937,       53.00,
 140.067928,   35.286937,       52.85,
 140.072432,   35.286937,       52.71,
 140.076937,   35.286937,       52.57,
 140.081441,   35.286937,       52.43,
 140.085946,   35.286937,       52.30,
 140.090450,   35.286937,       52.17,
 140.094955,   35.286937,       52.05,
 140.099459,   35.286937,       51.93,
 140.103964,   35.286937,       51.82,
 140.108468,   35.286937,       51.71,
 140.112973,   35.286937,       51.61,
 140.117477,   35.286937,       51.51,
 140.121982,   35.286937,       51.41,
 140.126486,   35.286937,       51.32,
 140.130991,   35.286937,       51.24,
 140.135495,   35.286937,       51.16,
 140.140000,   35.286937,       51.08,
 140.144505,   35.286937,       51.01,
 140.149009,   35.286937,       50.94,
 140.153514,   35.286937,       50.88,
 140.158018,   35.286937,       50.82,
 140.162523,   35.286937,       50.77,
 140.167027,   35.286937,       50.72,
 140.171532,   35.286937,       50.68,
 140.176036,   35.286937,       50.65,
 140.180541,   35.286937,       50.61,
 140.185045,   35.286937,       50.59,
 140.189550,   35.286937,       50.57,
 140.194054,   35.286937,       50.55,
 140.198559,   35.286937,       50.54,
 140.203063,   35.286937,       50.54,
 140.207568,   35.286937,       50.54,
 140.212072,   35.286937,       50.55,
 140.216577,   35.286937,       50.56,
 140.221081,   35.286937,       50.57,
 140.225586,   35.286937,       50.59,
 140.230090,   35.286937,       50.61,
 140.234595,   35.286937,       50.63,
 140.239099,   35.286937,       50.66,
 140.243604,   35.286937,       50.69,
 140.248108,   35.286937,       50.72,
 140.252613,   35.286937,       50.75,
 140.257117,   35.286937,       50.79,
 140.261622,   35.286937,       50.83,
 140.266126,   35.286937,       50.88,
 140.270631,   35.286937,       50.93,
 140.275135,   35.286937,       50.98,
 140.279640,   35.286937,       51.03,
 140.284144,   35.286937,       51.09,
 140.288649,   35.286937,       51.14,
 140.293153,   35.286937,       51.21,
 140.297658,   35.286937,       51.27,
 140.302162,   35.286937,       51.34,
 140.306667,   35.286937,       51.41,
 140.311171,   35.286937,       51.48,
 140.315676,   35.286937,       51.57,
 140.320180,   35.286937,       51.65,
 140.324685,   35.286937,       51.83,
 140.329189,   35.286937,       52.08,
 140.333694,   35.286937,       52.32,
 140.338198,   35.286937,       52.57,
 140.342703,   35.286937,       52.81,
 140.347207,   35.286937,       53.05,
 140.351712,   35.286937,       53.28,
 140.356216,   35.286937,       53.52,
 140.360721,   35.286937,       53.75,
 140.365225,   35.286937,       53.98,
 140.369730,   35.286937,       54.21,
 140.374234,   35.286937,       54.44,
 140.378739,   35.286937,       54.66,
 140.383243,   35.286937,       54.88,
 140.387748,   35.286937,       55.10,
 139.140000,   35.291441,       59.96,
 139.144505,   35.291441,       59.30,
 139.149009,   35.291441,       58.68,
 139.153514,   35.291441,       58.08,
 139.158018,   35.291441,       57.51,
 139.162523,   35.291441,       56.97,
 139.167027,   35.291441,       56.46,
 139.171532,   35.291441,       55.97,
 139.176036,   35.291441,       55.52,
 139.180541,   35.291441,       55.09,
 139.185045,   35.291441,       54.69,
 139.189550,   35.291441,       54.33,
 139.194054,   35.291441,       53.99,
 139.198559,   35.291441,       53.68,
 139.203063,   35.291441,       53.40,
 139.207568,   35.291441,       53.14,
 139.212072,   35.291441,       52.92,
 139.216577,   35.291441,       52.72,
 139.221081,   35.291441,       52.30,
 139.225586,   35.291441,       51.66,
 139.230090,   35.291441,       51.40,
 139.234595,   35.291441,       51.13,
 139.239099,   35.291441,       50.81,
 139.243604,   35.291441,       50.80,
 139.248108,   35.291441,       50.87,
 139.252613,   35.291441,       50.92,
 139.257117,   35.291441,       51.12,
 139.261622,   35.291441,       51.47,
 139.266126,   35.291441,       51.86,
 139.270631,   35.291441,       52.13,
 139.275135,   35.291441,       52.17,
 139.279640,   35.291441,       52.21,
 139.284144,   35.291441,       52.27,
 139.288649,   35.291441,       52.18,
 139.293153,   35.291441,       52.01,
 139.297658,   35.291441,       52.22,
 139.302162,   35.291441,       52.48,
 139.306667,   35.291441,       52.48,
 139.311171,   35.291441,       52.30,
 139.315676,   35.291441,       51.93,
 139.320180,   35.291441,       51.49,
 139.324685,   35.291441,       51.12,
 139.329189,   35.291441,       50.82,
 139.333694,   35.291441,       50.63,
 139.338198,   35.291441,       50.46,
 139.342703,   35.291441,       50.35,
 139.347207,   35.291441,       50.35,
 139.351712,   35.291441,       50.40,
 139.356216,   35.291441,       50.46,
 139.360721,   35.291441,       50.59,
 139.365225,   35.291441,       50.72,
 139.369730,   35.291441,       50.84,
 139.374234,   35.291441,       50.92,
 139.378739,   35.291441,       50.88,
 139.383243,   35.291441,       50.94,
 139.387748,   35.291441,       51.05,
 139.392252,   35.291441,       51.22,
 139.396757,   35.291441,       51.41,
 139.401261,   35.291441,       51.66,
 139.405766,   35.291441,       52.04,
 139.410270,   35.291441,       52.50,
 139.414775,   35.291441,       53.11,
 139.419279,   35.291441,       53.82,
 139.423784,   35.291441,       54.42,
 139.428288,   35.291441,       55.09,
 139.432793,   35.291441,       55.81,
 139.437297,   35.291441,       56.50,
 139.441802,   35.291441,       57.43,
 139.446306,   35.291441,       58.45,
 139.450811,   35.291441,       59.47,
 139.455315,   35.291441,       60.43,
 139.459820,   35.291441,       61.47,
 139.464324,   35.291441,       62.41,
 139.468829,   35.291441,       63.35,
 139.473333,   35.291441,       64.16,
 139.477838,   35.291441,       64.43,
 139.482342,   35.291441,       65.03,
 139.486847,   35.291441,       65.75,
 139.491351,   35.291441,       65.91,
 139.495856,   35.291441,       65.95,
 139.500360,   35.291441,       66.10,
 139.504865,   35.291441,       66.39,
 139.509369,   35.291441,       66.65,
 139.513874,   35.291441,       66.78,
 139.518378,   35.291441,       66.95,
 139.522883,   35.291441,       67.17,
 139.527387,   35.291441,       67.34,
 139.531892,   35.291441,       67.38,
 139.536396,   35.291441,       67.48,
 139.540901,   35.291441,       67.73,
 139.545405,   35.291441,       68.05,
 139.549910,   35.291441,       68.41,
 139.554414,   35.291441,       69.15,
 139.558919,   35.291441,       70.17,
 139.563423,   35.291441,       71.34,
 139.567928,   35.291441,       71.42,
 139.572432,   35.291441,       71.05,
 139.576937,   35.291441,       70.73,
 139.581441,   35.291441,       70.49,
 139.585946,   35.291441,       70.23,
 139.590450,   35.291441,       69.91,
 139.594955,   35.291441,       69.51,
 139.599459,   35.291441,       69.03,
 139.603964,   35.291441,       68.46,
 139.608468,   35.291441,       67.77,
 139.612973,   35.291441,       66.97,
 139.617477,   35.291441,       66.02,
 139.621982,   35.291441,       64.88,
 139.626486,   35.291441,       63.57,
 139.630991,   35.291441,       62.09,
 139.635495,   35.291441,       60.51,
 139.640000,   35.291441,       59.15,
 139.644505,   35.291441,       57.84,
 139.649009,   35.291441,       56.46,
 139.653514,   35.291441,       55.71,
 139.658018,   35.291441,       55.47,
 139.662523,   35.291441,       55.71,
 139.667027,   35.291441,       56.73,
 139.671532,   35.291441,       59.27,
 139.676036,   35.291441,       62.14,
 139.680541,   35.291441,       61.68,
 139.685045,   35.291441,       59.13,
 139.689550,   35.291441,       57.69,
 139.694054,   35.291441,       57.36,
 139.698559,   35.291441,       56.52,
 139.703063,   35.291441,       55.55,
 139.707568,   35.291441,       54.50,
 139.712072,   35.291441,       53.36,
 139.716577,   35.291441,       52.36,
 139.721081,   35.291441,       51.65,
 139.725586,   35.291441,       50.95,
 139.730090,   35.291441,       50.35,
 139.734595,   35.291441,       49.82,
 139.739099,   35.291441,       49.17,
 139.743604,   35.291441,       48.65,
 139.748108,   35.291441,       48.51,
 139.752613,   35.291441,       48.29,
 139.757117,   35.291441,       48.19,
 139.761622,   35.291441,       48.37,
 139.766126,   35.291441,       48.64,
 139.770631,   35.291441,       49.12,
 139.775135,   35.291441,       49.87,
 139.779640,   35.291441,       50.63,
 139.784144,   35.291441,       51.55,
 139.788649,   35.291441,       52.46,
 139.793153,   35.291441,       53.34,
 139.797658,   35.291441,       54.17,
 139.802162,   35.291441,       54.98,
 139.806667,   35.291441,       55.70,
 139.811171,   35.291441,       56.16,
 139.815676,   35.291441,       56.62,
 139.820180,   35.291441,       56.97,
 139.824685,   35.291441,       57.23,
 139.829189,   35.291441,       57.50,
 139.833694,   35.291441,       57.93,
 139.838198,   35.291441,       58.39,
 139.842703,   35.291441,       59.01,
 139.847207,   35.291441,       59.88,
 139.851712,   35.291441,       60.68,
 139.856216,   35.291441,       61.15,
 139.860721,   35.291441,       61.62,
 139.865225,   35.291441,       62.14,
 139.869730,   35.291441,       62.64,
 139.874234,   35.291441,       62.84,
 139.878739,   35.291441,       62.81,
 139.883243,   35.291441,       62.68,
 139.887748,   35.291441,       62.49,
 139.892252,   35.291441,       62.26,
 139.896757,   35.291441,       62.01,
 139.901261,   35.291441,       61.74,
 139.905766,   35.291441,       61.46,
 139.910270,   35.291441,       61.17,
 139.914775,   35.291441,       60.88,
 139.919279,   35.291441,       60.58,
 139.923784,   35.291441,       60.28,
 139.928288,   35.291441,       59.97,
 139.932793,   35.291441,       59.66,
 139.937297,   35.291441,       59.35,
 139.941802,   35.291441,       59.04,
 139.946306,   35.291441,       58.73,
 139.950811,   35.291441,       58.42,
 139.955315,   35.291441,       58.11,
 139.959820,   35.291441,       57.80,
 139.964324,   35.291441,       57.51,
 139.968829,   35.291441,       57.23,
 139.973333,   35.291441,       56.97,
 139.977838,   35.291441,       56.72,
 139.982342,   35.291441,       56.49,
 139.986847,   35.291441,       56.27,
 139.991351,   35.291441,       56.04,
 139.995856,   35.291441,       55.82,
 140.000360,   35.291441,       55.61,
 140.004865,   35.291441,       55.39,
 140.009369,   35.291441,       55.18,
 140.013874,   35.291441,       54.98,
 140.018378,   35.291441,       54.78,
 140.022883,   35.291441,       54.59,
 140.027387,   35.291441,       54.41,
 140.031892,   35.291441,       54.23,
 140.036396,   35.291441,       54.06,
 140.040901,   35.291441,       53.89,
 140.045405,   35.291441,       53.72,
 140.049910,   35.291441,       53.56,
 140.054414,   35.291441,       53.41,
 140.058919,   35.291441,       53.25,
 140.063423,   35.291441,       53.11,
 140.067928,   35.291441,       52.96,
 140.072432,   35.291441,       52.82,
 140.076937,   35.291441,       52.69,
 140.081441,   35.291441,       52.55,
 140.085946,   35.291441,       52.42,
 140.090450,   35.291441,       52.30,
 140.094955,   35.291441,       52.18,
 140.099459,   35.291441,       52.07,
 140.103964,   35.291441,       51.96,
 140.108468,   35.291441,       51.85,
 140.112973,   35.291441,       51.75,
 140.117477,   35.291441,       51.65,
 140.121982,   35.291441,       51.56,
 140.126486,   35.291441,       51.47,
 140.130991,   35.291441,       51.39,
 140.135495,   35.291441,       51.31,
 140.140000,   35.291441,       51.24,
 140.144505,   35.291441,       51.17,
 140.149009,   35.291441,       51.10,
 140.153514,   35.291441,       51.04,
 140.158018,   35.291441,       50.99,
 140.162523,   35.291441,       50.94,
 140.167027,   35.291441,       50.89,
 140.171532,   35.291441,       50.86,
 140.176036,   35.291441,       50.82,
 140.180541,   35.291441,       50.79,
 140.185045,   35.291441,       50.77,
 140.189550,   35.291441,       50.75,
 140.194054,   35.291441,       50.74,
 140.198559,   35.291441,       50.73,
 140.203063,   35.291441,       50.73,
 140.207568,   35.291441,       50.74,
 140.212072,   35.291441,       50.75,
 140.216577,   35.291441,       50.76,
 140.221081,   35.291441,       50.78,
 140.225586,   35.291441,       50.80,
 140.230090,   35.291441,       50.82,
 140.234595,   35.291441,       50.85,
 140.239099,   35.291441,       50.87,
 140.243604,   35.291441,       50.91,
 140.248108,   35.291441,       50.94,
 140.252613,   35.291441,       50.98,
 140.257117,   35.291441,       51.02,
 140.261622,   35.291441,       51.06,
 140.266126,   35.291441,       51.11,
 140.270631,   35.291441,       51.16,
 140.275135,   35.291441,       51.21,
 140.279640,   35.291441,       51.27,
 140.284144,   35.291441,       51.33,
 140.288649,   35.291441,       51.39,
 140.293153,   35.291441,       51.45,
 140.297658,   35.291441,       51.52,
 140.302162,   35.291441,       51.59,
 140.306667,   35.291441,       51.67,
 140.311171,   35.291441,       51.74,
 140.315676,   35.291441,       51.83,
 140.320180,   35.291441,       51.95,
 140.324685,   35.291441,       52.20,
 140.329189,   35.291441,       52.45,
 140.333694,   35.291441,       52.70,
 140.338198,   35.291441,       52.95,
 140.342703,   35.291441,       53.19,
 140.347207,   35.291441,       53.43,
 140.351712,   35.291441,       53.67,
 140.356216,   35.291441,       53.90,
 140.360721,   35.291441,       54.14,
 140.365225,   35.291441,       54.37,
 140.369730,   35.291441,       54.60,
 140.374234,   35.291441,       54.82,
 140.378739,   35.291441,       55.05,
 140.383243,   35.291441,       55.27,
 140.387748,   35.291441,       55.49,
 139.140000,   35.295946,       59.75,
 139.144505,   35.295946,       59.08,
 139.149009,   35.295946,       58.44,
 139.153514,   35.295946,       57.83,
 139.158018,   35.295946,       57.25,
 139.162523,   35.295946,       56.69,
 139.167027,   35.295946,       56.17,
 139.171532,   35.295946,       55.67,
 139.176036,   35.295946,       55.21,
 139.180541,   35.295946,       54.77,
 139.185045,   35.295946,       54.36,
 139.189550,   35.295946,       53.98,
 139.194054,   35.295946,       53.63,
 139.198559,   35.295946,       53.31,
 139.203063,   35.295946,       53.01,
 139.207568,   35.295946,       52.75,
 139.212072,   35.295946,       52.51,
 139.216577,   35.295946,       52.30,
 139.221081,   35.295946,       52.12,
 139.225586,   35.295946,       51.98,
 139.230090,   35.295946,       51.32,
 139.234595,   35.295946,       50.90,
 139.239099,   35.295946,       50.66,
 139.243604,   35.295946,       50.39,
 139.248108,   35.295946,       50.12,
 139.252613,   35.295946,       50.03,
 139.257117,   35.295946,       50.16,
 139.261622,   35.295946,       50.54,
 139.266126,   35.295946,       50.93,
 139.270631,   35.295946,       51.26,
 139.275135,   35.295946,       51.40,
 139.279640,   35.295946,       51.48,
 139.284144,   35.295946,       51.61,
 139.288649,   35.295946,       51.69,
 139.293153,   35.295946,       51.63,
 139.297658,   35.295946,       51.67,
 139.302162,   35.295946,       51.79,
 139.306667,   35.295946,       51.75,
 139.311171,   35.295946,       51.70,
 139.315676,   35.295946,       51.54,
 139.320180,   35.295946,       51.13,
 139.324685,   35.295946,       50.74,
 139.329189,   35.295946,       50.44,
 139.333694,   35.295946,       50.31,
 139.338198,   35.295946,       50.16,
 139.342703,   35.295946,       49.98,
 139.347207,   35.295946,       49.94,
 139.351712,   35.295946,       50.04,
 139.356216,   35.295946,       50.15,
 139.360721,   35.295946,       50.28,
 139.365225,   35.295946,       50.42,
 139.369730,   35.295946,       50.54,
 139.374234,   35.295946,       50.48,
 139.378739,   35.295946,       50.30,
 139.383243,   35.295946,       50.31,
 139.387748,   35.295946,       50.39,
 139.392252,   35.295946,       50.45,
 139.396757,   35.295946,       50.60,
 139.401261,   35.295946,       50.88,
 139.405766,   35.295946,       51.35,
 139.410270,   35.295946,       52.08,
 139.414775,   35.295946,       52.81,
 139.419279,   35.295946,       53.58,
 139.423784,   35.295946,       54.41,
 139.428288,   35.295946,       55.16,
 139.432793,   35.295946,       55.97,
 139.437297,   35.295946,       56.86,
 139.441802,   35.295946,       57.89,
 139.446306,   35.295946,       58.97,
 139.450811,   35.295946,       59.87,
 139.455315,   35.295946,       60.80,
 139.459820,   35.295946,       61.75,
 139.464324,   35.295946,       62.56,
 139.468829,   35.295946,       63.40,
 139.473333,   35.295946,       63.55,
 139.477838,   35.295946,       63.44,
 139.482342,   35.295946,       63.98,
 139.486847,   35.295946,       64.84,
 139.491351,   35.295946,       65.65,
 139.495856,   35.295946,       65.61,
 139.500360,   35.295946,       65.73,
 139.504865,   35.295946,       65.94,
 139.509369,   35.295946,       66.09,
 139.513874,   35.295946,       66.25,
 139.518378,   35.295946,       66.43,
 139.522883,   35.295946,       66.62,
 139.527387,   35.295946,       66.78,
 139.531892,   35.295946,       66.78,
 139.536396,   35.295946,       66.89,
 139.540901,   35.295946,       67.29,
 139.545405,   35.295946,       67.65,
 139.549910,   35.295946,       68.60,
 139.554414,   35.295946,       69.66,
 139.558919,   35.295946,       70.41,
 139.563423,   35.295946,       70.79,
 139.567928,   35.295946,       70.62,
 139.572432,   35.295946,       70.27,
 139.576937,   35.295946,       69.92,
 139.581441,   35.295946,       69.62,
 139.585946,   35.295946,       69.32,
 139.590450,   35.295946,       68.97,
 139.594955,   35.295946,       68.55,
 139.599459,   35.295946,       68.05,
 139.603964,   35.295946,       67.46,
 139.608468,   35.295946,       66.76,
 139.612973,   35.295946,       65.93,
 139.617477,   35.295946,       64.97,
 139.621982,   35.295946,       63.86,
 139.626486,   35.295946,       62.58,
 139.630991,   35.295946,       61.11,
 139.635495,   35.295946,       59.44,
 139.640000,   35.295946,       57.70,
 139.644505,   35.295946,       56.16,
 139.649009,   35.295946,       54.80,
 139.653514,   35.295946,       54.09,
 139.658018,   35.295946,       53.38,
 139.662523,   35.295946,       54.33,
 139.667027,   35.295946,       57.10,
 139.671532,   35.295946,       60.49,
 139.676036,   35.295946,       64.51,
 139.680541,   35.295946,       62.80,
 139.685045,   35.295946,       59.70,
 139.689550,   35.295946,       58.20,
 139.694054,   35.295946,       57.40,
 139.698559,   35.295946,       56.32,
 139.703063,   35.295946,       55.10,
 139.707568,   35.295946,       53.68,
 139.712072,   35.295946,       52.41,
 139.716577,   35.295946,       51.44,
 139.721081,   35.295946,       50.71,
 139.725586,   35.295946,       50.00,
 139.730090,   35.295946,       49.51,
 139.734595,   35.295946,       49.16,
 139.739099,   35.295946,       48.65,
 139.743604,   35.295946,       48.58,
 139.748108,   35.295946,       48.50,
 139.752613,   35.295946,       48.44,
 139.757117,   35.295946,       48.58,
 139.761622,   35.295946,       48.71,
 139.766126,   35.295946,       49.16,
 139.770631,   35.295946,       49.72,
 139.775135,   35.295946,       50.51,
 139.779640,   35.295946,       51.33,
 139.784144,   35.295946,       52.24,
 139.788649,   35.295946,       53.14,
 139.793153,   35.295946,       53.98,
 139.797658,   35.295946,       54.75,
 139.802162,   35.295946,       55.53,
 139.806667,   35.295946,       56.12,
 139.811171,   35.295946,       56.39,
 139.815676,   35.295946,       56.77,
 139.820180,   35.295946,       56.97,
 139.824685,   35.295946,       57.15,
 139.829189,   35.295946,       57.35,
 139.833694,   35.295946,       57.75,
 139.838198,   35.295946,       58.21,
 139.842703,   35.295946,       58.77,
 139.847207,   35.295946,       59.61,
 139.851712,   35.295946,       60.29,
 139.856216,   35.295946,       60.78,
 139.860721,   35.295946,       61.26,
 139.865225,   35.295946,       61.78,
 139.869730,   35.295946,       62.31,
 139.874234,   35.295946,       62.57,
 139.878739,   35.295946,       62.59,
 139.883243,   35.295946,       62.50,
 139.887748,   35.295946,       62.33,
 139.892252,   35.295946,       62.12,
 139.896757,   35.295946,       61.88,
 139.901261,   35.295946,       61.63,
 139.905766,   35.295946,       61.36,
 139.910270,   35.295946,       61.08,
 139.914775,   35.295946,       60.80,
 139.919279,   35.295946,       60.51,
 139.923784,   35.295946,       60.22,
 139.928288,   35.295946,       59.92,
 139.932793,   35.295946,       59.61,
 139.937297,   35.295946,       59.31,
 139.941802,   35.295946,       59.01,
 139.946306,   35.295946,       58.70,
 139.950811,   35.295946,       58.39,
 139.955315,   35.295946,       58.09,
 139.959820,   35.295946,       57.79,
 139.964324,   35.295946,       57.50,
 139.968829,   35.295946,       57.23,
 139.973333,   35.295946,       56.98,
 139.977838,   35.295946,       56.74,
 139.982342,   35.295946,       56.52,
 139.986847,   35.295946,       56.30,
 139.991351,   35.295946,       56.09,
 139.995856,   35.295946,       55.87,
 140.000360,   35.295946,       55.66,
 140.004865,   35.295946,       55.45,
 140.009369,   35.295946,       55.25,
 140.013874,   35.295946,       55.05,
 140.018378,   35.295946,       54.85,
 140.022883,   35.295946,       54.67,
 140.027387,   35.295946,       54.49,
 140.031892,   35.295946,       54.31,
 140.036396,   35.295946,       54.14,
 140.040901,   35.295946,       53.98,
 140.045405,   35.295946,       53.82,
 140.049910,   35.295946,       53.66,
 140.054414,   35.295946,       53.51,
 140.058919,   35.295946,       53.36,
 140.063423,   35.295946,       53.21,
 140.067928,   35.295946,       53.07,
 140.072432,   35.295946,       52.94,
 140.076937,   35.295946,       52.80,
 140.081441,   35.295946,       52.67,
 140.085946,   35.295946,       52.55,
 140.090450,   35.295946,       52.43,
 140.094955,   35.295946,       52.31,
 140.099459,   35.295946,       52.20,
 140.103964,   35.295946,       52.09,
 140.108468,   35.295946,       51.99,
 140.112973,   35.295946,       51.89,
 140.117477,   35.295946,       51.79,
 140.121982,   35.295946,       51.70,
 140.126486,   35.295946,       51.62,
 140.130991,   35.295946,       51.54,
 140.135495,   35.295946,       51.46,
 140.140000,   35.295946,       51.39,
 140.144505,   35.295946,       51.32,
 140.149009,   35.295946,       51.26,
 140.153514,   35.295946,       51.20,
 140.158018,   35.295946,       51.15,
 140.162523,   35.295946,       51.11,
 140.167027,   35.295946,       51.07,
 140.171532,   35.295946,       51.03,
 140.176036,   35.295946,       51.00,
 140.180541,   35.295946,       50.97,
 140.185045,   35.295946,       50.95,
 140.189550,   35.295946,       50.94,
 140.194054,   35.295946,       50.93,
 140.198559,   35.295946,       50.93,
 140.203063,   35.295946,       50.93,
 140.207568,   35.295946,       50.94,
 140.212072,   35.295946,       50.95,
 140.216577,   35.295946,       50.97,
 140.221081,   35.295946,       50.99,
 140.225586,   35.295946,       51.01,
 140.230090,   35.295946,       51.03,
 140.234595,   35.295946,       51.06,
 140.239099,   35.295946,       51.09,
 140.243604,   35.295946,       51.13,
 140.248108,   35.295946,       51.16,
 140.252613,   35.295946,       51.20,
 140.257117,   35.295946,       51.25,
 140.261622,   35.295946,       51.29,
 140.266126,   35.295946,       51.34,
 140.270631,   35.295946,       51.40,
 140.275135,   35.295946,       51.45,
 140.279640,   35.295946,       51.51,
 140.284144,   35.295946,       51.57,
 140.288649,   35.295946,       51.64,
 140.293153,   35.295946,       51.70,
 140.297658,   35.295946,       51.77,
 140.302162,   35.295946,       51.85,
 140.306667,   35.295946,       51.92,
 140.311171,   35.295946,       52.01,
 140.315676,   35.295946,       52.09,
 140.320180,   35.295946,       52.33,
 140.324685,   35.295946,       52.59,
 140.329189,   35.295946,       52.84,
 140.333694,   35.295946,       53.08,
 140.338198,   35.295946,       53.33,
 140.342703,   35.295946,       53.57,
 140.347207,   35.295946,       53.81,
 140.351712,   35.295946,       54.05,
 140.356216,   35.295946,       54.29,
 140.360721,   35.295946,       54.52,
 140.365225,   35.295946,       54.76,
 140.369730,   35.295946,       54.99,
 140.374234,   35.295946,       55.21,
 140.378739,   35.295946,       55.44,
 140.383243,   35.295946,       55.66,
 140.387748,   35.295946,       55.88,
 139.140000,   35.300450,       59.50,
 139.144505,   35.300450,       58.82,
 139.149009,   35.300450,       58.17,
 139.153514,   35.300450,       57.55,
 139.158018,   35.300450,       56.95,
 139.162523,   35.300450,       56.39,
 139.167027,   35.300450,       55.85,
 139.171532,   35.300450,       55.34,
 139.176036,   35.300450,       54.87,
 139.180541,   35.300450,       54.42,
 139.185045,   35.300450,       53.99,
 139.189550,   35.300450,       53.60,
 139.194054,   35.300450,       53.24,
 139.198559,   35.300450,       52.90,
 139.203063,   35.300450,       52.60,
 139.207568,   35.300450,       52.32,
 139.212072,   35.300450,       52.07,
 139.216577,   35.300450,       51.85,
 139.221081,   35.300450,       51.66,
 139.225586,   35.300450,       51.50,
 139.230090,   35.300450,       51.37,
 139.234595,   35.300450,       51.03,
 139.239099,   35.300450,       50.40,
 139.243604,   35.300450,       50.21,
 139.248108,   35.300450,       50.03,
 139.252613,   35.300450,       49.83,
 139.257117,   35.300450,       49.63,
 139.261622,   35.300450,       49.47,
 139.266126,   35.300450,       49.92,
 139.270631,   35.300450,       50.40,
 139.275135,   35.300450,       50.63,
 139.279640,   35.300450,       50.78,
 139.284144,   35.300450,       50.93,
 139.288649,   35.300450,       51.08,
 139.293153,   35.300450,       51.10,
 139.297658,   35.300450,       51.10,
 139.302162,   35.300450,       51.10,
 139.306667,   35.300450,       51.09,
 139.311171,   35.300450,       51.11,
 139.315676,   35.300450,       51.09,
 139.320180,   35.300450,       50.73,
 139.324685,   35.300450,       50.36,
 139.329189,   35.300450,       50.14,
 139.333694,   35.300450,       50.04,
 139.338198,   35.300450,       49.90,
 139.342703,   35.300450,       49.75,
 139.347207,   35.300450,       49.70,
 139.351712,   35.300450,       49.76,
 139.356216,   35.300450,       49.84,
 139.360721,   35.300450,       49.87,
 139.365225,   35.300450,       49.98,
 139.369730,   35.300450,       49.90,
 139.374234,   35.300450,       49.55,
 139.378739,   35.300450,       49.36,
 139.383243,   35.300450,       49.42,
 139.387748,   35.300450,       49.50,
 139.392252,   35.300450,       49.52,
 139.396757,   35.300450,       49.58,
 139.401261,   35.300450,       49.81,
 139.405766,   35.300450,       50.59,
 139.410270,   35.300450,       51.51,
 139.414775,   35.300450,       52.35,
 139.419279,   35.300450,       53.27,
 139.423784,   35.300450,       54.27,
 139.428288,   35.300450,       55.13,
 139.432793,   35.300450,       56.07,
 139.437297,   35.300450,       57.15,
 139.441802,   35.300450,       58.21,
 139.446306,   35.300450,       59.18,
 139.450811,   35.300450,       60.10,
 139.455315,   35.300450,       61.02,
 139.459820,   35.300450,       61.79,
 139.464324,   35.300450,       62.58,
 139.468829,   35.300450,       63.34,
 139.473333,   35.300450,       63.48,
 139.477838,   35.300450,       63.28,
 139.482342,   35.300450,       63.40,
 139.486847,   35.300450,       63.95,
 139.491351,   35.300450,       64.61,
 139.495856,   35.300450,       64.86,
 139.500360,   35.300450,       65.10,
 139.504865,   35.300450,       65.27,
 139.509369,   35.300450,       65.36,
 139.513874,   35.300450,       65.49,
 139.518378,   35.300450,       65.59,
 139.522883,   35.300450,       65.70,
 139.527387,   35.300450,       65.82,
 139.531892,   35.300450,       66.11,
 139.536396,   35.300450,       66.52,
 139.540901,   35.300450,       67.03,
 139.545405,   35.300450,       68.04,
 139.549910,   35.300450,       69.62,
 139.554414,   35.300450,       70.65,
 139.558919,   35.300450,       70.21,
 139.563423,   35.300450,       70.11,
 139.567928,   35.300450,       69.89,
 139.572432,   35.300450,       69.56,
 139.576937,   35.300450,       69.22,
 139.581441,   35.300450,       68.88,
 139.585946,   35.300450,       68.55,
 139.590450,   35.300450,       68.19,
 139.594955,   35.300450,       67.77,
 139.599459,   35.300450,       67.27,
 139.603964,   35.300450,       66.68,
 139.608468,   35.300450,       65.99,
 139.612973,   35.300450,       65.18,
 139.617477,   35.300450,       64.22,
 139.621982,   35.300450,       63.10,
 139.626486,   35.300450,       61.82,
 139.630991,   35.300450,       60.36,
 139.635495,   35.300450,       58.67,
 139.640000,   35.300450,       56.71,
 139.644505,   35.300450,       55.37,
 139.649009,   35.300450,       54.79,
 139.653514,   35.300450,       54.18,
 139.658018,   35.300450,       53.71,
 139.662523,   35.300450,       53.00,
 139.667027,   35.300450,       56.55,
 139.671532,   35.300450,       60.66,
 139.676036,   35.300450,       63.23,
 139.680541,   35.300450,       62.44,
 139.685045,   35.300450,       60.07,
 139.689550,   35.300450,       58.51,
 139.694054,   35.300450,       57.31,
 139.698559,   35.300450,       55.86,
 139.703063,   35.300450,       54.45,
 139.707568,   35.300450,       52.83,
 139.712072,   35.300450,       51.29,
 139.716577,   35.300450,       50.53,
 139.721081,   35.300450,       49.80,
 139.725586,   35.300450,       49.10,
 139.730090,   35.300450,       48.96,
 139.734595,   35.300450,       48.79,
 139.739099,   35.300450,       48.65,
 139.743604,   35.300450,       48.72,
 139.748108,   35.300450,       48.74,
 139.752613,   35.300450,       48.87,
 139.757117,   35.300450,       49.02,
 139.761622,   35.300450,       49.34,
 139.766126,   35.300450,       49.80,
 139.770631,   35.300450,       50.42,
 139.775135,   35.300450,       51.27,
 139.779640,   35.300450,       52.14,
 139.784144,   35.300450,       52.95,
 139.788649,   35.300450,       53.85,
 139.793153,   35.300450,       54.45,
 139.797658,   35.300450,       55.08,
 139.802162,   35.300450,       55.93,
 139.806667,   35.300450,       56.15,
 139.811171,   35.300450,       56.25,
 139.815676,   35.300450,       56.39,
 139.820180,   35.300450,       56.63,
 139.824685,   35.300450,       56.89,
 139.829189,   35.300450,       57.16,
 139.833694,   35.300450,       57.56,
 139.838198,   35.300450,       58.01,
 139.842703,   35.300450,       58.63,
 139.847207,   35.300450,       59.31,
 139.851712,   35.300450,       59.92,
 139.856216,   35.300450,       60.43,
 139.860721,   35.300450,       60.91,
 139.865225,   35.300450,       61.42,
 139.869730,   35.300450,       61.96,
 139.874234,   35.300450,       62.29,
 139.878739,   35.300450,       62.37,
 139.883243,   35.300450,       62.31,
 139.887748,   35.300450,       62.17,
 139.892252,   35.300450,       61.98,
 139.896757,   35.300450,       61.76,
 139.901261,   35.300450,       61.52,
 139.905766,   35.300450,       61.26,
 139.910270,   35.300450,       61.00,
 139.914775,   35.300450,       60.72,
 139.919279,   35.300450,       60.44,
 139.923784,   35.300450,       60.15,
 139.928288,   35.300450,       59.86,
 139.932793,   35.300450,       59.57,
 139.937297,   35.300450,       59.27,
 139.941802,   35.300450,       58.97,
 139.946306,   35.300450,       58.67,
 139.950811,   35.300450,       58.37,
 139.955315,   35.300450,       58.07,
 139.959820,   35.300450,       57.78,
 139.964324,   35.300450,       57.50,
 139.968829,   35.300450,       57.24,
 139.973333,   35.300450,       56.99,
 139.977838,   35.300450,       56.77,
 139.982342,   35.300450,       56.55,
 139.986847,   35.300450,       56.34,
 139.991351,   35.300450,       56.13,
 139.995856,   35.300450,       55.92,
 140.000360,   35.300450,       55.71,
 140.004865,   35.300450,       55.50,
 140.009369,   35.300450,       55.30,
 140.013874,   35.300450,       55.11,
 140.018378,   35.300450,       54.92,
 140.022883,   35.300450,       54.74,
 140.027387,   35.300450,       54.57,
 140.031892,   35.300450,       54.39,
 140.036396,   35.300450,       54.23,
 140.040901,   35.300450,       54.07,
 140.045405,   35.300450,       53.91,
 140.049910,   35.300450,       53.76,
 140.054414,   35.300450,       53.61,
 140.058919,   35.300450,       53.46,
 140.063423,   35.300450,       53.32,
 140.067928,   35.300450,       53.18,
 140.072432,   35.300450,       53.05,
 140.076937,   35.300450,       52.92,
 140.081441,   35.300450,       52.79,
 140.085946,   35.300450,       52.67,
 140.090450,   35.300450,       52.55,
 140.094955,   35.300450,       52.44,
 140.099459,   35.300450,       52.33,
 140.103964,   35.300450,       52.22,
 140.108468,   35.300450,       52.12,
 140.112973,   35.300450,       52.03,
 140.117477,   35.300450,       51.93,
 140.121982,   35.300450,       51.85,
 140.126486,   35.300450,       51.77,
 140.130991,   35.300450,       51.69,
 140.135495,   35.300450,       51.61,
 140.140000,   35.300450,       51.54,
 140.144505,   35.300450,       51.48,
 140.149009,   35.300450,       51.42,
 140.153514,   35.300450,       51.37,
 140.158018,   35.300450,       51.32,
 140.162523,   35.300450,       51.27,
 140.167027,   35.300450,       51.24,
 140.171532,   35.300450,       51.20,
 140.176036,   35.300450,       51.18,
 140.180541,   35.300450,       51.15,
 140.185045,   35.300450,       51.14,
 140.189550,   35.300450,       51.13,
 140.194054,   35.300450,       51.12,
 140.198559,   35.300450,       51.12,
 140.203063,   35.300450,       51.13,
 140.207568,   35.300450,       51.14,
 140.212072,   35.300450,       51.16,
 140.216577,   35.300450,       51.17,
 140.221081,   35.300450,       51.20,
 140.225586,   35.300450,       51.22,
 140.230090,   35.300450,       51.25,
 140.234595,   35.300450,       51.28,
 140.239099,   35.300450,       51.31,
 140.243604,   35.300450,       51.35,
 140.248108,   35.300450,       51.39,
 140.252613,   35.300450,       51.43,
 140.257117,   35.300450,       51.48,
 140.261622,   35.300450,       51.53,
 140.266126,   35.300450,       51.58,
 140.270631,   35.300450,       51.63,
 140.275135,   35.300450,       51.69,
 140.279640,   35.300450,       51.75,
 140.284144,   35.300450,       51.82,
 140.288649,   35.300450,       51.88,
 140.293153,   35.300450,       51.95,
 140.297658,   35.300450,       52.03,
 140.302162,   35.300450,       52.10,
 140.306667,   35.300450,       52.19,
 140.311171,   35.300450,       52.27,
 140.315676,   35.300450,       52.46,
 140.320180,   35.300450,       52.71,
 140.324685,   35.300450,       52.97,
 140.329189,   35.300450,       53.22,
 140.333694,   35.300450,       53.47,
 140.338198,   35.300450,       53.72,
 140.342703,   35.300450,       53.96,
 140.347207,   35.300450,       54.20,
 140.351712,   35.300450,       54.44,
 140.356216,   35.300450,       54.68,
 140.360721,   35.300450,       54.91,
 140.365225,   35.300450,       55.15,
 140.369730,   35.300450,       55.38,
 140.374234,   35.300450,       55.61,
 140.378739,   35.300450,       55.83,
 140.383243,   35.300450,       56.06,
 140.387748,   35.300450,       56.28,
 139.140000,   35.304955,       59.23,
 139.144505,   35.304955,       58.54,
 139.149009,   35.304955,       57.87,
 139.153514,   35.304955,       57.24,
 139.158018,   35.304955,       56.63,
 139.162523,   35.304955,       56.06,
 139.167027,   35.304955,       55.51,
 139.171532,   35.304955,       54.99,
 139.176036,   35.304955,       54.50,
 139.180541,   35.304955,       54.03,
 139.185045,   35.304955,       53.60,
 139.189550,   35.304955,       53.20,
 139.194054,   35.304955,       52.82,
 139.198559,   35.304955,       52.47,
 139.203063,   35.304955,       52.16,
 139.207568,   35.304955,       51.87,
 139.212072,   35.304955,       51.61,
 139.216577,   35.304955,       51.38,
 139.221081,   35.304955,       51.17,
 139.225586,   35.304955,       51.00,
 139.230090,   35.304955,       50.85,
 139.234595,   35.304955,       50.74,
 139.239099,   35.304955,       50.65,
 139.243604,   35.304955,       50.08,
 139.248108,   35.304955,       49.68,
 139.252613,   35.304955,       49.54,
 139.257117,   35.304955,       49.39,
 139.261622,   35.304955,       49.25,
 139.266126,   35.304955,       49.10,
 139.270631,   35.304955,       48.97,
 139.275135,   35.304955,       49.05,
 139.279640,   35.304955,       49.29,
 139.284144,   35.304955,       49.62,
 139.288649,   35.304955,       50.15,
 139.293153,   35.304955,       50.46,
 139.297658,   35.304955,       50.43,
 139.302162,   35.304955,       50.39,
 139.306667,   35.304955,       50.40,
 139.311171,   35.304955,       50.40,
 139.315676,   35.304955,       50.36,
 139.320180,   35.304955,       50.18,
 139.324685,   35.304955,       49.97,
 139.329189,   35.304955,       49.83,
 139.333694,   35.304955,       49.78,
 139.338198,   35.304955,       49.70,
 139.342703,   35.304955,       49.57,
 139.347207,   35.304955,       49.52,
 139.351712,   35.304955,       49.52,
 139.356216,   35.304955,       49.38,
 139.360721,   35.304955,       49.16,
 139.365225,   35.304955,       49.08,
 139.369730,   35.304955,       48.64,
 139.374234,   35.304955,       48.10,
 139.378739,   35.304955,       47.88,
 139.383243,   35.304955,       48.01,
 139.387748,   35.304955,       48.24,
 139.392252,   35.304955,       48.34,
 139.396757,   35.304955,       48.48,
 139.401261,   35.304955,       49.20,
 139.405766,   35.304955,       50.26,
 139.410270,   35.304955,       51.17,
 139.414775,   35.304955,       52.18,
 139.419279,   35.304955,       53.35,
 139.423784,   35.304955,       54.32,
 139.428288,   35.304955,       55.24,
 139.432793,   35.304955,       56.46,
 139.437297,   35.304955,       57.51,
 139.441802,   35.304955,       58.46,
 139.446306,   35.304955,       59.47,
 139.450811,   35.304955,       60.31,
 139.455315,   35.304955,       61.08,
 139.459820,   35.304955,       61.80,
 139.464324,   35.304955,       62.48,
 139.468829,   35.304955,       63.28,
 139.473333,   35.304955,       63.89,
 139.477838,   35.304955,       64.13,
 139.482342,   35.304955,       63.66,
 139.486847,   35.304955,       63.48,
 139.491351,   35.304955,       63.63,
 139.495856,   35.304955,       63.90,
 139.500360,   35.304955,       64.16,
 139.504865,   35.304955,       64.35,
 139.509369,   35.304955,       64.48,
 139.513874,   35.304955,       64.59,
 139.518378,   35.304955,       64.67,
 139.522883,   35.304955,       64.74,
 139.527387,   35.304955,       64.94,
 139.531892,   35.304955,       65.45,
 139.536396,   35.304955,       66.03,
 139.540901,   35.304955,       66.93,
 139.545405,   35.304955,       68.40,
 139.549910,   35.304955,       70.10,
 139.554414,   35.304955,       69.62,
 139.558919,   35.304955,       69.44,
 139.563423,   35.304955,       69.33,
 139.567928,   35.304955,       69.12,
 139.572432,   35.304955,       68.84,
 139.576937,   35.304955,       68.51,
 139.581441,   35.304955,       68.18,
 139.585946,   35.304955,       67.84,
 139.590450,   35.304955,       67.49,
 139.594955,   35.304955,       67.10,
 139.599459,   35.304955,       66.65,
 139.603964,   35.304955,       66.10,
 139.608468,   35.304955,       65.45,
 139.612973,   35.304955,       64.67,
 139.617477,   35.304955,       63.76,
 139.621982,   35.304955,       62.68,
 139.626486,   35.304955,       61.43,
 139.630991,   35.304955,       60.02,
 139.635495,   35.304955,       58.41,
 139.640000,   35.304955,       56.79,
 139.644505,   35.304955,       55.50,
 139.649009,   35.304955,       55.01,
 139.653514,   35.304955,       54.64,
 139.658018,   35.304955,       54.55,
 139.662523,   35.304955,       54.85,
 139.667027,   35.304955,       57.29,
 139.671532,   35.304955,       59.82,
 139.676036,   35.304955,       60.82,
 139.680541,   35.304955,       60.92,
 139.685045,   35.304955,       59.92,
 139.689550,   35.304955,       58.48,
 139.694054,   35.304955,       56.84,
 139.698559,   35.304955,       55.31,
 139.703063,   35.304955,       53.59,
 139.707568,   35.304955,       51.94,
 139.712072,   35.304955,       50.62,
 139.716577,   35.304955,       49.69,
 139.721081,   35.304955,       49.05,
 139.725586,   35.304955,       48.81,
 139.730090,   35.304955,       48.75,
 139.734595,   35.304955,       48.71,
 139.739099,   35.304955,       48.76,
 139.743604,   35.304955,       48.98,
 139.748108,   35.304955,       49.19,
 139.752613,   35.304955,       49.41,
 139.757117,   35.304955,       49.68,
 139.761622,   35.304955,       50.05,
 139.766126,   35.304955,       50.59,
 139.770631,   35.304955,       51.24,
 139.775135,   35.304955,       51.92,
 139.779640,   35.304955,       52.53,
 139.784144,   35.304955,       53.31,
 139.788649,   35.304955,       53.83,
 139.793153,   35.304955,       54.21,
 139.797658,   35.304955,       54.71,
 139.802162,   35.304955,       55.22,
 139.806667,   35.304955,       55.54,
 139.811171,   35.304955,       55.74,
 139.815676,   35.304955,       55.90,
 139.820180,   35.304955,       56.16,
 139.824685,   35.304955,       56.46,
 139.829189,   35.304955,       56.85,
 139.833694,   35.304955,       57.32,
 139.838198,   35.304955,       57.80,
 139.842703,   35.304955,       58.42,
 139.847207,   35.304955,       59.01,
 139.851712,   35.304955,       59.58,
 139.856216,   35.304955,       60.08,
 139.860721,   35.304955,       60.56,
 139.865225,   35.304955,       61.07,
 139.869730,   35.304955,       61.60,
 139.874234,   35.304955,       62.01,
 139.878739,   35.304955,       62.14,
 139.883243,   35.304955,       62.12,
 139.887748,   35.304955,       62.01,
 139.892252,   35.304955,       61.84,
 139.896757,   35.304955,       61.64,
 139.901261,   35.304955,       61.42,
 139.905766,   35.304955,       61.17,
 139.910270,   35.304955,       60.92,
 139.914775,   35.304955,       60.65,
 139.919279,   35.304955,       60.37,
 139.923784,   35.304955,       60.09,
 139.928288,   35.304955,       59.81,
 139.932793,   35.304955,       59.52,
 139.937297,   35.304955,       59.23,
 139.941802,   35.304955,       58.93,
 139.946306,   35.304955,       58.64,
 139.950811,   35.304955,       58.34,
 139.955315,   35.304955,       58.05,
 139.959820,   35.304955,       57.76,
 139.964324,   35.304955,       57.49,
 139.968829,   35.304955,       57.24,
 139.973333,   35.304955,       57.01,
 139.977838,   35.304955,       56.79,
 139.982342,   35.304955,       56.58,
 139.986847,   35.304955,       56.37,
 139.991351,   35.304955,       56.16,
 139.995856,   35.304955,       55.96,
 140.000360,   35.304955,       55.76,
 140.004865,   35.304955,       55.56,
 140.009369,   35.304955,       55.36,
 140.013874,   35.304955,       55.17,
 140.018378,   35.304955,       54.99,
 140.022883,   35.304955,       54.81,
 140.027387,   35.304955,       54.64,
 140.031892,   35.304955,       54.47,
 140.036396,   35.304955,       54.31,
 140.040901,   35.304955,       54.15,
 140.045405,   35.304955,       54.00,
 140.049910,   35.304955,       53.85,
 140.054414,   35.304955,       53.71,
 140.058919,   35.304955,       53.56,
 140.063423,   35.304955,       53.43,
 140.067928,   35.304955,       53.29,
 140.072432,   35.304955,       53.16,
 140.076937,   35.304955,       53.03,
 140.081441,   35.304955,       52.91,
 140.085946,   35.304955,       52.79,
 140.090450,   35.304955,       52.67,
 140.094955,   35.304955,       52.56,
 140.099459,   35.304955,       52.46,
 140.103964,   35.304955,       52.36,
 140.108468,   35.304955,       52.26,
 140.112973,   35.304955,       52.16,
 140.117477,   35.304955,       52.08,
 140.121982,   35.304955,       51.99,
 140.126486,   35.304955,       51.91,
 140.130991,   35.304955,       51.83,
 140.135495,   35.304955,       51.76,
 140.140000,   35.304955,       51.70,
 140.144505,   35.304955,       51.64,
 140.149009,   35.304955,       51.58,
 140.153514,   35.304955,       51.53,
 140.158018,   35.304955,       51.48,
 140.162523,   35.304955,       51.44,
 140.167027,   35.304955,       51.41,
 140.171532,   35.304955,       51.38,
 140.176036,   35.304955,       51.35,
 140.180541,   35.304955,       51.34,
 140.185045,   35.304955,       51.33,
 140.189550,   35.304955,       51.32,
 140.194054,   35.304955,       51.32,
 140.198559,   35.304955,       51.32,
 140.203063,   35.304955,       51.33,
 140.207568,   35.304955,       51.34,
 140.212072,   35.304955,       51.36,
 140.216577,   35.304955,       51.38,
 140.221081,   35.304955,       51.41,
 140.225586,   35.304955,       51.44,
 140.230090,   35.304955,       51.47,
 140.234595,   35.304955,       51.50,
 140.239099,   35.304955,       51.53,
 140.243604,   35.304955,       51.57,
 140.248108,   35.304955,       51.62,
 140.252613,   35.304955,       51.66,
 140.257117,   35.304955,       51.71,
 140.261622,   35.304955,       51.76,
 140.266126,   35.304955,       51.82,
 140.270631,   35.304955,       51.87,
 140.275135,   35.304955,       51.94,
 140.279640,   35.304955,       52.00,
 140.284144,   35.304955,       52.07,
 140.288649,   35.304955,       52.14,
 140.293153,   35.304955,       52.21,
 140.297658,   35.304955,       52.28,
 140.302162,   35.304955,       52.37,
 140.306667,   35.304955,       52.45,
 140.311171,   35.304955,       52.58,
 140.315676,   35.304955,       52.84,
 140.320180,   35.304955,       53.10,
 140.324685,   35.304955,       53.35,
 140.329189,   35.304955,       53.61,
 140.333694,   35.304955,       53.86,
 140.338198,   35.304955,       54.10,
 140.342703,   35.304955,       54.35,
 140.347207,   35.304955,       54.59,
 140.351712,   35.304955,       54.83,
 140.356216,   35.304955,       55.07,
 140.360721,   35.304955,       55.31,
 140.365225,   35.304955,       55.54,
 140.369730,   35.304955,       55.77,
 140.374234,   35.304955,       56.00,
 140.378739,   35.304955,       56.23,
 140.383243,   35.304955,       56.45,
 140.387748,   35.304955,       56.68,
 139.140000,   35.309459,       58.93,
 139.144505,   35.309459,       58.23,
 139.149009,   35.309459,       57.55,
 139.153514,   35.309459,       56.90,
 139.158018,   35.309459,       56.28,
 139.162523,   35.309459,       55.69,
 139.167027,   35.309459,       55.13,
 139.171532,   35.309459,       54.60,
 139.176036,   35.309459,       54.10,
 139.180541,   35.309459,       53.62,
 139.185045,   35.309459,       53.18,
 139.189550,   35.309459,       52.76,
 139.194054,   35.309459,       52.37,
 139.198559,   35.309459,       52.02,
 139.203063,   35.309459,       51.69,
 139.207568,   35.309459,       51.38,
 139.212072,   35.309459,       51.11,
 139.216577,   35.309459,       50.87,
 139.221081,   35.309459,       50.65,
 139.225586,   35.309459,       50.47,
 139.230090,   35.309459,       50.31,
 139.234595,   35.309459,       50.18,
 139.239099,   35.309459,       50.08,
 139.243604,   35.309459,       50.01,
 139.248108,   35.309459,       49.74,
 139.252613,   35.309459,       49.18,
 139.257117,   35.309459,       48.98,
 139.261622,   35.309459,       48.86,
 139.266126,   35.309459,       48.74,
 139.270631,   35.309459,       48.62,
 139.275135,   35.309459,       48.51,
 139.279640,   35.309459,       48.41,
 139.284144,   35.309459,       48.41,
 139.288649,   35.309459,       48.56,
 139.293153,   35.309459,       48.73,
 139.297658,   35.309459,       48.92,
 139.302162,   35.309459,       49.12,
 139.306667,   35.309459,       49.33,
 139.311171,   35.309459,       49.49,
 139.315676,   35.309459,       49.42,
 139.320180,   35.309459,       49.33,
 139.324685,   35.309459,       49.26,
 139.329189,   35.309459,       49.25,
 139.333694,   35.309459,       49.22,
 139.338198,   35.309459,       49.16,
 139.342703,   35.309459,       49.09,
 139.347207,   35.309459,       49.08,
 139.351712,   35.309459,       49.00,
 139.356216,   35.309459,       48.62,
 139.360721,   35.309459,       48.39,
 139.365225,   35.309459,       48.14,
 139.369730,   35.309459,       47.48,
 139.374234,   35.309459,       46.70,
 139.378739,   35.309459,       46.30,
 139.383243,   35.309459,       46.35,
 139.387748,   35.309459,       46.55,
 139.392252,   35.309459,       46.84,
 139.396757,   35.309459,       47.64,
 139.401261,   35.309459,       48.89,
 139.405766,   35.309459,       50.19,
 139.410270,   35.309459,       51.25,
 139.414775,   35.309459,       52.53,
 139.419279,   35.309459,       53.82,
 139.423784,   35.309459,       54.85,
 139.428288,   35.309459,       55.98,
 139.432793,   35.309459,       57.17,
 139.437297,   35.309459,       58.22,
 139.441802,   35.309459,       59.12,
 139.446306,   35.309459,       60.06,
 139.450811,   35.309459,       60.87,
 139.455315,   35.309459,       61.37,
 139.459820,   35.309459,       61.95,
 139.464324,   35.309459,       62.39,
 139.468829,   35.309459,       62.93,
 139.473333,   35.309459,       63.76,
 139.477838,   35.309459,       64.24,
 139.482342,   35.309459,       63.51,
 139.486847,   35.309459,       62.93,
 139.491351,   35.309459,       62.85,
 139.495856,   35.309459,       63.05,
 139.500360,   35.309459,       63.26,
 139.504865,   35.309459,       63.48,
 139.509369,   35.309459,       63.71,
 139.513874,   35.309459,       63.93,
 139.518378,   35.309459,       64.15,
 139.522883,   35.309459,       64.36,
 139.527387,   35.309459,       64.57,
 139.531892,   35.309459,       64.85,
 139.536396,   35.309459,       65.56,
 139.540901,   35.309459,       66.87,
 139.545405,   35.309459,       68.29,
 139.549910,   35.309459,       68.80,
 139.554414,   35.309459,       68.69,
 139.558919,   35.309459,       68.59,
 139.563423,   35.309459,       68.49,
 139.567928,   35.309459,       68.33,
 139.572432,   35.309459,       68.09,
 139.576937,   35.309459,       67.80,
 139.581441,   35.309459,       67.49,
 139.585946,   35.309459,       67.15,
 139.590450,   35.309459,       66.81,
 139.594955,   35.309459,       66.44,
 139.599459,   35.309459,       66.04,
 139.603964,   35.309459,       65.59,
 139.608468,   35.309459,       65.05,
 139.612973,   35.309459,       64.38,
 139.617477,   35.309459,       63.54,
 139.621982,   35.309459,       62.56,
 139.626486,   35.309459,       61.40,
 139.630991,   35.309459,       60.10,
 139.635495,   35.309459,       58.76,
 139.640000,   35.309459,       57.55,
 139.644505,   35.309459,       56.24,
 139.649009,   35.309459,       55.37,
 139.653514,   35.309459,       55.08,
 139.658018,   35.309459,       55.38,
 139.662523,   35.309459,       56.39,
 139.667027,   35.309459,       58.23,
 139.671532,   35.309459,       59.40,
 139.676036,   35.309459,       60.05,
 139.680541,   35.309459,       60.18,
 139.685045,   35.309459,       59.33,
 139.689550,   35.309459,       58.00,
 139.694054,   35.309459,       56.27,
 139.698559,   35.309459,       54.53,
 139.703063,   35.309459,       52.73,
 139.707568,   35.309459,       50.96,
 139.712072,   35.309459,       50.08,
 139.716577,   35.309459,       49.18,
 139.721081,   35.309459,       48.67,
 139.725586,   35.309459,       48.57,
 139.730090,   35.309459,       48.58,
 139.734595,   35.309459,       48.80,
 139.739099,   35.309459,       49.10,
 139.743604,   35.309459,       49.42,
 139.748108,   35.309459,       49.72,
 139.752613,   35.309459,       50.00,
 139.757117,   35.309459,       50.34,
 139.761622,   35.309459,       50.71,
 139.766126,   35.309459,       51.17,
 139.770631,   35.309459,       51.71,
 139.775135,   35.309459,       52.20,
 139.779640,   35.309459,       52.71,
 139.784144,   35.309459,       53.26,
 139.788649,   35.309459,       53.56,
 139.793153,   35.309459,       53.79,
 139.797658,   35.309459,       54.07,
 139.802162,   35.309459,       54.52,
 139.806667,   35.309459,       54.88,
 139.811171,   35.309459,       55.15,
 139.815676,   35.309459,       55.36,
 139.820180,   35.309459,       55.61,
 139.824685,   35.309459,       56.03,
 139.829189,   35.309459,       56.54,
 139.833694,   35.309459,       57.04,
 139.838198,   35.309459,       57.58,
 139.842703,   35.309459,       58.15,
 139.847207,   35.309459,       58.70,
 139.851712,   35.309459,       59.24,
 139.856216,   35.309459,       59.74,
 139.860721,   35.309459,       60.21,
 139.865225,   35.309459,       60.72,
 139.869730,   35.309459,       61.25,
 139.874234,   35.309459,       61.72,
 139.878739,   35.309459,       61.92,
 139.883243,   35.309459,       61.94,
 139.887748,   35.309459,       61.86,
 139.892252,   35.309459,       61.71,
 139.896757,   35.309459,       61.52,
 139.901261,   35.309459,       61.31,
 139.905766,   35.309459,       61.08,
 139.910270,   35.309459,       60.84,
 139.914775,   35.309459,       60.58,
 139.919279,   35.309459,       60.31,
 139.923784,   35.309459,       60.04,
 139.928288,   35.309459,       59.76,
 139.932793,   35.309459,       59.47,
 139.937297,   35.309459,       59.19,
 139.941802,   35.309459,       58.90,
 139.946306,   35.309459,       58.61,
 139.950811,   35.309459,       58.31,
 139.955315,   35.309459,       58.02,
 139.959820,   35.309459,       57.74,
 139.964324,   35.309459,       57.48,
 139.968829,   35.309459,       57.24,
 139.973333,   35.309459,       57.01,
 139.977838,   35.309459,       56.80,
 139.982342,   35.309459,       56.60,
 139.986847,   35.309459,       56.40,
 139.991351,   35.309459,       56.20,
 139.995856,   35.309459,       56.00,
 140.000360,   35.309459,       55.80,
 140.004865,   35.309459,       55.61,
 140.009369,   35.309459,       55.42,
 140.013874,   35.309459,       55.23,
 140.018378,   35.309459,       55.06,
 140.022883,   35.309459,       54.88,
 140.027387,   35.309459,       54.72,
 140.031892,   35.309459,       54.55,
 140.036396,   35.309459,       54.39,
 140.040901,   35.309459,       54.24,
 140.045405,   35.309459,       54.09,
 140.049910,   35.309459,       53.95,
 140.054414,   35.309459,       53.80,
 140.058919,   35.309459,       53.66,
 140.063423,   35.309459,       53.53,
 140.067928,   35.309459,       53.40,
 140.072432,   35.309459,       53.27,
 140.076937,   35.309459,       53.15,
 140.081441,   35.309459,       53.03,
 140.085946,   35.309459,       52.91,
 140.090450,   35.309459,       52.80,
 140.094955,   35.309459,       52.69,
 140.099459,   35.309459,       52.59,
 140.103964,   35.309459,       52.49,
 140.108468,   35.309459,       52.39,
 140.112973,   35.309459,       52.30,
 140.117477,   35.309459,       52.22,
 140.121982,   35.309459,       52.13,
 140.126486,   35.309459,       52.06,
 140.130991,   35.309459,       51.98,
 140.135495,   35.309459,       51.91,
 140.140000,   35.309459,       51.85,
 140.144505,   35.309459,       51.79,
 140.149009,   35.309459,       51.74,
 140.153514,   35.309459,       51.69,
 140.158018,   35.309459,       51.65,
 140.162523,   35.309459,       51.61,
 140.167027,   35.309459,       51.58,
 140.171532,   35.309459,       51.56,
 140.176036,   35.309459,       51.54,
 140.180541,   35.309459,       51.52,
 140.185045,   35.309459,       51.51,
 140.189550,   35.309459,       51.51,
 140.194054,   35.309459,       51.51,
 140.198559,   35.309459,       51.52,
 140.203063,   35.309459,       51.53,
 140.207568,   35.309459,       51.55,
 140.212072,   35.309459,       51.57,
 140.216577,   35.309459,       51.59,
 140.221081,   35.309459,       51.62,
 140.225586,   35.309459,       51.65,
 140.230090,   35.309459,       51.68,
 140.234595,   35.309459,       51.72,
 140.239099,   35.309459,       51.76,
 140.243604,   35.309459,       51.80,
 140.248108,   35.309459,       51.85,
 140.252613,   35.309459,       51.89,
 140.257117,   35.309459,       51.94,
 140.261622,   35.309459,       52.00,
 140.266126,   35.309459,       52.06,
 140.270631,   35.309459,       52.12,
 140.275135,   35.309459,       52.18,
 140.279640,   35.309459,       52.25,
 140.284144,   35.309459,       52.32,
 140.288649,   35.309459,       52.39,
 140.293153,   35.309459,       52.46,
 140.297658,   35.309459,       52.54,
 140.302162,   35.309459,       52.63,
 140.306667,   35.309459,       52.71,
 140.311171,   35.309459,       52.97,
 140.315676,   35.309459,       53.23,
 140.320180,   35.309459,       53.49,
 140.324685,   35.309459,       53.74,
 140.329189,   35.309459,       53.99,
 140.333694,   35.309459,       54.24,
 140.338198,   35.309459,       54.49,
 140.342703,   35.309459,       54.74,
 140.347207,   35.309459,       54.98,
 140.351712,   35.309459,       55.22,
 140.356216,   35.309459,       55.46,
 140.360721,   35.309459,       55.70,
 140.365225,   35.309459,       55.94,
 140.369730,   35.309459,       56.17,
 140.374234,   35.309459,       56.40,
 140.378739,   35.309459,       56.63,
 140.383243,   35.309459,       56.85,
 140.387748,   35.309459,       57.08,
 139.140000,   35.313964,       58.60,
 139.144505,   35.313964,       57.88,
 139.149009,   35.313964,       57.20,
 139.153514,   35.313964,       56.54,
 139.158018,   35.313964,       55.91,
 139.162523,   35.313964,       55.30,
 139.167027,   35.313964,       54.73,
 139.171532,   35.313964,       54.19,
 139.176036,   35.313964,       53.67,
 139.180541,   35.313964,       53.19,
 139.185045,   35.313964,       52.73,
 139.189550,   35.313964,       52.30,
 139.194054,   35.313964,       51.90,
 139.198559,   35.313964,       51.53,
 139.203063,   35.313964,       51.19,
 139.207568,   35.313964,       50.87,
 139.212072,   35.313964,       50.59,
 139.216577,   35.313964,       50.33,
 139.221081,   35.313964,       50.10,
 139.225586,   35.313964,       49.91,
 139.230090,   35.313964,       49.74,
 139.234595,   35.313964,       49.60,
 139.239099,   35.313964,       49.48,
 139.243604,   35.313964,       49.40,
 139.248108,   35.313964,       49.35,
 139.252613,   35.313964,       49.32,
 139.257117,   35.313964,       48.82,
 139.261622,   35.313964,       48.40,
 139.266126,   35.313964,       48.29,
 139.270631,   35.313964,       48.17,
 139.275135,   35.313964,       48.06,
 139.279640,   35.313964,       47.96,
 139.284144,   35.313964,       47.86,
 139.288649,   35.313964,       47.78,
 139.293153,   35.313964,       47.75,
 139.297658,   35.313964,       47.83,
 139.302162,   35.313964,       47.96,
 139.306667,   35.313964,       48.08,
 139.311171,   35.313964,       48.22,
 139.315676,   35.313964,       48.35,
 139.320180,   35.313964,       48.46,
 139.324685,   35.313964,       48.48,
 139.329189,   35.313964,       48.48,
 139.333694,   35.313964,       48.43,
 139.338198,   35.313964,       48.34,
 139.342703,   35.313964,       48.27,
 139.347207,   35.313964,       48.17,
 139.351712,   35.313964,       47.84,
 139.356216,   35.313964,       47.51,
 139.360721,   35.313964,       47.34,
 139.365225,   35.313964,       47.29,
 139.369730,   35.313964,       46.79,
 139.374234,   35.313964,       45.89,
 139.378739,   35.313964,       44.69,
 139.383243,   35.313964,       44.39,
 139.387748,   35.313964,       44.72,
 139.392252,   35.313964,       45.64,
 139.396757,   35.313964,       47.01,
 139.401261,   35.313964,       48.36,
 139.405766,   35.313964,       49.77,
 139.410270,   35.313964,       51.07,
 139.414775,   35.313964,       52.42,
 139.419279,   35.313964,       53.96,
 139.423784,   35.313964,       55.05,
 139.428288,   35.313964,       56.20,
 139.432793,   35.313964,       57.68,
 139.437297,   35.313964,       58.57,
 139.441802,   35.313964,       59.34,
 139.446306,   35.313964,       60.45,
 139.450811,   35.313964,       61.10,
 139.455315,   35.313964,       61.48,
 139.459820,   35.313964,       61.93,
 139.464324,   35.313964,       62.12,
 139.468829,   35.313964,       62.45,
 139.473333,   35.313964,       63.01,
 139.477838,   35.313964,       62.75,
 139.482342,   35.313964,       62.60,
 139.486847,   35.313964,       62.74,
 139.491351,   35.313964,       62.84,
 139.495856,   35.313964,       62.94,
 139.500360,   35.313964,       63.07,
 139.504865,   35.313964,       63.20,
 139.509369,   35.313964,       63.36,
 139.513874,   35.313964,       63.53,
 139.518378,   35.313964,       63.72,
 139.522883,   35.313964,       63.91,
 139.527387,   35.313964,       64.13,
 139.531892,   35.313964,       64.52,
 139.536396,   35.313964,       65.04,
 139.540901,   35.313964,       65.78,
 139.545405,   35.313964,       66.69,
 139.549910,   35.313964,       67.11,
 139.554414,   35.313964,       67.36,
 139.558919,   35.313964,       67.51,
 139.563423,   35.313964,       67.58,
 139.567928,   35.313964,       67.54,
 139.572432,   35.313964,       67.37,
 139.576937,   35.313964,       67.12,
 139.581441,   35.313964,       66.83,
 139.585946,   35.313964,       66.52,
 139.590450,   35.313964,       66.18,
 139.594955,   35.313964,       65.82,
 139.599459,   35.313964,       65.45,
 139.603964,   35.313964,       65.06,
 139.608468,   35.313964,       64.64,
 139.612973,   35.313964,       64.15,
 139.617477,   35.313964,       63.53,
 139.621982,   35.313964,       62.67,
 139.626486,   35.313964,       61.67,
 139.630991,   35.313964,       60.56,
 139.635495,   35.313964,       59.46,
 139.640000,   35.313964,       58.31,
 139.644505,   35.313964,       57.21,
 139.649009,   35.313964,       56.24,
 139.653514,   35.313964,       55.99,
 139.658018,   35.313964,       56.19,
 139.662523,   35.313964,       57.44,
 139.667027,   35.313964,       58.52,
 139.671532,   35.313964,       59.30,
 139.676036,   35.313964,       59.60,
 139.680541,   35.313964,       59.73,
 139.685045,   35.313964,       58.79,
 139.689550,   35.313964,       57.32,
 139.694054,   35.313964,       55.57,
 139.698559,   35.313964,       53.82,
 139.703063,   35.313964,       52.07,
 139.707568,   35.313964,       50.54,
 139.712072,   35.313964,       49.71,
 139.716577,   35.313964,       48.94,
 139.721081,   35.313964,       48.46,
 139.725586,   35.313964,       48.54,
 139.730090,   35.313964,       48.75,
 139.734595,   35.313964,       49.09,
 139.739099,   35.313964,       49.45,
 139.743604,   35.313964,       49.83,
 139.748108,   35.313964,       50.19,
 139.752613,   35.313964,       50.52,
 139.757117,   35.313964,       50.87,
 139.761622,   35.313964,       51.21,
 139.766126,   35.313964,       51.61,
 139.770631,   35.313964,       51.97,
 139.775135,   35.313964,       52.34,
 139.779640,   35.313964,       52.78,
 139.784144,   35.313964,       53.08,
 139.788649,   35.313964,       53.32,
 139.793153,   35.313964,       53.51,
 139.797658,   35.313964,       53.66,
 139.802162,   35.313964,       53.95,
 139.806667,   35.313964,       54.32,
 139.811171,   35.313964,       54.60,
 139.815676,   35.313964,       54.77,
 139.820180,   35.313964,       55.09,
 139.824685,   35.313964,       55.68,
 139.829189,   35.313964,       56.25,
 139.833694,   35.313964,       56.78,
 139.838198,   35.313964,       57.32,
 139.842703,   35.313964,       57.86,
 139.847207,   35.313964,       58.39,
 139.851712,   35.313964,       58.91,
 139.856216,   35.313964,       59.40,
 139.860721,   35.313964,       59.87,
 139.865225,   35.313964,       60.36,
 139.869730,   35.313964,       60.89,
 139.874234,   35.313964,       61.41,
 139.878739,   35.313964,       61.68,
 139.883243,   35.313964,       61.75,
 139.887748,   35.313964,       61.70,
 139.892252,   35.313964,       61.58,
 139.896757,   35.313964,       61.41,
 139.901261,   35.313964,       61.22,
 139.905766,   35.313964,       61.00,
 139.910270,   35.313964,       60.76,
 139.914775,   35.313964,       60.51,
 139.919279,   35.313964,       60.25,
 139.923784,   35.313964,       59.98,
 139.928288,   35.313964,       59.71,
 139.932793,   35.313964,       59.43,
 139.937297,   35.313964,       59.14,
 139.941802,   35.313964,       58.86,
 139.946306,   35.313964,       58.57,
 139.950811,   35.313964,       58.28,
 139.955315,   35.313964,       58.00,
 139.959820,   35.313964,       57.72,
 139.964324,   35.313964,       57.47,
 139.968829,   35.313964,       57.24,
 139.973333,   35.313964,       57.02,
 139.977838,   35.313964,       56.82,
 139.982342,   35.313964,       56.62,
 139.986847,   35.313964,       56.43,
 139.991351,   35.313964,       56.23,
 139.995856,   35.313964,       56.04,
 140.000360,   35.313964,       55.84,
 140.004865,   35.313964,       55.65,
 140.009369,   35.313964,       55.47,
 140.013874,   35.313964,       55.29,
 140.018378,   35.313964,       55.12,
 140.022883,   35.313964,       54.95,
 140.027387,   35.313964,       54.79,
 140.031892,   35.313964,       54.63,
 140.036396,   35.313964,       54.48,
 140.040901,   35.313964,       54.33,
 140.045405,   35.313964,       54.18,
 140.049910,   35.313964,       54.04,
 140.054414,   35.313964,       53.90,
 140.058919,   35.313964,       53.76,
 140.063423,   35.313964,       53.63,
 140.067928,   35.313964,       53.50,
 140.072432,   35.313964,       53.38,
 140.076937,   35.313964,       53.26,
 140.081441,   35.313964,       53.14,
 140.085946,   35.313964,       53.03,
 140.090450,   35.313964,       52.92,
 140.094955,   35.313964,       52.82,
 140.099459,   35.313964,       52.72,
 140.103964,   35.313964,       52.62,
 140.108468,   35.313964,       52.53,
 140.112973,   35.313964,       52.44,
 140.117477,   35.313964,       52.36,
 140.121982,   35.313964,       52.28,
 140.126486,   35.313964,       52.20,
 140.130991,   35.313964,       52.13,
 140.135495,   35.313964,       52.06,
 140.140000,   35.313964,       52.00,
 140.144505,   35.313964,       51.95,
 140.149009,   35.313964,       51.90,
 140.153514,   35.313964,       51.86,
 140.158018,   35.313964,       51.82,
 140.162523,   35.313964,       51.78,
 140.167027,   35.313964,       51.76,
 140.171532,   35.313964,       51.73,
 140.176036,   35.313964,       51.72,
 140.180541,   35.313964,       51.71,
 140.185045,   35.313964,       51.70,
 140.189550,   35.313964,       51.70,
 140.194054,   35.313964,       51.71,
 140.198559,   35.313964,       51.72,
 140.203063,   35.313964,       51.74,
 140.207568,   35.313964,       51.76,
 140.212072,   35.313964,       51.78,
 140.216577,   35.313964,       51.81,
 140.221081,   35.313964,       51.84,
 140.225586,   35.313964,       51.87,
 140.230090,   35.313964,       51.90,
 140.234595,   35.313964,       51.94,
 140.239099,   35.313964,       51.98,
 140.243604,   35.313964,       52.03,
 140.248108,   35.313964,       52.08,
 140.252613,   35.313964,       52.13,
 140.257117,   35.313964,       52.18,
 140.261622,   35.313964,       52.24,
 140.266126,   35.313964,       52.30,
 140.270631,   35.313964,       52.36,
 140.275135,   35.313964,       52.43,
 140.279640,   35.313964,       52.50,
 140.284144,   35.313964,       52.57,
 140.288649,   35.313964,       52.64,
 140.293153,   35.313964,       52.72,
 140.297658,   35.313964,       52.81,
 140.302162,   35.313964,       52.89,
 140.306667,   35.313964,       53.09,
 140.311171,   35.313964,       53.36,
 140.315676,   35.313964,       53.62,
 140.320180,   35.313964,       53.87,
 140.324685,   35.313964,       54.13,
 140.329189,   35.313964,       54.38,
 140.333694,   35.313964,       54.64,
 140.338198,   35.313964,       54.89,
 140.342703,   35.313964,       55.13,
 140.347207,   35.313964,       55.38,
 140.351712,   35.313964,       55.62,
 140.356216,   35.313964,       55.86,
 140.360721,   35.313964,       56.10,
 140.365225,   35.313964,       56.33,
 140.369730,   35.313964,       56.57,
 140.374234,   35.313964,       56.80,
 140.378739,   35.313964,       57.03,
 140.383243,   35.313964,       57.25,
 140.387748,   35.313964,       57.48,
 139.140000,   35.318468,       58.24,
 139.144505,   35.318468,       57.51,
 139.149009,   35.318468,       56.81,
 139.153514,   35.318468,       56.14,
 139.158018,   35.318468,       55.50,
 139.162523,   35.318468,       54.89,
 139.167027,   35.318468,       54.30,
 139.171532,   35.318468,       53.74,
 139.176036,   35.318468,       53.22,
 139.180541,   35.318468,       52.72,
 139.185045,   35.318468,       52.25,
 139.189550,   35.318468,       51.81,
 139.194054,   35.318468,       51.39,
 139.198559,   35.318468,       51.01,
 139.203063,   35.318468,       50.66,
 139.207568,   35.318468,       50.33,
 139.212072,   35.318468,       50.03,
 139.216577,   35.318468,       49.77,
 139.221081,   35.318468,       49.53,
 139.225586,   35.318468,       49.32,
 139.230090,   35.318468,       49.14,
 139.234595,   35.318468,       48.98,
 139.239099,   35.318468,       48.86,
 139.243604,   35.318468,       48.76,
 139.248108,   35.318468,       48.70,
 139.252613,   35.318468,       48.66,
 139.257117,   35.318468,       48.65,
 139.261622,   35.318468,       48.45,
 139.266126,   35.318468,       47.93,
 139.270631,   35.318468,       47.70,
 139.275135,   35.318468,       47.59,
 139.279640,   35.318468,       47.48,
 139.284144,   35.318468,       47.37,
 139.288649,   35.318468,       47.28,
 139.293153,   35.318468,       47.18,
 139.297658,   35.318468,       47.11,
 139.302162,   35.318468,       47.06,
 139.306667,   35.318468,       47.10,
 139.311171,   35.318468,       47.18,
 139.315676,   35.318468,       47.26,
 139.320180,   35.318468,       47.35,
 139.324685,   35.318468,       47.43,
 139.329189,   35.318468,       47.51,
 139.333694,   35.318468,       47.58,
 139.338198,   35.318468,       47.62,
 139.342703,   35.318468,       47.52,
 139.347207,   35.318468,       47.34,
 139.351712,   35.318468,       46.95,
 139.356216,   35.318468,       46.43,
 139.360721,   35.318468,       46.43,
 139.365225,   35.318468,       46.63,
 139.369730,   35.318468,       46.26,
 139.374234,   35.318468,       45.24,
 139.378739,   35.318468,       43.72,
 139.383243,   35.318468,       42.20,
 139.387748,   35.318468,       43.36,
 139.392252,   35.318468,       44.80,
 139.396757,   35.318468,       46.23,
 139.401261,   35.318468,       47.62,
 139.405766,   35.318468,       49.00,
 139.410270,   35.318468,       50.38,
 139.414775,   35.318468,       51.78,
 139.419279,   35.318468,       53.17,
 139.423784,   35.318468,       54.53,
 139.428288,   35.318468,       55.78,
 139.432793,   35.318468,       56.92,
 139.437297,   35.318468,       58.01,
 139.441802,   35.318468,       59.00,
 139.446306,   35.318468,       59.82,
 139.450811,   35.318468,       60.42,
 139.455315,   35.318468,       60.99,
 139.459820,   35.318468,       61.45,
 139.464324,   35.318468,       61.73,
 139.468829,   35.318468,       61.89,
 139.473333,   35.318468,       61.85,
 139.477838,   35.318468,       61.79,
 139.482342,   35.318468,       61.78,
 139.486847,   35.318468,       61.81,
 139.491351,   35.318468,       61.87,
 139.495856,   35.318468,       61.96,
 139.500360,   35.318468,       62.08,
 139.504865,   35.318468,       62.22,
 139.509369,   35.318468,       62.38,
 139.513874,   35.318468,       62.56,
 139.518378,   35.318468,       62.79,
 139.522883,   35.318468,       63.10,
 139.527387,   35.318468,       63.48,
 139.531892,   35.318468,       63.91,
 139.536396,   35.318468,       64.38,
 139.540901,   35.318468,       64.85,
 139.545405,   35.318468,       65.26,
 139.549910,   35.318468,       65.57,
 139.554414,   35.318468,       65.85,
 139.558919,   35.318468,       66.13,
 139.563423,   35.318468,       66.34,
 139.567928,   35.318468,       66.45,
 139.572432,   35.318468,       66.46,
 139.576937,   35.318468,       66.37,
 139.581441,   35.318468,       66.18,
 139.585946,   35.318468,       65.91,
 139.590450,   35.318468,       65.59,
 139.594955,   35.318468,       65.26,
 139.599459,   35.318468,       64.91,
 139.603964,   35.318468,       64.55,
 139.608468,   35.318468,       64.19,
 139.612973,   35.318468,       63.83,
 139.617477,   35.318468,       63.46,
 139.621982,   35.318468,       62.98,
 139.626486,   35.318468,       62.18,
 139.630991,   35.318468,       61.23,
 139.635495,   35.318468,       60.16,
 139.640000,   35.318468,       58.98,
 139.644505,   35.318468,       57.75,
 139.649009,   35.318468,       57.27,
 139.653514,   35.318468,       57.41,
 139.658018,   35.318468,       57.64,
 139.662523,   35.318468,       58.09,
 139.667027,   35.318468,       58.91,
 139.671532,   35.318468,       59.32,
 139.676036,   35.318468,       59.31,
 139.680541,   35.318468,       58.89,
 139.685045,   35.318468,       58.09,
 139.689550,   35.318468,       56.61,
 139.694054,   35.318468,       54.87,
 139.698559,   35.318468,       53.17,
 139.703063,   35.318468,       51.47,
 139.707568,   35.318468,       50.04,
 139.712072,   35.318468,       49.37,
 139.716577,   35.318468,       48.68,
 139.721081,   35.318468,       48.42,
 139.725586,   35.318468,       48.68,
 139.730090,   35.318468,       48.94,
 139.734595,   35.318468,       49.42,
 139.739099,   35.318468,       49.85,
 139.743604,   35.318468,       50.26,
 139.748108,   35.318468,       50.63,
 139.752613,   35.318468,       50.98,
 139.757117,   35.318468,       51.31,
 139.761622,   35.318468,       51.63,
 139.766126,   35.318468,       51.96,
 139.770631,   35.318468,       52.10,
 139.775135,   35.318468,       52.34,
 139.779640,   35.318468,       52.66,
 139.784144,   35.318468,       52.92,
 139.788649,   35.318468,       53.15,
 139.793153,   35.318468,       53.36,
 139.797658,   35.318468,       53.58,
 139.802162,   35.318468,       53.80,
 139.806667,   35.318468,       53.96,
 139.811171,   35.318468,       54.12,
 139.815676,   35.318468,       54.19,
 139.820180,   35.318468,       54.64,
 139.824685,   35.318468,       55.35,
 139.829189,   35.318468,       55.98,
 139.833694,   35.318468,       56.53,
 139.838198,   35.318468,       57.05,
 139.842703,   35.318468,       57.57,
 139.847207,   35.318468,       58.08,
 139.851712,   35.318468,       58.58,
 139.856216,   35.318468,       59.06,
 139.860721,   35.318468,       59.53,
 139.865225,   35.318468,       60.01,
 139.869730,   35.318468,       60.53,
 139.874234,   35.318468,       61.08,
 139.878739,   35.318468,       61.43,
 139.883243,   35.318468,       61.56,
 139.887748,   35.318468,       61.55,
 139.892252,   35.318468,       61.46,
 139.896757,   35.318468,       61.31,
 139.901261,   35.318468,       61.13,
 139.905766,   35.318468,       60.92,
 139.910270,   35.318468,       60.69,
 139.914775,   35.318468,       60.45,
 139.919279,   35.318468,       60.19,
 139.923784,   35.318468,       59.93,
 139.928288,   35.318468,       59.66,
 139.932793,   35.318468,       59.38,
 139.937297,   35.318468,       59.10,
 139.941802,   35.318468,       58.82,
 139.946306,   35.318468,       58.53,
 139.950811,   35.318468,       58.25,
 139.955315,   35.318468,       57.97,
 139.959820,   35.318468,       57.70,
 139.964324,   35.318468,       57.46,
 139.968829,   35.318468,       57.23,
 139.973333,   35.318468,       57.03,
 139.977838,   35.318468,       56.83,
 139.982342,   35.318468,       56.64,
 139.986847,   35.318468,       56.45,
 139.991351,   35.318468,       56.26,
 139.995856,   35.318468,       56.07,
 140.000360,   35.318468,       55.88,
 140.004865,   35.318468,       55.70,
 140.009369,   35.318468,       55.52,
 140.013874,   35.318468,       55.35,
 140.018378,   35.318468,       55.18,
 140.022883,   35.318468,       55.02,
 140.027387,   35.318468,       54.86,
 140.031892,   35.318468,       54.71,
 140.036396,   35.318468,       54.56,
 140.040901,   35.318468,       54.41,
 140.045405,   35.318468,       54.27,
 140.049910,   35.318468,       54.13,
 140.054414,   35.318468,       53.99,
 140.058919,   35.318468,       53.86,
 140.063423,   35.318468,       53.74,
 140.067928,   35.318468,       53.61,
 140.072432,   35.318468,       53.49,
 140.076937,   35.318468,       53.37,
 140.081441,   35.318468,       53.26,
 140.085946,   35.318468,       53.15,
 140.090450,   35.318468,       53.04,
 140.094955,   35.318468,       52.94,
 140.099459,   35.318468,       52.84,
 140.103964,   35.318468,       52.75,
 140.108468,   35.318468,       52.66,
 140.112973,   35.318468,       52.58,
 140.117477,   35.318468,       52.49,
 140.121982,   35.318468,       52.42,
 140.126486,   35.318468,       52.34,
 140.130991,   35.318468,       52.28,
 140.135495,   35.318468,       52.22,
 140.140000,   35.318468,       52.16,
 140.144505,   35.318468,       52.11,
 140.149009,   35.318468,       52.06,
 140.153514,   35.318468,       52.02,
 140.158018,   35.318468,       51.98,
 140.162523,   35.318468,       51.95,
 140.167027,   35.318468,       51.93,
 140.171532,   35.318468,       51.91,
 140.176036,   35.318468,       51.90,
 140.180541,   35.318468,       51.90,
 140.185045,   35.318468,       51.90,
 140.189550,   35.318468,       51.90,
 140.194054,   35.318468,       51.91,
 140.198559,   35.318468,       51.92,
 140.203063,   35.318468,       51.94,
 140.207568,   35.318468,       51.97,
 140.212072,   35.318468,       51.99,
 140.216577,   35.318468,       52.02,
 140.221081,   35.318468,       52.05,
 140.225586,   35.318468,       52.09,
 140.230090,   35.318468,       52.13,
 140.234595,   35.318468,       52.17,
 140.239099,   35.318468,       52.21,
 140.243604,   35.318468,       52.26,
 140.248108,   35.318468,       52.31,
 140.252613,   35.318468,       52.36,
 140.257117,   35.318468,       52.42,
 140.261622,   35.318468,       52.48,
 140.266126,   35.318468,       52.54,
 140.270631,   35.318468,       52.61,
 140.275135,   35.318468,       52.68,
 140.279640,   35.318468,       52.75,
 140.284144,   35.318468,       52.82,
 140.288649,   35.318468,       52.90,
 140.293153,   35.318468,       52.98,
 140.297658,   35.318468,       53.07,
 140.302162,   35.318468,       53.21,
 140.306667,   35.318468,       53.48,
 140.311171,   35.318468,       53.74,
 140.315676,   35.318468,       54.01,
 140.320180,   35.318468,       54.27,
 140.324685,   35.318468,       54.52,
 140.329189,   35.318468,       54.78,
 140.333694,   35.318468,       55.03,
 140.338198,   35.318468,       55.28,
 140.342703,   35.318468,       55.53,
 140.347207,   35.318468,       55.77,
 140.351712,   35.318468,       56.02,
 140.356216,   35.318468,       56.26,
 140.360721,   35.318468,       56.50,
 140.365225,   35.318468,       56.73,
 140.369730,   35.318468,       56.97,
 140.374234,   35.318468,       57.20,
 140.378739,   35.318468,       57.43,
 140.383243,   35.318468,       57.66,
 140.387748,   35.318468,       57.88,
 139.140000,   35.322973,       57.86,
 139.144505,   35.322973,       57.11,
 139.149009,   35.322973,       56.40,
 139.153514,   35.322973,       55.72,
 139.158018,   35.322973,       55.06,
 139.162523,   35.322973,       54.44,
 139.167027,   35.322973,       53.84,
 139.171532,   35.322973,       53.27,
 139.176036,   35.322973,       52.73,
 139.180541,   35.322973,       52.22,
 139.185045,   35.322973,       51.74,
 139.189550,   35.322973,       51.29,
 139.194054,   35.322973,       50.86,
 139.198559,   35.322973,       50.47,
 139.203063,   35.322973,       50.10,
 139.207568,   35.322973,       49.76,
 139.212072,   35.322973,       49.45,
 139.216577,   35.322973,       49.17,
 139.221081,   35.322973,       48.92,
 139.225586,   35.322973,       48.70,
 139.230090,   35.322973,       48.51,
 139.234595,   35.322973,       48.34,
 139.239099,   35.322973,       48.20,
 139.243604,   35.322973,       48.10,
 139.248108,   35.322973,       48.02,
 139.252613,   35.322973,       47.97,
 139.257117,   35.322973,       47.95,
 139.261622,   35.322973,       47.96,
 139.266126,   35.322973,       47.99,
 139.270631,   35.322973,       47.54,
 139.275135,   35.322973,       47.10,
 139.279640,   35.322973,       46.99,
 139.284144,   35.322973,       46.88,
 139.288649,   35.322973,       46.77,
 139.293153,   35.322973,       46.67,
 139.297658,   35.322973,       46.57,
 139.302162,   35.322973,       46.48,
 139.306667,   35.322973,       46.40,
 139.311171,   35.322973,       46.35,
 139.315676,   35.322973,       46.35,
 139.320180,   35.322973,       46.40,
 139.324685,   35.322973,       46.45,
 139.329189,   35.322973,       46.49,
 139.333694,   35.322973,       46.54,
 139.338198,   35.322973,       46.59,
 139.342703,   35.322973,       46.63,
 139.347207,   35.322973,       46.66,
 139.351712,   35.322973,       46.66,
 139.356216,   35.322973,       46.59,
 139.360721,   35.322973,       46.47,
 139.365225,   35.322973,       46.15,
 139.369730,   35.322973,       45.97,
 139.374234,   35.322973,       44.74,
 139.378739,   35.322973,       45.04,
 139.383243,   35.322973,       45.96,
 139.387748,   35.322973,       47.01,
 139.392252,   35.322973,       47.94,
 139.396757,   35.322973,       48.72,
 139.401261,   35.322973,       49.50,
 139.405766,   35.322973,       50.30,
 139.410270,   35.322973,       51.12,
 139.414775,   35.322973,       52.00,
 139.419279,   35.322973,       52.92,
 139.423784,   35.322973,       53.88,
 139.428288,   35.322973,       54.87,
 139.432793,   35.322973,       55.83,
 139.437297,   35.322973,       56.89,
 139.441802,   35.322973,       57.94,
 139.446306,   35.322973,       58.67,
 139.450811,   35.322973,       59.21,
 139.455315,   35.322973,       59.53,
 139.459820,   35.322973,       59.77,
 139.464324,   35.322973,       59.95,
 139.468829,   35.322973,       60.06,
 139.473333,   35.322973,       60.15,
 139.477838,   35.322973,       60.24,
 139.482342,   35.322973,       60.35,
 139.486847,   35.322973,       60.46,
 139.491351,   35.322973,       60.58,
 139.495856,   35.322973,       60.71,
 139.500360,   35.322973,       60.86,
 139.504865,   35.322973,       61.02,
 139.509369,   35.322973,       61.20,
 139.513874,   35.322973,       61.44,
 139.518378,   35.322973,       61.74,
 139.522883,   35.322973,       62.07,
 139.527387,   35.322973,       62.45,
 139.531892,   35.322973,       62.87,
 139.536396,   35.322973,       63.28,
 139.540901,   35.322973,       63.69,
 139.545405,   35.322973,       64.06,
 139.549910,   35.322973,       64.39,
 139.554414,   35.322973,       64.68,
 139.558919,   35.322973,       64.94,
 139.563423,   35.322973,       65.15,
 139.567928,   35.322973,       65.33,
 139.572432,   35.322973,       65.43,
 139.576937,   35.322973,       65.45,
 139.581441,   35.322973,       65.38,
 139.585946,   35.322973,       65.23,
 139.590450,   35.322973,       65.00,
 139.594955,   35.322973,       64.71,
 139.599459,   35.322973,       64.39,
 139.603964,   35.322973,       64.07,
 139.608468,   35.322973,       63.75,
 139.612973,   35.322973,       63.46,
 139.617477,   35.322973,       63.21,
 139.621982,   35.322973,       63.02,
 139.626486,   35.322973,       62.77,
 139.630991,   35.322973,       61.93,
 139.635495,   35.322973,       60.85,
 139.640000,   35.322973,       59.52,
 139.644505,   35.322973,       57.80,
 139.649009,   35.322973,       56.98,
 139.653514,   35.322973,       58.63,
 139.658018,   35.322973,       59.20,
 139.662523,   35.322973,       59.07,
 139.667027,   35.322973,       59.36,
 139.671532,   35.322973,       59.27,
 139.676036,   35.322973,       59.04,
 139.680541,   35.322973,       58.36,
 139.685045,   35.322973,       57.39,
 139.689550,   35.322973,       55.85,
 139.694054,   35.322973,       54.17,
 139.698559,   35.322973,       52.56,
 139.703063,   35.322973,       50.90,
 139.707568,   35.322973,       49.76,
 139.712072,   35.322973,       49.14,
 139.716577,   35.322973,       48.57,
 139.721081,   35.322973,       48.48,
 139.725586,   35.322973,       48.81,
 139.730090,   35.322973,       49.21,
 139.734595,   35.322973,       49.77,
 139.739099,   35.322973,       50.27,
 139.743604,   35.322973,       50.70,
 139.748108,   35.322973,       51.07,
 139.752613,   35.322973,       51.43,
 139.757117,   35.322973,       51.73,
 139.761622,   35.322973,       52.03,
 139.766126,   35.322973,       52.21,
 139.770631,   35.322973,       52.32,
 139.775135,   35.322973,       52.39,
 139.779640,   35.322973,       52.56,
 139.784144,   35.322973,       52.81,
 139.788649,   35.322973,       53.04,
 139.793153,   35.322973,       53.24,
 139.797658,   35.322973,       53.42,
 139.802162,   35.322973,       53.60,
 139.806667,   35.322973,       53.75,
 139.811171,   35.322973,       53.87,
 139.815676,   35.322973,       54.00,
 139.820180,   35.322973,       54.36,
 139.824685,   35.322973,       55.07,
 139.829189,   35.322973,       55.74,
 139.833694,   35.322973,       56.30,
 139.838198,   35.322973,       56.78,
 139.842703,   35.322973,       57.27,
 139.847207,   35.322973,       57.76,
 139.851712,   35.322973,       58.25,
 139.856216,   35.322973,       58.73,
 139.860721,   35.322973,       59.19,
 139.865225,   35.322973,       59.66,
 139.869730,   35.322973,       60.18,
 139.874234,   35.322973,       60.72,
 139.878739,   35.322973,       61.17,
 139.883243,   35.322973,       61.36,
 139.887748,   35.322973,       61.39,
 139.892252,   35.322973,       61.33,
 139.896757,   35.322973,       61.20,
 139.901261,   35.322973,       61.04,
 139.905766,   35.322973,       60.84,
 139.910270,   35.322973,       60.62,
 139.914775,   35.322973,       60.39,
 139.919279,   35.322973,       60.14,
 139.923784,   35.322973,       59.88,
 139.928288,   35.322973,       59.61,
 139.932793,   35.322973,       59.34,
 139.937297,   35.322973,       59.06,
 139.941802,   35.322973,       58.78,
 139.946306,   35.322973,       58.50,
 139.950811,   35.322973,       58.22,
 139.955315,   35.322973,       57.94,
 139.959820,   35.322973,       57.68,
 139.964324,   35.322973,       57.44,
 139.968829,   35.322973,       57.23,
 139.973333,   35.322973,       57.03,
 139.977838,   35.322973,       56.84,
 139.982342,   35.322973,       56.66,
 139.986847,   35.322973,       56.48,
 139.991351,   35.322973,       56.29,
 139.995856,   35.322973,       56.11,
 140.000360,   35.322973,       55.92,
 140.004865,   35.322973,       55.75,
 140.009369,   35.322973,       55.57,
 140.013874,   35.322973,       55.40,
 140.018378,   35.322973,       55.24,
 140.022883,   35.322973,       55.08,
 140.027387,   35.322973,       54.93,
 140.031892,   35.322973,       54.78,
 140.036396,   35.322973,       54.64,
 140.040901,   35.322973,       54.49,
 140.045405,   35.322973,       54.36,
 140.049910,   35.322973,       54.22,
 140.054414,   35.322973,       54.09,
 140.058919,   35.322973,       53.96,
 140.063423,   35.322973,       53.84,
 140.067928,   35.322973,       53.72,
 140.072432,   35.322973,       53.60,
 140.076937,   35.322973,       53.48,
 140.081441,   35.322973,       53.37,
 140.085946,   35.322973,       53.27,
 140.090450,   35.322973,       53.16,
 140.094955,   35.322973,       53.07,
 140.099459,   35.322973,       52.97,
 140.103964,   35.322973,       52.88,
 140.108468,   35.322973,       52.79,
 140.112973,   35.322973,       52.71,
 140.117477,   35.322973,       52.63,
 140.121982,   35.322973,       52.56,
 140.126486,   35.322973,       52.49,
 140.130991,   35.322973,       52.43,
 140.135495,   35.322973,       52.37,
 140.140000,   35.322973,       52.31,
 140.144505,   35.322973,       52.27,
 140.149009,   35.322973,       52.22,
 140.153514,   35.322973,       52.19,
 140.158018,   35.322973,       52.15,
 140.162523,   35.322973,       52.13,
 140.167027,   35.322973,       52.11,
 140.171532,   35.322973,       52.10,
 140.176036,   35.322973,       52.09,
 140.180541,   35.322973,       52.09,
 140.185045,   35.322973,       52.09,
 140.189550,   35.322973,       52.10,
 140.194054,   35.322973,       52.11,
 140.198559,   35.322973,       52.13,
 140.203063,   35.322973,       52.15,
 140.207568,   35.322973,       52.18,
 140.212072,   35.322973,       52.20,
 140.216577,   35.322973,       52.24,
 140.221081,   35.322973,       52.27,
 140.225586,   35.322973,       52.31,
 140.230090,   35.322973,       52.35,
 140.234595,   35.322973,       52.39,
 140.239099,   35.322973,       52.44,
 140.243604,   35.322973,       52.49,
 140.248108,   35.322973,       52.54,
 140.252613,   35.322973,       52.60,
 140.257117,   35.322973,       52.66,
 140.261622,   35.322973,       52.72,
 140.266126,   35.322973,       52.79,
 140.270631,   35.322973,       52.85,
 140.275135,   35.322973,       52.93,
 140.279640,   35.322973,       53.00,
 140.284144,   35.322973,       53.08,
 140.288649,   35.322973,       53.16,
 140.293153,   35.322973,       53.25,
 140.297658,   35.322973,       53.34,
 140.302162,   35.322973,       53.60,
 140.306667,   35.322973,       53.87,
 140.311171,   35.322973,       54.14,
 140.315676,   35.322973,       54.40,
 140.320180,   35.322973,       54.66,
 140.324685,   35.322973,       54.92,
 140.329189,   35.322973,       55.17,
 140.333694,   35.322973,       55.43,
 140.338198,   35.322973,       55.68,
 140.342703,   35.322973,       55.93,
 140.347207,   35.322973,       56.17,
 140.351712,   35.322973,       56.42,
 140.356216,   35.322973,       56.66,
 140.360721,   35.322973,       56.90,
 140.365225,   35.322973,       57.14,
 140.369730,   35.322973,       57.37,
 140.374234,   35.322973,       57.60,
 140.378739,   35.322973,       57.83,
 140.383243,   35.322973,       58.06,
 140.387748,   35.322973,       58.29,
 139.140000,   35.327477,       57.44,
 139.144505,   35.327477,       56.69,
 139.149009,   35.327477,       55.96,
 139.153514,   35.327477,       55.27,
 139.158018,   35.327477,       54.60,
 139.162523,   35.327477,       53.96,
 139.167027,   35.327477,       53.35,
 139.171532,   35.327477,       52.77,
 139.176036,   35.327477,       52.22,
 139.180541,   35.327477,       51.70,
 139.185045,   35.327477,       51.20,
 139.189550,   35.327477,       50.74,
 139.194054,   35.327477,       50.30,
 139.198559,   35.327477,       49.89,
 139.203063,   35.327477,       49.51,
 139.207568,   35.327477,       49.16,
 139.212072,   35.327477,       48.84,
 139.216577,   35.327477,       48.55,
 139.221081,   35.327477,       48.29,
 139.225586,   35.327477,       48.05,
 139.230090,   35.327477,       47.85,
 139.234595,   35.327477,       47.67,
 139.239099,   35.327477,       47.52,
 139.243604,   35.327477,       47.40,
 139.248108,   35.327477,       47.31,
 139.252613,   35.327477,       47.25,
 139.257117,   35.327477,       47.22,
 139.261622,   35.327477,       47.21,
 139.266126,   35.327477,       47.24,
 139.270631,   35.327477,       47.29,
 139.275135,   35.327477,       47.15,
 139.279640,   35.327477,       46.66,
 139.284144,   35.327477,       46.39,
 139.288649,   35.327477,       46.28,
 139.293153,   35.327477,       46.17,
 139.297658,   35.327477,       46.06,
 139.302162,   35.327477,       45.95,
 139.306667,   35.327477,       45.85,
 139.311171,   35.327477,       45.76,
 139.315676,   35.327477,       45.68,
 139.320180,   35.327477,       45.62,
 139.324685,   35.327477,       45.60,
 139.329189,   35.327477,       45.61,
 139.333694,   35.327477,       45.63,
 139.338198,   35.327477,       45.65,
 139.342703,   35.327477,       45.66,
 139.347207,   35.327477,       45.68,
 139.351712,   35.327477,       45.69,
 139.356216,   35.327477,       45.69,
 139.360721,   35.327477,       45.68,
 139.365225,   35.327477,       45.68,
 139.369730,   35.327477,       45.67,
 139.374234,   35.327477,       45.72,
 139.378739,   35.327477,       46.02,
 139.383243,   35.327477,       46.43,
 139.387748,   35.327477,       46.89,
 139.392252,   35.327477,       47.41,
 139.396757,   35.327477,       47.99,
 139.401261,   35.327477,       48.61,
 139.405766,   35.327477,       49.26,
 139.410270,   35.327477,       49.96,
 139.414775,   35.327477,       50.68,
 139.419279,   35.327477,       51.44,
 139.423784,   35.327477,       52.22,
 139.428288,   35.327477,       52.99,
 139.432793,   35.327477,       53.75,
 139.437297,   35.327477,       54.50,
 139.441802,   35.327477,       55.22,
 139.446306,   35.327477,       55.85,
 139.450811,   35.327477,       56.41,
 139.455315,   35.327477,       56.92,
 139.459820,   35.327477,       57.37,
 139.464324,   35.327477,       57.75,
 139.468829,   35.327477,       58.07,
 139.473333,   35.327477,       58.33,
 139.477838,   35.327477,       58.53,
 139.482342,   35.327477,       58.70,
 139.486847,   35.327477,       58.87,
 139.491351,   35.327477,       59.05,
 139.495856,   35.327477,       59.24,
 139.500360,   35.327477,       59.43,
 139.504865,   35.327477,       59.66,
 139.509369,   35.327477,       59.91,
 139.513874,   35.327477,       60.20,
 139.518378,   35.327477,       60.51,
 139.522883,   35.327477,       60.85,
 139.527387,   35.327477,       61.22,
 139.531892,   35.327477,       61.61,
 139.536396,   35.327477,       62.00,
 139.540901,   35.327477,       62.39,
 139.545405,   35.327477,       62.76,
 139.549910,   35.327477,       63.11,
 139.554414,   35.327477,       63.44,
 139.558919,   35.327477,       63.76,
 139.563423,   35.327477,       64.04,
 139.567928,   35.327477,       64.27,
 139.572432,   35.327477,       64.41,
 139.576937,   35.327477,       64.49,
 139.581441,   35.327477,       64.50,
 139.585946,   35.327477,       64.45,
 139.590450,   35.327477,       64.32,
 139.594955,   35.327477,       64.12,
 139.599459,   35.327477,       63.87,
 139.603964,   35.327477,       63.57,
 139.608468,   35.327477,       63.29,
 139.612973,   35.327477,       63.03,
 139.617477,   35.327477,       62.83,
 139.621982,   35.327477,       62.73,
 139.626486,   35.327477,       62.81,
 139.630991,   35.327477,       62.63,
 139.635495,   35.327477,       61.52,
 139.640000,   35.327477,       59.69,
 139.644505,   35.327477,       57.39,
 139.649009,   35.327477,       56.39,
 139.653514,   35.327477,       58.24,
 139.658018,   35.327477,       59.66,
 139.662523,   35.327477,       59.97,
 139.667027,   35.327477,       59.45,
 139.671532,   35.327477,       59.15,
 139.676036,   35.327477,       58.70,
 139.680541,   35.327477,       57.98,
 139.685045,   35.327477,       56.83,
 139.689550,   35.327477,       55.36,
 139.694054,   35.327477,       53.73,
 139.698559,   35.327477,       52.06,
 139.703063,   35.327477,       50.49,
 139.707568,   35.327477,       49.65,
 139.712072,   35.327477,       49.01,
 139.716577,   35.327477,       48.40,
 139.721081,   35.327477,       48.54,
 139.725586,   35.327477,       48.98,
 139.730090,   35.327477,       49.50,
 139.734595,   35.327477,       50.12,
 139.739099,   35.327477,       50.66,
 139.743604,   35.327477,       51.09,
 139.748108,   35.327477,       51.48,
 139.752613,   35.327477,       51.82,
 139.757117,   35.327477,       52.15,
 139.761622,   35.327477,       52.38,
 139.766126,   35.327477,       52.50,
 139.770631,   35.327477,       52.57,
 139.775135,   35.327477,       52.55,
 139.779640,   35.327477,       52.60,
 139.784144,   35.327477,       52.77,
 139.788649,   35.327477,       52.95,
 139.793153,   35.327477,       53.14,
 139.797658,   35.327477,       53.31,
 139.802162,   35.327477,       53.45,
 139.806667,   35.327477,       53.58,
 139.811171,   35.327477,       53.75,
 139.815676,   35.327477,       53.99,
 139.820180,   35.327477,       54.31,
 139.824685,   35.327477,       54.82,
 139.829189,   35.327477,       55.51,
 139.833694,   35.327477,       56.07,
 139.838198,   35.327477,       56.52,
 139.842703,   35.327477,       56.98,
 139.847207,   35.327477,       57.45,
 139.851712,   35.327477,       57.93,
 139.856216,   35.327477,       58.40,
 139.860721,   35.327477,       58.86,
 139.865225,   35.327477,       59.32,
 139.869730,   35.327477,       59.82,
 139.874234,   35.327477,       60.35,
 139.878739,   35.327477,       60.88,
 139.883243,   35.327477,       61.15,
 139.887748,   35.327477,       61.24,
 139.892252,   35.327477,       61.21,
 139.896757,   35.327477,       61.11,
 139.901261,   35.327477,       60.96,
 139.905766,   35.327477,       60.77,
 139.910270,   35.327477,       60.56,
 139.914775,   35.327477,       60.33,
 139.919279,   35.327477,       60.09,
 139.923784,   35.327477,       59.83,
 139.928288,   35.327477,       59.57,
 139.932793,   35.327477,       59.29,
 139.937297,   35.327477,       59.02,
 139.941802,   35.327477,       58.74,
 139.946306,   35.327477,       58.47,
 139.950811,   35.327477,       58.19,
 139.955315,   35.327477,       57.91,
 139.959820,   35.327477,       57.66,
 139.964324,   35.327477,       57.43,
 139.968829,   35.327477,       57.22,
 139.973333,   35.327477,       57.03,
 139.977838,   35.327477,       56.86,
 139.982342,   35.327477,       56.68,
 139.986847,   35.327477,       56.50,
 139.991351,   35.327477,       56.32,
 139.995856,   35.327477,       56.14,
 140.000360,   35.327477,       55.96,
 140.004865,   35.327477,       55.79,
 140.009369,   35.327477,       55.62,
 140.013874,   35.327477,       55.46,
 140.018378,   35.327477,       55.30,
 140.022883,   35.327477,       55.15,
 140.027387,   35.327477,       55.00,
 140.031892,   35.327477,       54.86,
 140.036396,   35.327477,       54.71,
 140.040901,   35.327477,       54.58,
 140.045405,   35.327477,       54.44,
 140.049910,   35.327477,       54.31,
 140.054414,   35.327477,       54.18,
 140.058919,   35.327477,       54.06,
 140.063423,   35.327477,       53.94,
 140.067928,   35.327477,       53.82,
 140.072432,   35.327477,       53.71,
 140.076937,   35.327477,       53.60,
 140.081441,   35.327477,       53.49,
 140.085946,   35.327477,       53.39,
 140.090450,   35.327477,       53.29,
 140.094955,   35.327477,       53.19,
 140.099459,   35.327477,       53.10,
 140.103964,   35.327477,       53.01,
 140.108468,   35.327477,       52.93,
 140.112973,   35.327477,       52.85,
 140.117477,   35.327477,       52.77,
 140.121982,   35.327477,       52.70,
 140.126486,   35.327477,       52.63,
 140.130991,   35.327477,       52.57,
 140.135495,   35.327477,       52.52,
 140.140000,   35.327477,       52.47,
 140.144505,   35.327477,       52.42,
 140.149009,   35.327477,       52.39,
 140.153514,   35.327477,       52.35,
 140.158018,   35.327477,       52.32,
 140.162523,   35.327477,       52.30,
 140.167027,   35.327477,       52.29,
 140.171532,   35.327477,       52.28,
 140.176036,   35.327477,       52.28,
 140.180541,   35.327477,       52.28,
 140.185045,   35.327477,       52.28,
 140.189550,   35.327477,       52.30,
 140.194054,   35.327477,       52.31,
 140.198559,   35.327477,       52.33,
 140.203063,   35.327477,       52.36,
 140.207568,   35.327477,       52.39,
 140.212072,   35.327477,       52.42,
 140.216577,   35.327477,       52.45,
 140.221081,   35.327477,       52.49,
 140.225586,   35.327477,       52.53,
 140.230090,   35.327477,       52.57,
 140.234595,   35.327477,       52.62,
 140.239099,   35.327477,       52.67,
 140.243604,   35.327477,       52.72,
 140.248108,   35.327477,       52.78,
 140.252613,   35.327477,       52.84,
 140.257117,   35.327477,       52.90,
 140.261622,   35.327477,       52.97,
 140.266126,   35.327477,       53.03,
 140.270631,   35.327477,       53.11,
 140.275135,   35.327477,       53.18,
 140.279640,   35.327477,       53.26,
 140.284144,   35.327477,       53.34,
 140.288649,   35.327477,       53.42,
 140.293153,   35.327477,       53.51,
 140.297658,   35.327477,       53.73,
 140.302162,   35.327477,       54.00,
 140.306667,   35.327477,       54.26,
 140.311171,   35.327477,       54.53,
 140.315676,   35.327477,       54.79,
 140.320180,   35.327477,       55.05,
 140.324685,   35.327477,       55.31,
 140.329189,   35.327477,       55.57,
 140.333694,   35.327477,       55.82,
 140.338198,   35.327477,       56.08,
 140.342703,   35.327477,       56.32,
 140.347207,   35.327477,       56.57,
 140.351712,   35.327477,       56.82,
 140.356216,   35.327477,       57.06,
 140.360721,   35.327477,       57.30,
 140.365225,   35.327477,       57.54,
 140.369730,   35.327477,       57.78,
 140.374234,   35.327477,       58.01,
 140.378739,   35.327477,       58.24,
 140.383243,   35.327477,       58.47,
 140.387748,   35.327477,       58.70,
 139.140000,   35.331982,       57.00,
 139.144505,   35.331982,       56.23,
 139.149009,   35.331982,       55.49,
 139.153514,   35.331982,       54.78,
 139.158018,   35.331982,       54.11,
 139.162523,   35.331982,       53.46,
 139.167027,   35.331982,       52.83,
 139.171532,   35.331982,       52.24,
 139.176036,   35.331982,       51.68,
 139.180541,   35.331982,       51.14,
 139.185045,   35.331982,       50.64,
 139.189550,   35.331982,       50.16,
 139.194054,   35.331982,       49.71,
 139.198559,   35.331982,       49.29,
 139.203063,   35.331982,       48.90,
 139.207568,   35.331982,       48.54,
 139.212072,   35.331982,       48.20,
 139.216577,   35.331982,       47.90,
 139.221081,   35.331982,       47.62,
 139.225586,   35.331982,       47.38,
 139.230090,   35.331982,       47.16,
 139.234595,   35.331982,       46.97,
 139.239099,   35.331982,       46.81,
 139.243604,   35.331982,       46.68,
 139.248108,   35.331982,       46.57,
 139.252613,   35.331982,       46.50,
 139.257117,   35.331982,       46.46,
 139.261622,   35.331982,       46.44,
 139.266126,   35.331982,       46.45,
 139.270631,   35.331982,       46.49,
 139.275135,   35.331982,       46.56,
 139.279640,   35.331982,       46.66,
 139.284144,   35.331982,       46.25,
 139.288649,   35.331982,       45.82,
 139.293153,   35.331982,       45.68,
 139.297658,   35.331982,       45.56,
 139.302162,   35.331982,       45.45,
 139.306667,   35.331982,       45.33,
 139.311171,   35.331982,       45.23,
 139.315676,   35.331982,       45.12,
 139.320180,   35.331982,       45.02,
 139.324685,   35.331982,       44.93,
 139.329189,   35.331982,       44.86,
 139.333694,   35.331982,       44.82,
 139.338198,   35.331982,       44.81,
 139.342703,   35.331982,       44.80,
 139.347207,   35.331982,       44.80,
 139.351712,   35.331982,       44.81,
 139.356216,   35.331982,       44.83,
 139.360721,   35.331982,       44.86,
 139.365225,   35.331982,       44.90,
 139.369730,   35.331982,       44.94,
 139.374234,   35.331982,       45.00,
 139.378739,   35.331982,       45.05,
 139.383243,   35.331982,       45.15,
 139.387748,   35.331982,       45.34,
 139.392252,   35.331982,       45.77,
 139.396757,   35.331982,       46.33,
 139.401261,   35.331982,       46.92,
 139.405766,   35.331982,       47.54,
 139.410270,   35.331982,       48.19,
 139.414775,   35.331982,       48.84,
 139.419279,   35.331982,       49.51,
 139.423784,   35.331982,       50.19,
 139.428288,   35.331982,       50.87,
 139.432793,   35.331982,       51.56,
 139.437297,   35.331982,       52.22,
 139.441802,   35.331982,       52.85,
 139.446306,   35.331982,       53.46,
 139.450811,   35.331982,       54.02,
 139.455315,   35.331982,       54.54,
 139.459820,   35.331982,       55.00,
 139.464324,   35.331982,       55.43,
 139.468829,   35.331982,       55.83,
 139.473333,   35.331982,       56.21,
 139.477838,   35.331982,       56.56,
 139.482342,   35.331982,       56.89,
 139.486847,   35.331982,       57.19,
 139.491351,   35.331982,       57.45,
 139.495856,   35.331982,       57.68,
 139.500360,   35.331982,       57.92,
 139.504865,   35.331982,       58.18,
 139.509369,   35.331982,       58.47,
 139.513874,   35.331982,       58.78,
 139.518378,   35.331982,       59.12,
 139.522883,   35.331982,       59.48,
 139.527387,   35.331982,       59.85,
 139.531892,   35.331982,       60.23,
 139.536396,   35.331982,       60.61,
 139.540901,   35.331982,       60.99,
 139.545405,   35.331982,       61.36,
 139.549910,   35.331982,       61.73,
 139.554414,   35.331982,       62.09,
 139.558919,   35.331982,       62.45,
 139.563423,   35.331982,       62.79,
 139.567928,   35.331982,       63.11,
 139.572432,   35.331982,       63.38,
 139.576937,   35.331982,       63.55,
 139.581441,   35.331982,       63.61,
 139.585946,   35.331982,       63.62,
 139.590450,   35.331982,       63.56,
 139.594955,   35.331982,       63.44,
 139.599459,   35.331982,       63.27,
 139.603964,   35.331982,       63.04,
 139.608468,   35.331982,       62.78,
 139.612973,   35.331982,       62.55,
 139.617477,   35.331982,       62.36,
 139.621982,   35.331982,       62.26,
 139.626486,   35.331982,       62.36,
 139.630991,   35.331982,       62.96,
 139.635495,   35.331982,       62.13,
 139.640000,   35.331982,       58.99,
 139.644505,   35.331982,       56.39,
 139.649009,   35.331982,       55.59,
 139.653514,   35.331982,       57.12,
 139.658018,   35.331982,       58.42,
 139.662523,   35.331982,       59.25,
 139.667027,   35.331982,       59.10,
 139.671532,   35.331982,       58.78,
 139.676036,   35.331982,       58.34,
 139.680541,   35.331982,       57.65,
 139.685045,   35.331982,       56.43,
 139.689550,   35.331982,       55.00,
 139.694054,   35.331982,       53.34,
 139.698559,   35.331982,       51.65,
 139.703063,   35.331982,       50.19,
 139.707568,   35.331982,       49.48,
 139.712072,   35.331982,       48.83,
 139.716577,   35.331982,       48.39,
 139.721081,   35.331982,       48.63,
 139.725586,   35.331982,       49.14,
 139.730090,   35.331982,       49.74,
 139.734595,   35.331982,       50.37,
 139.739099,   35.331982,       50.96,
 139.743604,   35.331982,       51.40,
 139.748108,   35.331982,       51.80,
 139.752613,   35.331982,       52.17,
 139.757117,   35.331982,       52.49,
 139.761622,   35.331982,       52.71,
 139.766126,   35.331982,       52.82,
 139.770631,   35.331982,       52.85,
 139.775135,   35.331982,       52.77,
 139.779640,   35.331982,       52.76,
 139.784144,   35.331982,       52.88,
 139.788649,   35.331982,       52.98,
 139.793153,   35.331982,       53.11,
 139.797658,   35.331982,       53.26,
 139.802162,   35.331982,       53.39,
 139.806667,   35.331982,       53.49,
 139.811171,   35.331982,       53.67,
 139.815676,   35.331982,       53.96,
 139.820180,   35.331982,       54.29,
 139.824685,   35.331982,       54.75,
 139.829189,   35.331982,       55.30,
 139.833694,   35.331982,       55.87,
 139.838198,   35.331982,       56.25,
 139.842703,   35.331982,       56.68,
 139.847207,   35.331982,       57.13,
 139.851712,   35.331982,       57.60,
 139.856216,   35.331982,       58.07,
 139.860721,   35.331982,       58.53,
 139.865225,   35.331982,       58.98,
 139.869730,   35.331982,       59.46,
 139.874234,   35.331982,       59.99,
 139.878739,   35.331982,       60.54,
 139.883243,   35.331982,       60.93,
 139.887748,   35.331982,       61.08,
 139.892252,   35.331982,       61.09,
 139.896757,   35.331982,       61.01,
 139.901261,   35.331982,       60.88,
 139.905766,   35.331982,       60.71,
 139.910270,   35.331982,       60.50,
 139.914775,   35.331982,       60.28,
 139.919279,   35.331982,       60.04,
 139.923784,   35.331982,       59.79,
 139.928288,   35.331982,       59.52,
 139.932793,   35.331982,       59.25,
 139.937297,   35.331982,       58.98,
 139.941802,   35.331982,       58.71,
 139.946306,   35.331982,       58.43,
 139.950811,   35.331982,       58.16,
 139.955315,   35.331982,       57.89,
 139.959820,   35.331982,       57.64,
 139.964324,   35.331982,       57.42,
 139.968829,   35.331982,       57.22,
 139.973333,   35.331982,       57.03,
 139.977838,   35.331982,       56.87,
 139.982342,   35.331982,       56.70,
 139.986847,   35.331982,       56.52,
 139.991351,   35.331982,       56.35,
 139.995856,   35.331982,       56.18,
 140.000360,   35.331982,       56.00,
 140.004865,   35.331982,       55.84,
 140.009369,   35.331982,       55.67,
 140.013874,   35.331982,       55.52,
 140.018378,   35.331982,       55.36,
 140.022883,   35.331982,       55.21,
 140.027387,   35.331982,       55.07,
 140.031892,   35.331982,       54.93,
 140.036396,   35.331982,       54.79,
 140.040901,   35.331982,       54.66,
 140.045405,   35.331982,       54.53,
 140.049910,   35.331982,       54.40,
 140.054414,   35.331982,       54.28,
 140.058919,   35.331982,       54.16,
 140.063423,   35.331982,       54.04,
 140.067928,   35.331982,       53.93,
 140.072432,   35.331982,       53.81,
 140.076937,   35.331982,       53.71,
 140.081441,   35.331982,       53.60,
 140.085946,   35.331982,       53.50,
 140.090450,   35.331982,       53.41,
 140.094955,   35.331982,       53.31,
 140.099459,   35.331982,       53.23,
 140.103964,   35.331982,       53.14,
 140.108468,   35.331982,       53.06,
 140.112973,   35.331982,       52.98,
 140.117477,   35.331982,       52.91,
 140.121982,   35.331982,       52.84,
 140.126486,   35.331982,       52.78,
 140.130991,   35.331982,       52.72,
 140.135495,   35.331982,       52.67,
 140.140000,   35.331982,       52.63,
 140.144505,   35.331982,       52.58,
 140.149009,   35.331982,       52.55,
 140.153514,   35.331982,       52.52,
 140.158018,   35.331982,       52.50,
 140.162523,   35.331982,       52.48,
 140.167027,   35.331982,       52.47,
 140.171532,   35.331982,       52.46,
 140.176036,   35.331982,       52.46,
 140.180541,   35.331982,       52.47,
 140.185045,   35.331982,       52.48,
 140.189550,   35.331982,       52.50,
 140.194054,   35.331982,       52.52,
 140.198559,   35.331982,       52.54,
 140.203063,   35.331982,       52.57,
 140.207568,   35.331982,       52.60,
 140.212072,   35.331982,       52.63,
 140.216577,   35.331982,       52.67,
 140.221081,   35.331982,       52.71,
 140.225586,   35.331982,       52.75,
 140.230090,   35.331982,       52.80,
 140.234595,   35.331982,       52.85,
 140.239099,   35.331982,       52.90,
 140.243604,   35.331982,       52.96,
 140.248108,   35.331982,       53.02,
 140.252613,   35.331982,       53.08,
 140.257117,   35.331982,       53.14,
 140.261622,   35.331982,       53.21,
 140.266126,   35.331982,       53.28,
 140.270631,   35.331982,       53.36,
 140.275135,   35.331982,       53.44,
 140.279640,   35.331982,       53.52,
 140.284144,   35.331982,       53.60,
 140.288649,   35.331982,       53.69,
 140.293153,   35.331982,       53.85,
 140.297658,   35.331982,       54.12,
 140.302162,   35.331982,       54.39,
 140.306667,   35.331982,       54.66,
 140.311171,   35.331982,       54.93,
 140.315676,   35.331982,       55.19,
 140.320180,   35.331982,       55.45,
 140.324685,   35.331982,       55.71,
 140.329189,   35.331982,       55.97,
 140.333694,   35.331982,       56.22,
 140.338198,   35.331982,       56.48,
 140.342703,   35.331982,       56.73,
 140.347207,   35.331982,       56.98,
 140.351712,   35.331982,       57.22,
 140.356216,   35.331982,       57.47,
 140.360721,   35.331982,       57.71,
 140.365225,   35.331982,       57.95,
 140.369730,   35.331982,       58.18,
 140.374234,   35.331982,       58.42,
 140.378739,   35.331982,       58.65,
 140.383243,   35.331982,       58.88,
 140.387748,   35.331982,       59.11,
 139.140000,   35.336486,       56.52,
 139.144505,   35.336486,       55.74,
 139.149009,   35.336486,       54.99,
 139.153514,   35.336486,       54.27,
 139.158018,   35.336486,       53.58,
 139.162523,   35.336486,       52.92,
 139.167027,   35.336486,       52.29,
 139.171532,   35.336486,       51.68,
 139.176036,   35.336486,       51.11,
 139.180541,   35.336486,       50.56,
 139.185045,   35.336486,       50.04,
 139.189550,   35.336486,       49.55,
 139.194054,   35.336486,       49.09,
 139.198559,   35.336486,       48.66,
 139.203063,   35.336486,       48.25,
 139.207568,   35.336486,       47.88,
 139.212072,   35.336486,       47.53,
 139.216577,   35.336486,       47.22,
 139.221081,   35.336486,       46.93,
 139.225586,   35.336486,       46.67,
 139.230090,   35.336486,       46.44,
 139.234595,   35.336486,       46.24,
 139.239099,   35.336486,       46.07,
 139.243604,   35.336486,       45.92,
 139.248108,   35.336486,       45.81,
 139.252613,   35.336486,       45.72,
 139.257117,   35.336486,       45.67,
 139.261622,   35.336486,       45.64,
 139.266126,   35.336486,       45.64,
 139.270631,   35.336486,       45.67,
 139.275135,   35.336486,       45.73,
 139.279640,   35.336486,       45.81,
 139.284144,   35.336486,       45.93,
 139.288649,   35.336486,       45.84,
 139.293153,   35.336486,       45.38,
 139.297658,   35.336486,       45.08,
 139.302162,   35.336486,       44.96,
 139.306667,   35.336486,       44.83,
 139.311171,   35.336486,       44.71,
 139.315676,   35.336486,       44.60,
 139.320180,   35.336486,       44.48,
 139.324685,   35.336486,       44.37,
 139.329189,   35.336486,       44.27,
 139.333694,   35.336486,       44.18,
 139.338198,   35.336486,       44.10,
 139.342703,   35.336486,       44.06,
 139.347207,   35.336486,       44.05,
 139.351712,   35.336486,       44.05,
 139.356216,   35.336486,       44.06,
 139.360721,   35.336486,       44.08,
 139.365225,   35.336486,       44.11,
 139.369730,   35.336486,       44.15,
 139.374234,   35.336486,       44.20,
 139.378739,   35.336486,       44.27,
 139.383243,   35.336486,       44.35,
 139.387748,   35.336486,       44.45,
 139.392252,   35.336486,       44.58,
 139.396757,   35.336486,       44.77,
 139.401261,   35.336486,       45.09,
 139.405766,   35.336486,       45.61,
 139.410270,   35.336486,       46.22,
 139.414775,   35.336486,       46.84,
 139.419279,   35.336486,       47.48,
 139.423784,   35.336486,       48.12,
 139.428288,   35.336486,       48.75,
 139.432793,   35.336486,       49.38,
 139.437297,   35.336486,       50.00,
 139.441802,   35.336486,       50.60,
 139.446306,   35.336486,       51.18,
 139.450811,   35.336486,       51.73,
 139.455315,   35.336486,       52.25,
 139.459820,   35.336486,       52.75,
 139.464324,   35.336486,       53.22,
 139.468829,   35.336486,       53.66,
 139.473333,   35.336486,       54.09,
 139.477838,   35.336486,       54.50,
 139.482342,   35.336486,       54.89,
 139.486847,   35.336486,       55.27,
 139.491351,   35.336486,       55.63,
 139.495856,   35.336486,       55.98,
 139.500360,   35.336486,       56.32,
 139.504865,   35.336486,       56.64,
 139.509369,   35.336486,       56.95,
 139.513874,   35.336486,       57.27,
 139.518378,   35.336486,       57.62,
 139.522883,   35.336486,       57.98,
 139.527387,   35.336486,       58.36,
 139.531892,   35.336486,       58.74,
 139.536396,   35.336486,       59.12,
 139.540901,   35.336486,       59.51,
 139.545405,   35.336486,       59.90,
 139.549910,   35.336486,       60.27,
 139.554414,   35.336486,       60.66,
 139.558919,   35.336486,       61.04,
 139.563423,   35.336486,       61.43,
 139.567928,   35.336486,       61.80,
 139.572432,   35.336486,       62.16,
 139.576937,   35.336486,       62.47,
 139.581441,   35.336486,       62.69,
 139.585946,   35.336486,       62.77,
 139.590450,   35.336486,       62.77,
 139.594955,   35.336486,       62.71,
 139.599459,   35.336486,       62.60,
 139.603964,   35.336486,       62.44,
 139.608468,   35.336486,       62.23,
 139.612973,   35.336486,       62.00,
 139.617477,   35.336486,       61.81,
 139.621982,   35.336486,       61.70,
 139.626486,   35.336486,       61.72,
 139.630991,   35.336486,       62.08,
 139.635495,   35.336486,       61.23,
 139.640000,   35.336486,       57.07,
 139.644505,   35.336486,       55.51,
 139.649009,   35.336486,       55.60,
 139.653514,   35.336486,       56.51,
 139.658018,   35.336486,       57.66,
 139.662523,   35.336486,       58.36,
 139.667027,   35.336486,       58.60,
 139.671532,   35.336486,       58.37,
 139.676036,   35.336486,       58.01,
 139.680541,   35.336486,       57.49,
 139.685045,   35.336486,       56.25,
 139.689550,   35.336486,       54.68,
 139.694054,   35.336486,       52.99,
 139.698559,   35.336486,       51.38,
 139.703063,   35.336486,       50.21,
 139.707568,   35.336486,       49.31,
 139.712072,   35.336486,       48.66,
 139.716577,   35.336486,       48.50,
 139.721081,   35.336486,       48.70,
 139.725586,   35.336486,       49.22,
 139.730090,   35.336486,       49.94,
 139.734595,   35.336486,       50.63,
 139.739099,   35.336486,       51.25,
 139.743604,   35.336486,       51.66,
 139.748108,   35.336486,       52.06,
 139.752613,   35.336486,       52.44,
 139.757117,   35.336486,       52.76,
 139.761622,   35.336486,       53.01,
 139.766126,   35.336486,       53.15,
 139.770631,   35.336486,       53.18,
 139.775135,   35.336486,       53.14,
 139.779640,   35.336486,       53.04,
 139.784144,   35.336486,       53.09,
 139.788649,   35.336486,       53.15,
 139.793153,   35.336486,       53.24,
 139.797658,   35.336486,       53.33,
 139.802162,   35.336486,       53.45,
 139.806667,   35.336486,       53.61,
 139.811171,   35.336486,       53.80,
 139.815676,   35.336486,       54.07,
 139.820180,   35.336486,       54.48,
 139.824685,   35.336486,       54.91,
 139.829189,   35.336486,       55.47,
 139.833694,   35.336486,       55.75,
 139.838198,   35.336486,       56.01,
 139.842703,   35.336486,       56.39,
 139.847207,   35.336486,       56.82,
 139.851712,   35.336486,       57.27,
 139.856216,   35.336486,       57.75,
 139.860721,   35.336486,       58.21,
 139.865225,   35.336486,       58.66,
 139.869730,   35.336486,       59.11,
 139.874234,   35.336486,       59.62,
 139.878739,   35.336486,       60.17,
 139.883243,   35.336486,       60.67,
 139.887748,   35.336486,       60.90,
 139.892252,   35.336486,       60.96,
 139.896757,   35.336486,       60.92,
 139.901261,   35.336486,       60.81,
 139.905766,   35.336486,       60.65,
 139.910270,   35.336486,       60.45,
 139.914775,   35.336486,       60.23,
 139.919279,   35.336486,       59.99,
 139.923784,   35.336486,       59.74,
 139.928288,   35.336486,       59.48,
 139.932793,   35.336486,       59.21,
 139.937297,   35.336486,       58.94,
 139.941802,   35.336486,       58.67,
 139.946306,   35.336486,       58.40,
 139.950811,   35.336486,       58.13,
 139.955315,   35.336486,       57.86,
 139.959820,   35.336486,       57.62,
 139.964324,   35.336486,       57.40,
 139.968829,   35.336486,       57.21,
 139.973333,   35.336486,       57.04,
 139.977838,   35.336486,       56.88,
 139.982342,   35.336486,       56.71,
 139.986847,   35.336486,       56.55,
 139.991351,   35.336486,       56.38,
 139.995856,   35.336486,       56.21,
 140.000360,   35.336486,       56.04,
 140.004865,   35.336486,       55.88,
 140.009369,   35.336486,       55.72,
 140.013874,   35.336486,       55.57,
 140.018378,   35.336486,       55.42,
 140.022883,   35.336486,       55.28,
 140.027387,   35.336486,       55.14,
 140.031892,   35.336486,       55.00,
 140.036396,   35.336486,       54.87,
 140.040901,   35.336486,       54.74,
 140.045405,   35.336486,       54.62,
 140.049910,   35.336486,       54.49,
 140.054414,   35.336486,       54.37,
 140.058919,   35.336486,       54.25,
 140.063423,   35.336486,       54.14,
 140.067928,   35.336486,       54.03,
 140.072432,   35.336486,       53.92,
 140.076937,   35.336486,       53.82,
 140.081441,   35.336486,       53.72,
 140.085946,   35.336486,       53.62,
 140.090450,   35.336486,       53.53,
 140.094955,   35.336486,       53.44,
 140.099459,   35.336486,       53.35,
 140.103964,   35.336486,       53.27,
 140.108468,   35.336486,       53.19,
 140.112973,   35.336486,       53.12,
 140.117477,   35.336486,       53.05,
 140.121982,   35.336486,       52.98,
 140.126486,   35.336486,       52.93,
 140.130991,   35.336486,       52.87,
 140.135495,   35.336486,       52.82,
 140.140000,   35.336486,       52.78,
 140.144505,   35.336486,       52.74,
 140.149009,   35.336486,       52.71,
 140.153514,   35.336486,       52.69,
 140.158018,   35.336486,       52.67,
 140.162523,   35.336486,       52.66,
 140.167027,   35.336486,       52.65,
 140.171532,   35.336486,       52.65,
 140.176036,   35.336486,       52.66,
 140.180541,   35.336486,       52.67,
 140.185045,   35.336486,       52.68,
 140.189550,   35.336486,       52.70,
 140.194054,   35.336486,       52.72,
 140.198559,   35.336486,       52.75,
 140.203063,   35.336486,       52.78,
 140.207568,   35.336486,       52.81,
 140.212072,   35.336486,       52.85,
 140.216577,   35.336486,       52.89,
 140.221081,   35.336486,       52.93,
 140.225586,   35.336486,       52.98,
 140.230090,   35.336486,       53.03,
 140.234595,   35.336486,       53.08,
 140.239099,   35.336486,       53.14,
 140.243604,   35.336486,       53.20,
 140.248108,   35.336486,       53.26,
 140.252613,   35.336486,       53.32,
 140.257117,   35.336486,       53.39,
 140.261622,   35.336486,       53.46,
 140.266126,   35.336486,       53.54,
 140.270631,   35.336486,       53.61,
 140.275135,   35.336486,       53.69,
 140.279640,   35.336486,       53.78,
 140.284144,   35.336486,       53.87,
 140.288649,   35.336486,       53.97,
 140.293153,   35.336486,       54.24,
 140.297658,   35.336486,       54.52,
 140.302162,   35.336486,       54.79,
 140.306667,   35.336486,       55.06,
 140.311171,   35.336486,       55.32,
 140.315676,   35.336486,       55.59,
 140.320180,   35.336486,       55.85,
 140.324685,   35.336486,       56.11,
 140.329189,   35.336486,       56.37,
 140.333694,   35.336486,       56.63,
 140.338198,   35.336486,       56.88,
 140.342703,   35.336486,       57.13,
 140.347207,   35.336486,       57.38,
 140.351712,   35.336486,       57.63,
 140.356216,   35.336486,       57.87,
 140.360721,   35.336486,       58.11,
 140.365225,   35.336486,       58.35,
 140.369730,   35.336486,       58.59,
 140.374234,   35.336486,       58.83,
 140.378739,   35.336486,       59.06,
 140.383243,   35.336486,       59.29,
 140.387748,   35.336486,       59.52,
 139.140000,   35.340991,       56.02,
 139.144505,   35.340991,       55.23,
 139.149009,   35.340991,       54.47,
 139.153514,   35.340991,       53.74,
 139.158018,   35.340991,       53.03,
 139.162523,   35.340991,       52.36,
 139.167027,   35.340991,       51.71,
 139.171532,   35.340991,       51.09,
 139.176036,   35.340991,       50.51,
 139.180541,   35.340991,       49.95,
 139.185045,   35.340991,       49.42,
 139.189550,   35.340991,       48.91,
 139.194054,   35.340991,       48.44,
 139.198559,   35.340991,       48.00,
 139.203063,   35.340991,       47.58,
 139.207568,   35.340991,       47.20,
 139.212072,   35.340991,       46.84,
 139.216577,   35.340991,       46.51,
 139.221081,   35.340991,       46.21,
 139.225586,   35.340991,       45.94,
 139.230090,   35.340991,       45.70,
 139.234595,   35.340991,       45.48,
 139.239099,   35.340991,       45.30,
 139.243604,   35.340991,       45.14,
 139.248108,   35.340991,       45.01,
 139.252613,   35.340991,       44.92,
 139.257117,   35.340991,       44.85,
 139.261622,   35.340991,       44.81,
 139.266126,   35.340991,       44.79,
 139.270631,   35.340991,       44.81,
 139.275135,   35.340991,       44.86,
 139.279640,   35.340991,       44.93,
 139.284144,   35.340991,       45.04,
 139.288649,   35.340991,       45.17,
 139.293153,   35.340991,       45.33,
 139.297658,   35.340991,       44.96,
 139.302162,   35.340991,       44.53,
 139.306667,   35.340991,       44.35,
 139.311171,   35.340991,       44.23,
 139.315676,   35.340991,       44.10,
 139.320180,   35.340991,       43.98,
 139.324685,   35.340991,       43.85,
 139.329189,   35.340991,       43.74,
 139.333694,   35.340991,       43.63,
 139.338198,   35.340991,       43.54,
 139.342703,   35.340991,       43.46,
 139.347207,   35.340991,       43.39,
 139.351712,   35.340991,       43.35,
 139.356216,   35.340991,       43.34,
 139.360721,   35.340991,       43.35,
 139.365225,   35.340991,       43.36,
 139.369730,   35.340991,       43.38,
 139.374234,   35.340991,       43.42,
 139.378739,   35.340991,       43.47,
 139.383243,   35.340991,       43.53,
 139.387748,   35.340991,       43.60,
 139.392252,   35.340991,       43.70,
 139.396757,   35.340991,       43.81,
 139.401261,   35.340991,       43.95,
 139.405766,   35.340991,       44.15,
 139.410270,   35.340991,       44.42,
 139.414775,   35.340991,       44.83,
 139.419279,   35.340991,       45.41,
 139.423784,   35.340991,       46.02,
 139.428288,   35.340991,       46.63,
 139.432793,   35.340991,       47.23,
 139.437297,   35.340991,       47.83,
 139.441802,   35.340991,       48.41,
 139.446306,   35.340991,       48.98,
 139.450811,   35.340991,       49.52,
 139.455315,   35.340991,       50.05,
 139.459820,   35.340991,       50.56,
 139.464324,   35.340991,       51.06,
 139.468829,   35.340991,       51.54,
 139.473333,   35.340991,       52.00,
 139.477838,   35.340991,       52.44,
 139.482342,   35.340991,       52.88,
 139.486847,   35.340991,       53.30,
 139.491351,   35.340991,       53.72,
 139.495856,   35.340991,       54.13,
 139.500360,   35.340991,       54.53,
 139.504865,   35.340991,       54.92,
 139.509369,   35.340991,       55.31,
 139.513874,   35.340991,       55.68,
 139.518378,   35.340991,       56.05,
 139.522883,   35.340991,       56.41,
 139.527387,   35.340991,       56.79,
 139.531892,   35.340991,       57.17,
 139.536396,   35.340991,       57.56,
 139.540901,   35.340991,       57.96,
 139.545405,   35.340991,       58.36,
 139.549910,   35.340991,       58.75,
 139.554414,   35.340991,       59.15,
 139.558919,   35.340991,       59.56,
 139.563423,   35.340991,       59.97,
 139.567928,   35.340991,       60.38,
 139.572432,   35.340991,       60.80,
 139.576937,   35.340991,       61.20,
 139.581441,   35.340991,       61.55,
 139.585946,   35.340991,       61.82,
 139.590450,   35.340991,       61.96,
 139.594955,   35.340991,       61.94,
 139.599459,   35.340991,       61.88,
 139.603964,   35.340991,       61.76,
 139.608468,   35.340991,       61.60,
 139.612973,   35.340991,       61.40,
 139.617477,   35.340991,       61.19,
 139.621982,   35.340991,       61.01,
 139.626486,   35.340991,       60.85,
 139.630991,   35.340991,       60.47,
 139.635495,   35.340991,       59.35,
 139.640000,   35.340991,       56.83,
 139.644505,   35.340991,       55.60,
 139.649009,   35.340991,       55.88,
 139.653514,   35.340991,       56.99,
 139.658018,   35.340991,       57.82,
 139.662523,   35.340991,       57.92,
 139.667027,   35.340991,       58.15,
 139.671532,   35.340991,       58.01,
 139.676036,   35.340991,       57.70,
 139.680541,   35.340991,       57.04,
 139.685045,   35.340991,       56.08,
 139.689550,   35.340991,       54.38,
 139.694054,   35.340991,       52.67,
 139.698559,   35.340991,       51.22,
 139.703063,   35.340991,       50.13,
 139.707568,   35.340991,       49.15,
 139.712072,   35.340991,       48.46,
 139.716577,   35.340991,       48.66,
 139.721081,   35.340991,       48.89,
 139.725586,   35.340991,       49.42,
 139.730090,   35.340991,       50.17,
 139.734595,   35.340991,       50.86,
 139.739099,   35.340991,       51.43,
 139.743604,   35.340991,       51.90,
 139.748108,   35.340991,       52.28,
 139.752613,   35.340991,       52.66,
 139.757117,   35.340991,       53.00,
 139.761622,   35.340991,       53.27,
 139.766126,   35.340991,       53.47,
 139.770631,   35.340991,       53.54,
 139.775135,   35.340991,       53.56,
 139.779640,   35.340991,       53.49,
 139.784144,   35.340991,       53.45,
 139.788649,   35.340991,       53.46,
 139.793153,   35.340991,       53.51,
 139.797658,   35.340991,       53.60,
 139.802162,   35.340991,       53.69,
 139.806667,   35.340991,       53.77,
 139.811171,   35.340991,       53.96,
 139.815676,   35.340991,       54.20,
 139.820180,   35.340991,       54.69,
 139.824685,   35.340991,       55.21,
 139.829189,   35.340991,       55.84,
 139.833694,   35.340991,       55.82,
 139.838198,   35.340991,       55.79,
 139.842703,   35.340991,       56.09,
 139.847207,   35.340991,       56.50,
 139.851712,   35.340991,       56.96,
 139.856216,   35.340991,       57.44,
 139.860721,   35.340991,       57.91,
 139.865225,   35.340991,       58.35,
 139.869730,   35.340991,       58.78,
 139.874234,   35.340991,       59.26,
 139.878739,   35.340991,       59.80,
 139.883243,   35.340991,       60.36,
 139.887748,   35.340991,       60.71,
 139.892252,   35.340991,       60.83,
 139.896757,   35.340991,       60.83,
 139.901261,   35.340991,       60.74,
 139.905766,   35.340991,       60.59,
 139.910270,   35.340991,       60.40,
 139.914775,   35.340991,       60.19,
 139.919279,   35.340991,       59.95,
 139.923784,   35.340991,       59.70,
 139.928288,   35.340991,       59.44,
 139.932793,   35.340991,       59.17,
 139.937297,   35.340991,       58.90,
 139.941802,   35.340991,       58.63,
 139.946306,   35.340991,       58.36,
 139.950811,   35.340991,       58.10,
 139.955315,   35.340991,       57.83,
 139.959820,   35.340991,       57.60,
 139.964324,   35.340991,       57.39,
 139.968829,   35.340991,       57.20,
 139.973333,   35.340991,       57.04,
 139.977838,   35.340991,       56.88,
 139.982342,   35.340991,       56.73,
 139.986847,   35.340991,       56.57,
 139.991351,   35.340991,       56.40,
 139.995856,   35.340991,       56.24,
 140.000360,   35.340991,       56.08,
 140.004865,   35.340991,       55.92,
 140.009369,   35.340991,       55.77,
 140.013874,   35.340991,       55.63,
 140.018378,   35.340991,       55.48,
 140.022883,   35.340991,       55.34,
 140.027387,   35.340991,       55.21,
 140.031892,   35.340991,       55.08,
 140.036396,   35.340991,       54.95,
 140.040901,   35.340991,       54.82,
 140.045405,   35.340991,       54.70,
 140.049910,   35.340991,       54.58,
 140.054414,   35.340991,       54.47,
 140.058919,   35.340991,       54.35,
 140.063423,   35.340991,       54.24,
 140.067928,   35.340991,       54.13,
 140.072432,   35.340991,       54.03,
 140.076937,   35.340991,       53.93,
 140.081441,   35.340991,       53.83,
 140.085946,   35.340991,       53.74,
 140.090450,   35.340991,       53.65,
 140.094955,   35.340991,       53.56,
 140.099459,   35.340991,       53.48,
 140.103964,   35.340991,       53.40,
 140.108468,   35.340991,       53.33,
 140.112973,   35.340991,       53.25,
 140.117477,   35.340991,       53.19,
 140.121982,   35.340991,       53.13,
 140.126486,   35.340991,       53.07,
 140.130991,   35.340991,       53.02,
 140.135495,   35.340991,       52.98,
 140.140000,   35.340991,       52.94,
 140.144505,   35.340991,       52.91,
 140.149009,   35.340991,       52.88,
 140.153514,   35.340991,       52.86,
 140.158018,   35.340991,       52.85,
 140.162523,   35.340991,       52.84,
 140.167027,   35.340991,       52.84,
 140.171532,   35.340991,       52.84,
 140.176036,   35.340991,       52.85,
 140.180541,   35.340991,       52.86,
 140.185045,   35.340991,       52.88,
 140.189550,   35.340991,       52.90,
 140.194054,   35.340991,       52.93,
 140.198559,   35.340991,       52.96,
 140.203063,   35.340991,       52.99,
 140.207568,   35.340991,       53.03,
 140.212072,   35.340991,       53.07,
 140.216577,   35.340991,       53.11,
 140.221081,   35.340991,       53.16,
 140.225586,   35.340991,       53.21,
 140.230090,   35.340991,       53.26,
 140.234595,   35.340991,       53.32,
 140.239099,   35.340991,       53.37,
 140.243604,   35.340991,       53.44,
 140.248108,   35.340991,       53.50,
 140.252613,   35.340991,       53.57,
 140.257117,   35.340991,       53.64,
 140.261622,   35.340991,       53.71,
 140.266126,   35.340991,       53.79,
 140.270631,   35.340991,       53.87,
 140.275135,   35.340991,       53.96,
 140.279640,   35.340991,       54.04,
 140.284144,   35.340991,       54.13,
 140.288649,   35.340991,       54.36,
 140.293153,   35.340991,       54.64,
 140.297658,   35.340991,       54.91,
 140.302162,   35.340991,       55.19,
 140.306667,   35.340991,       55.46,
 140.311171,   35.340991,       55.72,
 140.315676,   35.340991,       55.99,
 140.320180,   35.340991,       56.25,
 140.324685,   35.340991,       56.51,
 140.329189,   35.340991,       56.77,
 140.333694,   35.340991,       57.03,
 140.338198,   35.340991,       57.29,
 140.342703,   35.340991,       57.54,
 140.347207,   35.340991,       57.79,
 140.351712,   35.340991,       58.04,
 140.356216,   35.340991,       58.28,
 140.360721,   35.340991,       58.52,
 140.365225,   35.340991,       58.77,
 140.369730,   35.340991,       59.00,
 140.374234,   35.340991,       59.24,
 140.378739,   35.340991,       59.48,
 140.383243,   35.340991,       59.71,
 140.387748,   35.340991,       59.94,
 139.140000,   35.345495,       55.49,
 139.144505,   35.345495,       54.69,
 139.149009,   35.345495,       53.91,
 139.153514,   35.345495,       53.17,
 139.158018,   35.345495,       52.45,
 139.162523,   35.345495,       51.77,
 139.167027,   35.345495,       51.11,
 139.171532,   35.345495,       50.48,
 139.176036,   35.345495,       49.88,
 139.180541,   35.345495,       49.31,
 139.185045,   35.345495,       48.76,
 139.189550,   35.345495,       48.25,
 139.194054,   35.345495,       47.76,
 139.198559,   35.345495,       47.31,
 139.203063,   35.345495,       46.88,
 139.207568,   35.345495,       46.48,
 139.212072,   35.345495,       46.11,
 139.216577,   35.345495,       45.77,
 139.221081,   35.345495,       45.46,
 139.225586,   35.345495,       45.18,
 139.230090,   35.345495,       44.92,
 139.234595,   35.345495,       44.70,
 139.239099,   35.345495,       44.50,
 139.243604,   35.345495,       44.33,
 139.248108,   35.345495,       44.19,
 139.252613,   35.345495,       44.08,
 139.257117,   35.345495,       44.00,
 139.261622,   35.345495,       43.95,
 139.266126,   35.345495,       43.92,
 139.270631,   35.345495,       43.93,
 139.275135,   35.345495,       43.96,
 139.279640,   35.345495,       44.02,
 139.284144,   35.345495,       44.12,
 139.288649,   35.345495,       44.24,
 139.293153,   35.345495,       44.39,
 139.297658,   35.345495,       44.56,
 139.302162,   35.345495,       44.53,
 139.306667,   35.345495,       44.09,
 139.311171,   35.345495,       43.76,
 139.315676,   35.345495,       43.63,
 139.320180,   35.345495,       43.50,
 139.324685,   35.345495,       43.37,
 139.329189,   35.345495,       43.25,
 139.333694,   35.345495,       43.13,
 139.338198,   35.345495,       43.02,
 139.342703,   35.345495,       42.92,
 139.347207,   35.345495,       42.83,
 139.351712,   35.345495,       42.75,
 139.356216,   35.345495,       42.69,
 139.360721,   35.345495,       42.66,
 139.365225,   35.345495,       42.65,
 139.369730,   35.345495,       42.65,
 139.374234,   35.345495,       42.67,
 139.378739,   35.345495,       42.69,
 139.383243,   35.345495,       42.73,
 139.387748,   35.345495,       42.78,
 139.392252,   35.345495,       42.84,
 139.396757,   35.345495,       42.92,
 139.401261,   35.345495,       43.02,
 139.405766,   35.345495,       43.14,
 139.410270,   35.345495,       43.28,
 139.414775,   35.345495,       43.46,
 139.419279,   35.345495,       43.71,
 139.423784,   35.345495,       44.05,
 139.428288,   35.345495,       44.53,
 139.432793,   35.345495,       45.12,
 139.437297,   35.345495,       45.70,
 139.441802,   35.345495,       46.27,
 139.446306,   35.345495,       46.83,
 139.450811,   35.345495,       47.37,
 139.455315,   35.345495,       47.91,
 139.459820,   35.345495,       48.43,
 139.464324,   35.345495,       48.94,
 139.468829,   35.345495,       49.44,
 139.473333,   35.345495,       49.93,
 139.477838,   35.345495,       50.40,
 139.482342,   35.345495,       50.86,
 139.486847,   35.345495,       51.32,
 139.491351,   35.345495,       51.77,
 139.495856,   35.345495,       52.22,
 139.500360,   35.345495,       52.66,
 139.504865,   35.345495,       53.10,
 139.509369,   35.345495,       53.53,
 139.513874,   35.345495,       53.96,
 139.518378,   35.345495,       54.38,
 139.522883,   35.345495,       54.78,
 139.527387,   35.345495,       55.17,
 139.531892,   35.345495,       55.55,
 139.536396,   35.345495,       55.94,
 139.540901,   35.345495,       56.34,
 139.545405,   35.345495,       56.75,
 139.549910,   35.345495,       57.17,
 139.554414,   35.345495,       57.58,
 139.558919,   35.345495,       58.01,
 139.563423,   35.345495,       58.44,
 139.567928,   35.345495,       58.88,
 139.572432,   35.345495,       59.33,
 139.576937,   35.345495,       59.78,
 139.581441,   35.345495,       60.23,
 139.585946,   35.345495,       60.63,
 139.590450,   35.345495,       60.96,
 139.594955,   35.345495,       61.15,
 139.599459,   35.345495,       61.12,
 139.603964,   35.345495,       61.04,
 139.608468,   35.345495,       60.90,
 139.612973,   35.345495,       60.72,
 139.617477,   35.345495,       60.48,
 139.621982,   35.345495,       60.19,
 139.626486,   35.345495,       59.83,
 139.630991,   35.345495,       59.34,
 139.635495,   35.345495,       58.36,
 139.640000,   35.345495,       58.19,
 139.644505,   35.345495,       57.15,
 139.649009,   35.345495,       57.05,
 139.653514,   35.345495,       58.20,
 139.658018,   35.345495,       58.22,
 139.662523,   35.345495,       57.90,
 139.667027,   35.345495,       57.72,
 139.671532,   35.345495,       57.58,
 139.676036,   35.345495,       57.28,
 139.680541,   35.345495,       56.79,
 139.685045,   35.345495,       55.58,
 139.689550,   35.345495,       54.08,
 139.694054,   35.345495,       52.47,
 139.698559,   35.345495,       51.00,
 139.703063,   35.345495,       49.86,
 139.707568,   35.345495,       49.05,
 139.712072,   35.345495,       48.58,
 139.716577,   35.345495,       48.73,
 139.721081,   35.345495,       49.06,
 139.725586,   35.345495,       49.68,
 139.730090,   35.345495,       50.45,
 139.734595,   35.345495,       51.12,
 139.739099,   35.345495,       51.70,
 139.743604,   35.345495,       52.10,
 139.748108,   35.345495,       52.47,
 139.752613,   35.345495,       52.83,
 139.757117,   35.345495,       53.17,
 139.761622,   35.345495,       53.48,
 139.766126,   35.345495,       53.70,
 139.770631,   35.345495,       53.88,
 139.775135,   35.345495,       53.93,
 139.779640,   35.345495,       53.95,
 139.784144,   35.345495,       53.89,
 139.788649,   35.345495,       53.87,
 139.793153,   35.345495,       53.93,
 139.797658,   35.345495,       53.96,
 139.802162,   35.345495,       54.04,
 139.806667,   35.345495,       54.09,
 139.811171,   35.345495,       54.18,
 139.815676,   35.345495,       54.29,
 139.820180,   35.345495,       54.75,
 139.824685,   35.345495,       55.24,
 139.829189,   35.345495,       55.56,
 139.833694,   35.345495,       55.68,
 139.838198,   35.345495,       55.67,
 139.842703,   35.345495,       55.79,
 139.847207,   35.345495,       56.17,
 139.851712,   35.345495,       56.66,
 139.856216,   35.345495,       57.15,
 139.860721,   35.345495,       57.61,
 139.865225,   35.345495,       58.05,
 139.869730,   35.345495,       58.47,
 139.874234,   35.345495,       58.91,
 139.878739,   35.345495,       59.42,
 139.883243,   35.345495,       59.98,
 139.887748,   35.345495,       60.47,
 139.892252,   35.345495,       60.69,
 139.896757,   35.345495,       60.74,
 139.901261,   35.345495,       60.68,
 139.905766,   35.345495,       60.55,
 139.910270,   35.345495,       60.36,
 139.914775,   35.345495,       60.15,
 139.919279,   35.345495,       59.91,
 139.923784,   35.345495,       59.66,
 139.928288,   35.345495,       59.40,
 139.932793,   35.345495,       59.13,
 139.937297,   35.345495,       58.86,
 139.941802,   35.345495,       58.60,
 139.946306,   35.345495,       58.33,
 139.950811,   35.345495,       58.07,
 139.955315,   35.345495,       57.81,
 139.959820,   35.345495,       57.57,
 139.964324,   35.345495,       57.37,
 139.968829,   35.345495,       57.19,
 139.973333,   35.345495,       57.04,
 139.977838,   35.345495,       56.89,
 139.982342,   35.345495,       56.74,
 139.986847,   35.345495,       56.59,
 139.991351,   35.345495,       56.43,
 139.995856,   35.345495,       56.27,
 140.000360,   35.345495,       56.12,
 140.004865,   35.345495,       55.97,
 140.009369,   35.345495,       55.82,
 140.013874,   35.345495,       55.68,
 140.018378,   35.345495,       55.54,
 140.022883,   35.345495,       55.41,
 140.027387,   35.345495,       55.28,
 140.031892,   35.345495,       55.15,
 140.036396,   35.345495,       55.03,
 140.040901,   35.345495,       54.91,
 140.045405,   35.345495,       54.79,
 140.049910,   35.345495,       54.67,
 140.054414,   35.345495,       54.56,
 140.058919,   35.345495,       54.45,
 140.063423,   35.345495,       54.34,
 140.067928,   35.345495,       54.24,
 140.072432,   35.345495,       54.14,
 140.076937,   35.345495,       54.04,
 140.081441,   35.345495,       53.95,
 140.085946,   35.345495,       53.86,
 140.090450,   35.345495,       53.77,
 140.094955,   35.345495,       53.69,
 140.099459,   35.345495,       53.61,
 140.103964,   35.345495,       53.53,
 140.108468,   35.345495,       53.46,
 140.112973,   35.345495,       53.39,
 140.117477,   35.345495,       53.33,
 140.121982,   35.345495,       53.27,
 140.126486,   35.345495,       53.22,
 140.130991,   35.345495,       53.17,
 140.135495,   35.345495,       53.13,
 140.140000,   35.345495,       53.10,
 140.144505,   35.345495,       53.07,
 140.149009,   35.345495,       53.05,
 140.153514,   35.345495,       53.03,
 140.158018,   35.345495,       53.02,
 140.162523,   35.345495,       53.02,
 140.167027,   35.345495,       53.02,
 140.171532,   35.345495,       53.03,
 140.176036,   35.345495,       53.04,
 140.180541,   35.345495,       53.06,
 140.185045,   35.345495,       53.08,
 140.189550,   35.345495,       53.11,
 140.194054,   35.345495,       53.14,
 140.198559,   35.345495,       53.17,
 140.203063,   35.345495,       53.21,
 140.207568,   35.345495,       53.25,
 140.212072,   35.345495,       53.29,
 140.216577,   35.345495,       53.34,
 140.221081,   35.345495,       53.39,
 140.225586,   35.345495,       53.44,
 140.230090,   35.345495,       53.49,
 140.234595,   35.345495,       53.55,
 140.239099,   35.345495,       53.61,
 140.243604,   35.345495,       53.68,
 140.248108,   35.345495,       53.75,
 140.252613,   35.345495,       53.82,
 140.257117,   35.345495,       53.89,
 140.261622,   35.345495,       53.97,
 140.266126,   35.345495,       54.05,
 140.270631,   35.345495,       54.13,
 140.275135,   35.345495,       54.22,
 140.279640,   35.345495,       54.31,
 140.284144,   35.345495,       54.48,
 140.288649,   35.345495,       54.76,
 140.293153,   35.345495,       55.04,
 140.297658,   35.345495,       55.31,
 140.302162,   35.345495,       55.59,
 140.306667,   35.345495,       55.86,
 140.311171,   35.345495,       56.13,
 140.315676,   35.345495,       56.39,
 140.320180,   35.345495,       56.66,
 140.324685,   35.345495,       56.92,
 140.329189,   35.345495,       57.18,
 140.333694,   35.345495,       57.44,
 140.338198,   35.345495,       57.69,
 140.342703,   35.345495,       57.95,
 140.347207,   35.345495,       58.20,
 140.351712,   35.345495,       58.45,
 140.356216,   35.345495,       58.69,
 140.360721,   35.345495,       58.94,
 140.365225,   35.345495,       59.18,
 140.369730,   35.345495,       59.42,
 140.374234,   35.345495,       59.66,
 140.378739,   35.345495,       59.89,
 140.383243,   35.345495,       60.12,
 140.387748,   35.345495,       60.36,
 139.140000,   35.350000,       54.93,
 139.144505,   35.350000,       54.11,
 139.149009,   35.350000,       53.33,
 139.153514,   35.350000,       52.57,
 139.158018,   35.350000,       51.84,
 139.162523,   35.350000,       51.14,
 139.167027,   35.350000,       50.47,
 139.171532,   35.350000,       49.83,
 139.176036,   35.350000,       49.22,
 139.180541,   35.350000,       48.64,
 139.185045,   35.350000,       48.08,
 139.189550,   35.350000,       47.56,
 139.194054,   35.350000,       47.06,
 139.198559,   35.350000,       46.59,
 139.203063,   35.350000,       46.15,
 139.207568,   35.350000,       45.74,
 139.212072,   35.350000,       45.36,
 139.216577,   35.350000,       45.00,
 139.221081,   35.350000,       44.68,
 139.225586,   35.350000,       44.38,
 139.230090,   35.350000,       44.12,
 139.234595,   35.350000,       43.88,
 139.239099,   35.350000,       43.67,
 139.243604,   35.350000,       43.49,
 139.248108,   35.350000,       43.34,
 139.252613,   35.350000,       43.22,
 139.257117,   35.350000,       43.12,
 139.261622,   35.350000,       43.06,
 139.266126,   35.350000,       43.02,
 139.270631,   35.350000,       43.02,
 139.275135,   35.350000,       43.04,
 139.279640,   35.350000,       43.09,
 139.284144,   35.350000,       43.17,
 139.288649,   35.350000,       43.27,
 139.293153,   35.350000,       43.41,
 139.297658,   35.350000,       43.58,
 139.302162,   35.350000,       43.77,
 139.306667,   35.350000,       44.00,
 139.311171,   35.350000,       43.65,
 139.315676,   35.350000,       43.24,
 139.320180,   35.350000,       43.03,
 139.324685,   35.350000,       42.90,
 139.329189,   35.350000,       42.77,
 139.333694,   35.350000,       42.65,
 139.338198,   35.350000,       42.53,
 139.342703,   35.350000,       42.42,
 139.347207,   35.350000,       42.31,
 139.351712,   35.350000,       42.22,
 139.356216,   35.350000,       42.13,
 139.360721,   35.350000,       42.06,
 139.365225,   35.350000,       42.00,
 139.369730,   35.350000,       41.97,
 139.374234,   35.350000,       41.96,
 139.378739,   35.350000,       41.96,
 139.383243,   35.350000,       41.97,
 139.387748,   35.350000,       42.00,
 139.392252,   35.350000,       42.03,
 139.396757,   35.350000,       42.08,
 139.401261,   35.350000,       42.14,
 139.405766,   35.350000,       42.22,
 139.410270,   35.350000,       42.31,
 139.414775,   35.350000,       42.42,
 139.419279,   35.350000,       42.55,
 139.423784,   35.350000,       42.72,
 139.428288,   35.350000,       42.93,
 139.432793,   35.350000,       43.23,
 139.437297,   35.350000,       43.63,
 139.441802,   35.350000,       44.16,
 139.446306,   35.350000,       44.72,
 139.450811,   35.350000,       45.27,
 139.455315,   35.350000,       45.80,
 139.459820,   35.350000,       46.33,
 139.464324,   35.350000,       46.86,
 139.468829,   35.350000,       47.37,
 139.473333,   35.350000,       47.87,
 139.477838,   35.350000,       48.37,
 139.482342,   35.350000,       48.86,
 139.486847,   35.350000,       49.33,
 139.491351,   35.350000,       49.81,
 139.495856,   35.350000,       50.28,
 139.500360,   35.350000,       50.75,
 139.504865,   35.350000,       51.22,
 139.509369,   35.350000,       51.68,
 139.513874,   35.350000,       52.14,
 139.518378,   35.350000,       52.60,
 139.522883,   35.350000,       53.04,
 139.527387,   35.350000,       53.46,
 139.531892,   35.350000,       53.88,
 139.536396,   35.350000,       54.28,
 139.540901,   35.350000,       54.68,
 139.545405,   35.350000,       55.10,
 139.549910,   35.350000,       55.52,
 139.554414,   35.350000,       55.95,
 139.558919,   35.350000,       56.40,
 139.563423,   35.350000,       56.85,
 139.567928,   35.350000,       57.31,
 139.572432,   35.350000,       57.78,
 139.576937,   35.350000,       58.27,
 139.581441,   35.350000,       58.77,
 139.585946,   35.350000,       59.26,
 139.590450,   35.350000,       59.72,
 139.594955,   35.350000,       60.10,
 139.599459,   35.350000,       60.32,
 139.603964,   35.350000,       60.28,
 139.608468,   35.350000,       60.15,
 139.612973,   35.350000,       59.96,
 139.617477,   35.350000,       59.71,
 139.621982,   35.350000,       59.38,
 139.626486,   35.350000,       58.98,
 139.630991,   35.350000,       58.50,
 139.635495,   35.350000,       57.80,
 139.640000,   35.350000,       58.26,
 139.644505,   35.350000,       59.15,
 139.649009,   35.350000,       59.06,
 139.653514,   35.350000,       59.70,
 139.658018,   35.350000,       59.45,
 139.662523,   35.350000,       57.87,
 139.667027,   35.350000,       57.49,
 139.671532,   35.350000,       57.21,
 139.676036,   35.350000,       56.94,
 139.680541,   35.350000,       56.25,
 139.685045,   35.350000,       55.12,
 139.689550,   35.350000,       53.81,
 139.694054,   35.350000,       52.29,
 139.698559,   35.350000,       50.80,
 139.703063,   35.350000,       49.51,
 139.707568,   35.350000,       49.02,
 139.712072,   35.350000,       48.63,
 139.716577,   35.350000,       48.72,
 139.721081,   35.350000,       49.29,
 139.725586,   35.350000,       49.99,
 139.730090,   35.350000,       50.77,
 139.734595,   35.350000,       51.44,
 139.739099,   35.350000,       52.01,
 139.743604,   35.350000,       52.36,
 139.748108,   35.350000,       52.68,
 139.752613,   35.350000,       53.01,
 139.757117,   35.350000,       53.33,
 139.761622,   35.350000,       53.64,
 139.766126,   35.350000,       53.90,
 139.770631,   35.350000,       54.10,
 139.775135,   35.350000,       54.27,
 139.779640,   35.350000,       54.34,
 139.784144,   35.350000,       54.34,
 139.788649,   35.350000,       54.37,
 139.793153,   35.350000,       54.43,
 139.797658,   35.350000,       54.45,
 139.802162,   35.350000,       54.47,
 139.806667,   35.350000,       54.48,
 139.811171,   35.350000,       54.49,
 139.815676,   35.350000,       54.52,
 139.820180,   35.350000,       54.76,
 139.824685,   35.350000,       54.98,
 139.829189,   35.350000,       55.23,
 139.833694,   35.350000,       55.44,
 139.838198,   35.350000,       55.54,
 139.842703,   35.350000,       55.60,
 139.847207,   35.350000,       55.81,
 139.851712,   35.350000,       56.39,
 139.856216,   35.350000,       56.89,
 139.860721,   35.350000,       57.34,
 139.865225,   35.350000,       57.77,
 139.869730,   35.350000,       58.18,
 139.874234,   35.350000,       58.58,
 139.878739,   35.350000,       59.04,
 139.883243,   35.350000,       59.59,
 139.887748,   35.350000,       60.17,
 139.892252,   35.350000,       60.52,
 139.896757,   35.350000,       60.64,
 139.901261,   35.350000,       60.62,
 139.905766,   35.350000,       60.51,
 139.910270,   35.350000,       60.33,
 139.914775,   35.350000,       60.12,
 139.919279,   35.350000,       59.88,
 139.923784,   35.350000,       59.62,
 139.928288,   35.350000,       59.36,
 139.932793,   35.350000,       59.09,
 139.937297,   35.350000,       58.83,
 139.941802,   35.350000,       58.56,
 139.946306,   35.350000,       58.30,
 139.950811,   35.350000,       58.04,
 139.955315,   35.350000,       57.78,
 139.959820,   35.350000,       57.55,
 139.964324,   35.350000,       57.35,
 139.968829,   35.350000,       57.18,
 139.973333,   35.350000,       57.03,
 139.977838,   35.350000,       56.90,
 139.982342,   35.350000,       56.75,
 139.986847,   35.350000,       56.61,
 139.991351,   35.350000,       56.46,
 139.995856,   35.350000,       56.31,
 140.000360,   35.350000,       56.16,
 140.004865,   35.350000,       56.01,
 140.009369,   35.350000,       55.87,
 140.013874,   35.350000,       55.73,
 140.018378,   35.350000,       55.60,
 140.022883,   35.350000,       55.47,
 140.027387,   35.350000,       55.35,
 140.031892,   35.350000,       55.22,
 140.036396,   35.350000,       55.10,
 140.040901,   35.350000,       54.99,
 140.045405,   35.350000,       54.87,
 140.049910,   35.350000,       54.76,
 140.054414,   35.350000,       54.65,
 140.058919,   35.350000,       54.54,
 140.063423,   35.350000,       54.44,
 140.067928,   35.350000,       54.34,
 140.072432,   35.350000,       54.24,
 140.076937,   35.350000,       54.15,
 140.081441,   35.350000,       54.06,
 140.085946,   35.350000,       53.97,
 140.090450,   35.350000,       53.89,
 140.094955,   35.350000,       53.81,
 140.099459,   35.350000,       53.73,
 140.103964,   35.350000,       53.66,
 140.108468,   35.350000,       53.59,
 140.112973,   35.350000,       53.53,
 140.117477,   35.350000,       53.47,
 140.121982,   35.350000,       53.41,
 140.126486,   35.350000,       53.37,
 140.130991,   35.350000,       53.33,
 140.135495,   35.350000,       53.29,
 140.140000,   35.350000,       53.26,
 140.144505,   35.350000,       53.23,
 140.149009,   35.350000,       53.22,
 140.153514,   35.350000,       53.21,
 140.158018,   35.350000,       53.20,
 140.162523,   35.350000,       53.20,
 140.167027,   35.350000,       53.21,
 140.171532,   35.350000,       53.22,
 140.176036,   35.350000,       53.24,
 140.180541,   35.350000,       53.26,
 140.185045,   35.350000,       53.29,
 140.189550,   35.350000,       53.32,
 140.194054,   35.350000,       53.35,
 140.198559,   35.350000,       53.39,
 140.203063,   35.350000,       53.43,
 140.207568,   35.350000,       53.47,
 140.212072,   35.350000,       53.52,
 140.216577,   35.350000,       53.56,
 140.221081,   35.350000,       53.62,
 140.225586,   35.350000,       53.67,
 140.230090,   35.350000,       53.73,
 140.234595,   35.350000,       53.79,
 140.239099,   35.350000,       53.85,
 140.243604,   35.350000,       53.92,
 140.248108,   35.350000,       53.99,
 140.252613,   35.350000,       54.07,
 140.257117,   35.350000,       54.14,
 140.261622,   35.350000,       54.22,
 140.266126,   35.350000,       54.31,
 140.270631,   35.350000,       54.39,
 140.275135,   35.350000,       54.49,
 140.279640,   35.350000,       54.60,
 140.284144,   35.350000,       54.88,
 140.288649,   35.350000,       55.16,
 140.293153,   35.350000,       55.44,
 140.297658,   35.350000,       55.72,
 140.302162,   35.350000,       55.99,
 140.306667,   35.350000,       56.26,
 140.311171,   35.350000,       56.53,
 140.315676,   35.350000,       56.80,
 140.320180,   35.350000,       57.06,
 140.324685,   35.350000,       57.33,
 140.329189,   35.350000,       57.59,
 140.333694,   35.350000,       57.85,
 140.338198,   35.350000,       58.10,
 140.342703,   35.350000,       58.36,
 140.347207,   35.350000,       58.61,
 140.351712,   35.350000,       58.86,
 140.356216,   35.350000,       59.11,
 140.360721,   35.350000,       59.35,
 140.365225,   35.350000,       59.59,
 140.369730,   35.350000,       59.84,
 140.374234,   35.350000,       60.07,
 140.378739,   35.350000,       60.31,
 140.383243,   35.350000,       60.54,
 140.387748,   35.350000,       60.78,
 139.140000,   35.354505,       54.34,
 139.144505,   35.354505,       53.51,
 139.149009,   35.354505,       52.72,
 139.153514,   35.354505,       51.95,
 139.158018,   35.354505,       51.21,
 139.162523,   35.354505,       50.49,
 139.167027,   35.354505,       49.81,
 139.171532,   35.354505,       49.16,
 139.176036,   35.354505,       48.53,
 139.180541,   35.354505,       47.94,
 139.185045,   35.354505,       47.37,
 139.189550,   35.354505,       46.83,
 139.194054,   35.354505,       46.32,
 139.198559,   35.354505,       45.84,
 139.203063,   35.354505,       45.39,
 139.207568,   35.354505,       44.97,
 139.212072,   35.354505,       44.57,
 139.216577,   35.354505,       44.21,
 139.221081,   35.354505,       43.87,
 139.225586,   35.354505,       43.56,
 139.230090,   35.354505,       43.29,
 139.234595,   35.354505,       43.04,
 139.239099,   35.354505,       42.81,
 139.243604,   35.354505,       42.62,
 139.248108,   35.354505,       42.46,
 139.252613,   35.354505,       42.32,
 139.257117,   35.354505,       42.22,
 139.261622,   35.354505,       42.14,
 139.266126,   35.354505,       42.09,
 139.270631,   35.354505,       42.07,
 139.275135,   35.354505,       42.08,
 139.279640,   35.354505,       42.12,
 139.284144,   35.354505,       42.19,
 139.288649,   35.354505,       42.28,
 139.293153,   35.354505,       42.41,
 139.297658,   35.354505,       42.56,
 139.302162,   35.354505,       42.75,
 139.306667,   35.354505,       42.96,
 139.311171,   35.354505,       43.20,
 139.315676,   35.354505,       43.22,
 139.320180,   35.354505,       42.79,
 139.324685,   35.354505,       42.45,
 139.329189,   35.354505,       42.31,
 139.333694,   35.354505,       42.18,
 139.338198,   35.354505,       42.05,
 139.342703,   35.354505,       41.93,
 139.347207,   35.354505,       41.82,
 139.351712,   35.354505,       41.71,
 139.356216,   35.354505,       41.60,
 139.360721,   35.354505,       41.51,
 139.365225,   35.354505,       41.43,
 139.369730,   35.354505,       41.36,
 139.374234,   35.354505,       41.30,
 139.378739,   35.354505,       41.27,
 139.383243,   35.354505,       41.26,
 139.387748,   35.354505,       41.26,
 139.392252,   35.354505,       41.27,
 139.396757,   35.354505,       41.29,
 139.401261,   35.354505,       41.32,
 139.405766,   35.354505,       41.36,
 139.410270,   35.354505,       41.41,
 139.414775,   35.354505,       41.48,
 139.419279,   35.354505,       41.56,
 139.423784,   35.354505,       41.66,
 139.428288,   35.354505,       41.77,
 139.432793,   35.354505,       41.92,
 139.437297,   35.354505,       42.11,
 139.441802,   35.354505,       42.37,
 139.446306,   35.354505,       42.72,
 139.450811,   35.354505,       43.19,
 139.455315,   35.354505,       43.73,
 139.459820,   35.354505,       44.27,
 139.464324,   35.354505,       44.80,
 139.468829,   35.354505,       45.32,
 139.473333,   35.354505,       45.84,
 139.477838,   35.354505,       46.35,
 139.482342,   35.354505,       46.85,
 139.486847,   35.354505,       47.35,
 139.491351,   35.354505,       47.84,
 139.495856,   35.354505,       48.33,
 139.500360,   35.354505,       48.82,
 139.504865,   35.354505,       49.31,
 139.509369,   35.354505,       49.79,
 139.513874,   35.354505,       50.28,
 139.518378,   35.354505,       50.75,
 139.522883,   35.354505,       51.22,
 139.527387,   35.354505,       51.68,
 139.531892,   35.354505,       52.13,
 139.536396,   35.354505,       52.56,
 139.540901,   35.354505,       52.99,
 139.545405,   35.354505,       53.41,
 139.549910,   35.354505,       53.83,
 139.554414,   35.354505,       54.27,
 139.558919,   35.354505,       54.73,
 139.563423,   35.354505,       55.20,
 139.567928,   35.354505,       55.68,
 139.572432,   35.354505,       56.17,
 139.576937,   35.354505,       56.69,
 139.581441,   35.354505,       57.21,
 139.585946,   35.354505,       57.76,
 139.590450,   35.354505,       58.31,
 139.594955,   35.354505,       58.82,
 139.599459,   35.354505,       59.26,
 139.603964,   35.354505,       59.49,
 139.608468,   35.354505,       59.40,
 139.612973,   35.354505,       59.22,
 139.617477,   35.354505,       58.97,
 139.621982,   35.354505,       58.64,
 139.626486,   35.354505,       58.23,
 139.630991,   35.354505,       57.74,
 139.635495,   35.354505,       57.19,
 139.640000,   35.354505,       57.76,
 139.644505,   35.354505,       59.62,
 139.649009,   35.354505,       60.67,
 139.653514,   35.354505,       61.25,
 139.658018,   35.354505,       61.32,
 139.662523,   35.354505,       58.69,
 139.667027,   35.354505,       57.42,
 139.671532,   35.354505,       57.00,
 139.676036,   35.354505,       56.61,
 139.680541,   35.354505,       55.92,
 139.685045,   35.354505,       54.83,
 139.689550,   35.354505,       53.49,
 139.694054,   35.354505,       52.05,
 139.698559,   35.354505,       50.65,
 139.703063,   35.354505,       49.54,
 139.707568,   35.354505,       48.90,
 139.712072,   35.354505,       48.63,
 139.716577,   35.354505,       48.89,
 139.721081,   35.354505,       49.54,
 139.725586,   35.354505,       50.34,
 139.730090,   35.354505,       51.19,
 139.734595,   35.354505,       51.84,
 139.739099,   35.354505,       52.32,
 139.743604,   35.354505,       52.65,
 139.748108,   35.354505,       52.93,
 139.752613,   35.354505,       53.20,
 139.757117,   35.354505,       53.51,
 139.761622,   35.354505,       53.78,
 139.766126,   35.354505,       54.06,
 139.770631,   35.354505,       54.29,
 139.775135,   35.354505,       54.49,
 139.779640,   35.354505,       54.62,
 139.784144,   35.354505,       54.74,
 139.788649,   35.354505,       54.81,
 139.793153,   35.354505,       54.86,
 139.797658,   35.354505,       54.91,
 139.802162,   35.354505,       54.96,
 139.806667,   35.354505,       54.95,
 139.811171,   35.354505,       54.90,
 139.815676,   35.354505,       54.85,
 139.820180,   35.354505,       54.82,
 139.824685,   35.354505,       54.99,
 139.829189,   35.354505,       55.01,
 139.833694,   35.354505,       55.17,
 139.838198,   35.354505,       55.34,
 139.842703,   35.354505,       55.46,
 139.847207,   35.354505,       55.65,
 139.851712,   35.354505,       56.21,
 139.856216,   35.354505,       56.70,
 139.860721,   35.354505,       57.11,
 139.865225,   35.354505,       57.50,
 139.869730,   35.354505,       57.89,
 139.874234,   35.354505,       58.28,
 139.878739,   35.354505,       58.68,
 139.883243,   35.354505,       59.19,
 139.887748,   35.354505,       59.78,
 139.892252,   35.354505,       60.30,
 139.896757,   35.354505,       60.53,
 139.901261,   35.354505,       60.56,
 139.905766,   35.354505,       60.47,
 139.910270,   35.354505,       60.31,
 139.914775,   35.354505,       60.10,
 139.919279,   35.354505,       59.85,
 139.923784,   35.354505,       59.59,
 139.928288,   35.354505,       59.32,
 139.932793,   35.354505,       59.06,
 139.937297,   35.354505,       58.79,
 139.941802,   35.354505,       58.52,
 139.946306,   35.354505,       58.26,
 139.950811,   35.354505,       58.00,
 139.955315,   35.354505,       57.75,
 139.959820,   35.354505,       57.52,
 139.964324,   35.354505,       57.33,
 139.968829,   35.354505,       57.17,
 139.973333,   35.354505,       57.03,
 139.977838,   35.354505,       56.90,
 139.982342,   35.354505,       56.77,
 139.986847,   35.354505,       56.63,
 139.991351,   35.354505,       56.48,
 139.995856,   35.354505,       56.34,
 140.000360,   35.354505,       56.19,
 140.004865,   35.354505,       56.05,
 140.009369,   35.354505,       55.92,
 140.013874,   35.354505,       55.79,
 140.018378,   35.354505,       55.66,
 140.022883,   35.354505,       55.54,
 140.027387,   35.354505,       55.42,
 140.031892,   35.354505,       55.30,
 140.036396,   35.354505,       55.18,
 140.040901,   35.354505,       55.07,
 140.045405,   35.354505,       54.96,
 140.049910,   35.354505,       54.85,
 140.054414,   35.354505,       54.74,
 140.058919,   35.354505,       54.64,
 140.063423,   35.354505,       54.54,
 140.067928,   35.354505,       54.44,
 140.072432,   35.354505,       54.35,
 140.076937,   35.354505,       54.26,
 140.081441,   35.354505,       54.17,
 140.085946,   35.354505,       54.09,
 140.090450,   35.354505,       54.01,
 140.094955,   35.354505,       53.93,
 140.099459,   35.354505,       53.86,
 140.103964,   35.354505,       53.79,
 140.108468,   35.354505,       53.72,
 140.112973,   35.354505,       53.66,
 140.117477,   35.354505,       53.61,
 140.121982,   35.354505,       53.56,
 140.126486,   35.354505,       53.52,
 140.130991,   35.354505,       53.48,
 140.135495,   35.354505,       53.45,
 140.140000,   35.354505,       53.42,
 140.144505,   35.354505,       53.40,
 140.149009,   35.354505,       53.39,
 140.153514,   35.354505,       53.38,
 140.158018,   35.354505,       53.38,
 140.162523,   35.354505,       53.39,
 140.167027,   35.354505,       53.40,
 140.171532,   35.354505,       53.42,
 140.176036,   35.354505,       53.44,
 140.180541,   35.354505,       53.46,
 140.185045,   35.354505,       53.49,
 140.189550,   35.354505,       53.53,
 140.194054,   35.354505,       53.56,
 140.198559,   35.354505,       53.60,
 140.203063,   35.354505,       53.65,
 140.207568,   35.354505,       53.69,
 140.212072,   35.354505,       53.74,
 140.216577,   35.354505,       53.79,
 140.221081,   35.354505,       53.85,
 140.225586,   35.354505,       53.91,
 140.230090,   35.354505,       53.97,
 140.234595,   35.354505,       54.03,
 140.239099,   35.354505,       54.10,
 140.243604,   35.354505,       54.17,
 140.248108,   35.354505,       54.24,
 140.252613,   35.354505,       54.32,
 140.257117,   35.354505,       54.40,
 140.261622,   35.354505,       54.48,
 140.266126,   35.354505,       54.57,
 140.270631,   35.354505,       54.66,
 140.275135,   35.354505,       54.75,
 140.279640,   35.354505,       55.00,
 140.284144,   35.354505,       55.28,
 140.288649,   35.354505,       55.56,
 140.293153,   35.354505,       55.84,
 140.297658,   35.354505,       56.12,
 140.302162,   35.354505,       56.40,
 140.306667,   35.354505,       56.67,
 140.311171,   35.354505,       56.94,
 140.315676,   35.354505,       57.21,
 140.320180,   35.354505,       57.47,
 140.324685,   35.354505,       57.74,
 140.329189,   35.354505,       58.00,
 140.333694,   35.354505,       58.26,
 140.338198,   35.354505,       58.52,
 140.342703,   35.354505,       58.77,
 140.347207,   35.354505,       59.02,
 140.351712,   35.354505,       59.27,
 140.356216,   35.354505,       59.52,
 140.360721,   35.354505,       59.77,
 140.365225,   35.354505,       60.01,
 140.369730,   35.354505,       60.25,
 140.374234,   35.354505,       60.49,
 140.378739,   35.354505,       60.73,
 140.383243,   35.354505,       60.97,
 140.387748,   35.354505,       61.20,
 139.140000,   35.359009,       53.72,
 139.144505,   35.359009,       52.88,
 139.149009,   35.359009,       52.07,
 139.153514,   35.359009,       51.29,
 139.158018,   35.359009,       50.54,
 139.162523,   35.359009,       49.82,
 139.167027,   35.359009,       49.12,
 139.171532,   35.359009,       48.46,
 139.176036,   35.359009,       47.82,
 139.180541,   35.359009,       47.21,
 139.185045,   35.359009,       46.63,
 139.189550,   35.359009,       46.08,
 139.194054,   35.359009,       45.56,
 139.198559,   35.359009,       45.07,
 139.203063,   35.359009,       44.60,
 139.207568,   35.359009,       44.17,
 139.212072,   35.359009,       43.76,
 139.216577,   35.359009,       43.38,
 139.221081,   35.359009,       43.04,
 139.225586,   35.359009,       42.72,
 139.230090,   35.359009,       42.42,
 139.234595,   35.359009,       42.16,
 139.239099,   35.359009,       41.93,
 139.243604,   35.359009,       41.72,
 139.248108,   35.359009,       41.55,
 139.252613,   35.359009,       41.40,
 139.257117,   35.359009,       41.28,
 139.261622,   35.359009,       41.20,
 139.266126,   35.359009,       41.13,
 139.270631,   35.359009,       41.10,
 139.275135,   35.359009,       41.10,
 139.279640,   35.359009,       41.13,
 139.284144,   35.359009,       41.18,
 139.288649,   35.359009,       41.27,
 139.293153,   35.359009,       41.38,
 139.297658,   35.359009,       41.52,
 139.302162,   35.359009,       41.69,
 139.306667,   35.359009,       41.89,
 139.311171,   35.359009,       42.12,
 139.315676,   35.359009,       42.37,
 139.320180,   35.359009,       42.66,
 139.324685,   35.359009,       42.35,
 139.329189,   35.359009,       41.95,
 139.333694,   35.359009,       41.73,
 139.338198,   35.359009,       41.59,
 139.342703,   35.359009,       41.46,
 139.347207,   35.359009,       41.34,
 139.351712,   35.359009,       41.22,
 139.356216,   35.359009,       41.10,
 139.360721,   35.359009,       41.00,
 139.365225,   35.359009,       40.90,
 139.369730,   35.359009,       40.80,
 139.374234,   35.359009,       40.72,
 139.378739,   35.359009,       40.65,
 139.383243,   35.359009,       40.60,
 139.387748,   35.359009,       40.57,
 139.392252,   35.359009,       40.55,
 139.396757,   35.359009,       40.55,
 139.401261,   35.359009,       40.55,
 139.405766,   35.359009,       40.56,
 139.410270,   35.359009,       40.58,
 139.414775,   35.359009,       40.61,
 139.419279,   35.359009,       40.66,
 139.423784,   35.359009,       40.71,
 139.428288,   35.359009,       40.78,
 139.432793,   35.359009,       40.86,
 139.437297,   35.359009,       40.96,
 139.441802,   35.359009,       41.08,
 139.446306,   35.359009,       41.25,
 139.450811,   35.359009,       41.48,
 139.455315,   35.359009,       41.80,
 139.459820,   35.359009,       42.23,
 139.464324,   35.359009,       42.76,
 139.468829,   35.359009,       43.29,
 139.473333,   35.359009,       43.81,
 139.477838,   35.359009,       44.33,
 139.482342,   35.359009,       44.85,
 139.486847,   35.359009,       45.36,
 139.491351,   35.359009,       45.87,
 139.495856,   35.359009,       46.37,
 139.500360,   35.359009,       46.87,
 139.504865,   35.359009,       47.38,
 139.509369,   35.359009,       47.88,
 139.513874,   35.359009,       48.38,
 139.518378,   35.359009,       48.87,
 139.522883,   35.359009,       49.36,
 139.527387,   35.359009,       49.84,
 139.531892,   35.359009,       50.31,
 139.536396,   35.359009,       50.78,
 139.540901,   35.359009,       51.23,
 139.545405,   35.359009,       51.68,
 139.549910,   35.359009,       52.12,
 139.554414,   35.359009,       52.56,
 139.558919,   35.359009,       53.02,
 139.563423,   35.359009,       53.49,
 139.567928,   35.359009,       53.99,
 139.572432,   35.359009,       54.50,
 139.576937,   35.359009,       55.04,
 139.581441,   35.359009,       55.59,
 139.585946,   35.359009,       56.17,
 139.590450,   35.359009,       56.76,
 139.594955,   35.359009,       57.37,
 139.599459,   35.359009,       57.95,
 139.603964,   35.359009,       58.44,
 139.608468,   35.359009,       58.67,
 139.612973,   35.359009,       58.52,
 139.617477,   35.359009,       58.27,
 139.621982,   35.359009,       57.95,
 139.626486,   35.359009,       57.53,
 139.630991,   35.359009,       57.04,
 139.635495,   35.359009,       56.56,
 139.640000,   35.359009,       57.12,
 139.644505,   35.359009,       59.48,
 139.649009,   35.359009,       61.59,
 139.653514,   35.359009,       62.51,
 139.658018,   35.359009,       60.62,
 139.662523,   35.359009,       58.42,
 139.667027,   35.359009,       57.29,
 139.671532,   35.359009,       56.77,
 139.676036,   35.359009,       56.31,
 139.680541,   35.359009,       55.61,
 139.685045,   35.359009,       54.52,
 139.689550,   35.359009,       53.15,
 139.694054,   35.359009,       51.76,
 139.698559,   35.359009,       50.58,
 139.703063,   35.359009,       49.59,
 139.707568,   35.359009,       48.68,
 139.712072,   35.359009,       48.75,
 139.716577,   35.359009,       49.06,
 139.721081,   35.359009,       49.77,
 139.725586,   35.359009,       50.71,
 139.730090,   35.359009,       51.52,
 139.734595,   35.359009,       52.13,
 139.739099,   35.359009,       52.58,
 139.743604,   35.359009,       52.89,
 139.748108,   35.359009,       53.15,
 139.752613,   35.359009,       53.41,
 139.757117,   35.359009,       53.67,
 139.761622,   35.359009,       53.94,
 139.766126,   35.359009,       54.20,
 139.770631,   35.359009,       54.45,
 139.775135,   35.359009,       54.69,
 139.779640,   35.359009,       54.86,
 139.784144,   35.359009,       55.04,
 139.788649,   35.359009,       55.15,
 139.793153,   35.359009,       55.26,
 139.797658,   35.359009,       55.32,
 139.802162,   35.359009,       55.38,
 139.806667,   35.359009,       55.44,
 139.811171,   35.359009,       55.41,
 139.815676,   35.359009,       55.34,
 139.820180,   35.359009,       55.23,
 139.824685,   35.359009,       55.21,
 139.829189,   35.359009,       55.19,
 139.833694,   35.359009,       55.03,
 139.838198,   35.359009,       55.19,
 139.842703,   35.359009,       55.43,
 139.847207,   35.359009,       56.37,
 139.851712,   35.359009,       57.30,
 139.856216,   35.359009,       56.83,
 139.860721,   35.359009,       57.00,
 139.865225,   35.359009,       57.29,
 139.869730,   35.359009,       57.63,
 139.874234,   35.359009,       58.00,
 139.878739,   35.359009,       58.38,
 139.883243,   35.359009,       58.79,
 139.887748,   35.359009,       59.36,
 139.892252,   35.359009,       59.98,
 139.896757,   35.359009,       60.38,
 139.901261,   35.359009,       60.50,
 139.905766,   35.359009,       60.45,
 139.910270,   35.359009,       60.29,
 139.914775,   35.359009,       60.08,
 139.919279,   35.359009,       59.83,
 139.923784,   35.359009,       59.56,
 139.928288,   35.359009,       59.29,
 139.932793,   35.359009,       59.02,
 139.937297,   35.359009,       58.75,
 139.941802,   35.359009,       58.49,
 139.946306,   35.359009,       58.23,
 139.950811,   35.359009,       57.97,
 139.955315,   35.359009,       57.72,
 139.959820,   35.359009,       57.49,
 139.964324,   35.359009,       57.31,
 139.968829,   35.359009,       57.15,
 139.973333,   35.359009,       57.02,
 139.977838,   35.359009,       56.90,
 139.982342,   35.359009,       56.78,
 139.986847,   35.359009,       56.65,
 139.991351,   35.359009,       56.51,
 139.995856,   35.359009,       56.37,
 140.000360,   35.359009,       56.23,
 140.004865,   35.359009,       56.10,
 140.009369,   35.359009,       55.97,
 140.013874,   35.359009,       55.84,
 140.018378,   35.359009,       55.72,
 140.022883,   35.359009,       55.60,
 140.027387,   35.359009,       55.48,
 140.031892,   35.359009,       55.37,
 140.036396,   35.359009,       55.26,
 140.040901,   35.359009,       55.15,
 140.045405,   35.359009,       55.04,
 140.049910,   35.359009,       54.94,
 140.054414,   35.359009,       54.84,
 140.058919,   35.359009,       54.74,
 140.063423,   35.359009,       54.64,
 140.067928,   35.359009,       54.55,
 140.072432,   35.359009,       54.46,
 140.076937,   35.359009,       54.37,
 140.081441,   35.359009,       54.29,
 140.085946,   35.359009,       54.21,
 140.090450,   35.359009,       54.13,
 140.094955,   35.359009,       54.06,
 140.099459,   35.359009,       53.99,
 140.103964,   35.359009,       53.92,
 140.108468,   35.359009,       53.86,
 140.112973,   35.359009,       53.80,
 140.117477,   35.359009,       53.75,
 140.121982,   35.359009,       53.71,
 140.126486,   35.359009,       53.67,
 140.130991,   35.359009,       53.63,
 140.135495,   35.359009,       53.60,
 140.140000,   35.359009,       53.58,
 140.144505,   35.359009,       53.57,
 140.149009,   35.359009,       53.56,
 140.153514,   35.359009,       53.56,
 140.158018,   35.359009,       53.57,
 140.162523,   35.359009,       53.58,
 140.167027,   35.359009,       53.59,
 140.171532,   35.359009,       53.62,
 140.176036,   35.359009,       53.64,
 140.180541,   35.359009,       53.67,
 140.185045,   35.359009,       53.70,
 140.189550,   35.359009,       53.74,
 140.194054,   35.359009,       53.78,
 140.198559,   35.359009,       53.82,
 140.203063,   35.359009,       53.87,
 140.207568,   35.359009,       53.92,
 140.212072,   35.359009,       53.97,
 140.216577,   35.359009,       54.02,
 140.221081,   35.359009,       54.08,
 140.225586,   35.359009,       54.14,
 140.230090,   35.359009,       54.21,
 140.234595,   35.359009,       54.27,
 140.239099,   35.359009,       54.34,
 140.243604,   35.359009,       54.42,
 140.248108,   35.359009,       54.49,
 140.252613,   35.359009,       54.57,
 140.257117,   35.359009,       54.66,
 140.261622,   35.359009,       54.75,
 140.266126,   35.359009,       54.84,
 140.270631,   35.359009,       54.93,
 140.275135,   35.359009,       55.11,
 140.279640,   35.359009,       55.40,
 140.284144,   35.359009,       55.68,
 140.288649,   35.359009,       55.97,
 140.293153,   35.359009,       56.25,
 140.297658,   35.359009,       56.53,
 140.302162,   35.359009,       56.80,
 140.306667,   35.359009,       57.08,
 140.311171,   35.359009,       57.35,
 140.315676,   35.359009,       57.62,
 140.320180,   35.359009,       57.88,
 140.324685,   35.359009,       58.15,
 140.329189,   35.359009,       58.41,
 140.333694,   35.359009,       58.67,
 140.338198,   35.359009,       58.93,
 140.342703,   35.359009,       59.19,
 140.347207,   35.359009,       59.44,
 140.351712,   35.359009,       59.69,
 140.356216,   35.359009,       59.94,
 140.360721,   35.359009,       60.19,
 140.365225,   35.359009,       60.43,
 140.369730,   35.359009,       60.67,
 140.374234,   35.359009,       60.92,
 140.378739,   35.359009,       61.15,
 140.383243,   35.359009,       61.39,
 140.387748,   35.359009,       61.62,
 139.140000,   35.363514,       53.08,
 139.144505,   35.363514,       52.22,
 139.149009,   35.363514,       51.40,
 139.153514,   35.363514,       50.61,
 139.158018,   35.363514,       49.84,
 139.162523,   35.363514,       49.11,
 139.167027,   35.363514,       48.40,
 139.171532,   35.363514,       47.72,
 139.176036,   35.363514,       47.08,
 139.180541,   35.363514,       46.45,
 139.185045,   35.363514,       45.86,
 139.189550,   35.363514,       45.30,
 139.194054,   35.363514,       44.77,
 139.198559,   35.363514,       44.26,
 139.203063,   35.363514,       43.79,
 139.207568,   35.363514,       43.34,
 139.212072,   35.363514,       42.92,
 139.216577,   35.363514,       42.53,
 139.221081,   35.363514,       42.17,
 139.225586,   35.363514,       41.84,
 139.230090,   35.363514,       41.53,
 139.234595,   35.363514,       41.26,
 139.239099,   35.363514,       41.02,
 139.243604,   35.363514,       40.80,
 139.248108,   35.363514,       40.61,
 139.252613,   35.363514,       40.45,
 139.257117,   35.363514,       40.32,
 139.261622,   35.363514,       40.22,
 139.266126,   35.363514,       40.15,
 139.270631,   35.363514,       40.10,
 139.275135,   35.363514,       40.09,
 139.279640,   35.363514,       40.10,
 139.284144,   35.363514,       40.15,
 139.288649,   35.363514,       40.22,
 139.293153,   35.363514,       40.32,
 139.297658,   35.363514,       40.45,
 139.302162,   35.363514,       40.61,
 139.306667,   35.363514,       40.79,
 139.311171,   35.363514,       41.01,
 139.315676,   35.363514,       41.25,
 139.320180,   35.363514,       41.53,
 139.324685,   35.363514,       41.83,
 139.329189,   35.363514,       41.91,
 139.333694,   35.363514,       41.50,
 139.338198,   35.363514,       41.15,
 139.342703,   35.363514,       41.01,
 139.347207,   35.363514,       40.87,
 139.351712,   35.363514,       40.74,
 139.356216,   35.363514,       40.62,
 139.360721,   35.363514,       40.50,
 139.365225,   35.363514,       40.39,
 139.369730,   35.363514,       40.28,
 139.374234,   35.363514,       40.18,
 139.378739,   35.363514,       40.09,
 139.383243,   35.363514,       40.01,
 139.387748,   35.363514,       39.94,
 139.392252,   35.363514,       39.89,
 139.396757,   35.363514,       39.85,
 139.401261,   35.363514,       39.83,
 139.405766,   35.363514,       39.82,
 139.410270,   35.363514,       39.81,
 139.414775,   35.363514,       39.82,
 139.419279,   35.363514,       39.83,
 139.423784,   35.363514,       39.84,
 139.428288,   35.363514,       39.87,
 139.432793,   35.363514,       39.91,
 139.437297,   35.363514,       39.96,
 139.441802,   35.363514,       40.03,
 139.446306,   35.363514,       40.11,
 139.450811,   35.363514,       40.22,
 139.455315,   35.363514,       40.37,
 139.459820,   35.363514,       40.58,
 139.464324,   35.363514,       40.87,
 139.468829,   35.363514,       41.28,
 139.473333,   35.363514,       41.79,
 139.477838,   35.363514,       42.32,
 139.482342,   35.363514,       42.85,
 139.486847,   35.363514,       43.37,
 139.491351,   35.363514,       43.89,
 139.495856,   35.363514,       44.41,
 139.500360,   35.363514,       44.92,
 139.504865,   35.363514,       45.43,
 139.509369,   35.363514,       45.94,
 139.513874,   35.363514,       46.46,
 139.518378,   35.363514,       46.96,
 139.522883,   35.363514,       47.46,
 139.527387,   35.363514,       47.96,
 139.531892,   35.363514,       48.45,
 139.536396,   35.363514,       48.94,
 139.540901,   35.363514,       49.42,
 139.545405,   35.363514,       49.89,
 139.549910,   35.363514,       50.36,
 139.554414,   35.363514,       50.82,
 139.558919,   35.363514,       51.28,
 139.563423,   35.363514,       51.75,
 139.567928,   35.363514,       52.25,
 139.572432,   35.363514,       52.78,
 139.576937,   35.363514,       53.33,
 139.581441,   35.363514,       53.90,
 139.585946,   35.363514,       54.50,
 139.590450,   35.363514,       55.13,
 139.594955,   35.363514,       55.79,
 139.599459,   35.363514,       56.48,
 139.603964,   35.363514,       57.13,
 139.608468,   35.363514,       57.68,
 139.612973,   35.363514,       57.85,
 139.617477,   35.363514,       57.62,
 139.621982,   35.363514,       57.30,
 139.626486,   35.363514,       56.87,
 139.630991,   35.363514,       56.35,
 139.635495,   35.363514,       55.88,
 139.640000,   35.363514,       56.36,
 139.644505,   35.363514,       58.92,
 139.649009,   35.363514,       61.78,
 139.653514,   35.363514,       61.69,
 139.658018,   35.363514,       59.26,
 139.662523,   35.363514,       57.90,
 139.667027,   35.363514,       57.11,
 139.671532,   35.363514,       56.48,
 139.676036,   35.363514,       56.04,
 139.680541,   35.363514,       55.24,
 139.685045,   35.363514,       54.21,
 139.689550,   35.363514,       52.87,
 139.694054,   35.363514,       51.57,
 139.698559,   35.363514,       50.51,
 139.703063,   35.363514,       49.52,
 139.707568,   35.363514,       48.78,
 139.712072,   35.363514,       48.77,
 139.716577,   35.363514,       49.21,
 139.721081,   35.363514,       50.05,
 139.725586,   35.363514,       50.97,
 139.730090,   35.363514,       51.79,
 139.734595,   35.363514,       52.38,
 139.739099,   35.363514,       52.78,
 139.743604,   35.363514,       53.07,
 139.748108,   35.363514,       53.33,
 139.752613,   35.363514,       53.55,
 139.757117,   35.363514,       53.79,
 139.761622,   35.363514,       54.06,
 139.766126,   35.363514,       54.34,
 139.770631,   35.363514,       54.60,
 139.775135,   35.363514,       54.84,
 139.779640,   35.363514,       55.05,
 139.784144,   35.363514,       55.24,
 139.788649,   35.363514,       55.39,
 139.793153,   35.363514,       55.52,
 139.797658,   35.363514,       55.66,
 139.802162,   35.363514,       55.75,
 139.806667,   35.363514,       55.82,
 139.811171,   35.363514,       55.83,
 139.815676,   35.363514,       55.84,
 139.820180,   35.363514,       55.79,
 139.824685,   35.363514,       55.73,
 139.829189,   35.363514,       55.68,
 139.833694,   35.363514,       55.56,
 139.838198,   35.363514,       55.53,
 139.842703,   35.363514,       55.84,
 139.847207,   35.363514,       56.87,
 139.851712,   35.363514,       57.68,
 139.856216,   35.363514,       57.62,
 139.860721,   35.363514,       57.32,
 139.865225,   35.363514,       57.28,
 139.869730,   35.363514,       57.46,
 139.874234,   35.363514,       57.72,
 139.878739,   35.363514,       58.09,
 139.883243,   35.363514,       58.47,
 139.887748,   35.363514,       58.92,
 139.892252,   35.363514,       59.55,
 139.896757,   35.363514,       60.16,
 139.901261,   35.363514,       60.41,
 139.905766,   35.363514,       60.43,
 139.910270,   35.363514,       60.29,
 139.914775,   35.363514,       60.07,
 139.919279,   35.363514,       59.81,
 139.923784,   35.363514,       59.53,
 139.928288,   35.363514,       59.26,
 139.932793,   35.363514,       58.98,
 139.937297,   35.363514,       58.72,
 139.941802,   35.363514,       58.45,
 139.946306,   35.363514,       58.19,
 139.950811,   35.363514,       57.94,
 139.955315,   35.363514,       57.69,
 139.959820,   35.363514,       57.46,
 139.964324,   35.363514,       57.28,
 139.968829,   35.363514,       57.13,
 139.973333,   35.363514,       57.01,
 139.977838,   35.363514,       56.90,
 139.982342,   35.363514,       56.79,
 139.986847,   35.363514,       56.66,
 139.991351,   35.363514,       56.53,
 139.995856,   35.363514,       56.40,
 140.000360,   35.363514,       56.27,
 140.004865,   35.363514,       56.14,
 140.009369,   35.363514,       56.02,
 140.013874,   35.363514,       55.90,
 140.018378,   35.363514,       55.78,
 140.022883,   35.363514,       55.66,
 140.027387,   35.363514,       55.55,
 140.031892,   35.363514,       55.44,
 140.036396,   35.363514,       55.33,
 140.040901,   35.363514,       55.23,
 140.045405,   35.363514,       55.13,
 140.049910,   35.363514,       55.03,
 140.054414,   35.363514,       54.93,
 140.058919,   35.363514,       54.83,
 140.063423,   35.363514,       54.74,
 140.067928,   35.363514,       54.65,
 140.072432,   35.363514,       54.57,
 140.076937,   35.363514,       54.48,
 140.081441,   35.363514,       54.40,
 140.085946,   35.363514,       54.33,
 140.090450,   35.363514,       54.25,
 140.094955,   35.363514,       54.18,
 140.099459,   35.363514,       54.11,
 140.103964,   35.363514,       54.05,
 140.108468,   35.363514,       53.99,
 140.112973,   35.363514,       53.94,
 140.117477,   35.363514,       53.89,
 140.121982,   35.363514,       53.85,
 140.126486,   35.363514,       53.82,
 140.130991,   35.363514,       53.79,
 140.135495,   35.363514,       53.76,
 140.140000,   35.363514,       53.75,
 140.144505,   35.363514,       53.74,
 140.149009,   35.363514,       53.74,
 140.153514,   35.363514,       53.74,
 140.158018,   35.363514,       53.75,
 140.162523,   35.363514,       53.77,
 140.167027,   35.363514,       53.79,
 140.171532,   35.363514,       53.81,
 140.176036,   35.363514,       53.84,
 140.180541,   35.363514,       53.88,
 140.185045,   35.363514,       53.91,
 140.189550,   35.363514,       53.95,
 140.194054,   35.363514,       54.00,
 140.198559,   35.363514,       54.04,
 140.203063,   35.363514,       54.09,
 140.207568,   35.363514,       54.14,
 140.212072,   35.363514,       54.20,
 140.216577,   35.363514,       54.25,
 140.221081,   35.363514,       54.32,
 140.225586,   35.363514,       54.38,
 140.230090,   35.363514,       54.45,
 140.234595,   35.363514,       54.52,
 140.239099,   35.363514,       54.59,
 140.243604,   35.363514,       54.67,
 140.248108,   35.363514,       54.75,
 140.252613,   35.363514,       54.83,
 140.257117,   35.363514,       54.92,
 140.261622,   35.363514,       55.01,
 140.266126,   35.363514,       55.10,
 140.270631,   35.363514,       55.23,
 140.275135,   35.363514,       55.52,
 140.279640,   35.363514,       55.81,
 140.284144,   35.363514,       56.09,
 140.288649,   35.363514,       56.37,
 140.293153,   35.363514,       56.66,
 140.297658,   35.363514,       56.94,
 140.302162,   35.363514,       57.21,
 140.306667,   35.363514,       57.49,
 140.311171,   35.363514,       57.76,
 140.315676,   35.363514,       58.03,
 140.320180,   35.363514,       58.30,
 140.324685,   35.363514,       58.56,
 140.329189,   35.363514,       58.83,
 140.333694,   35.363514,       59.09,
 140.338198,   35.363514,       59.35,
 140.342703,   35.363514,       59.60,
 140.347207,   35.363514,       59.86,
 140.351712,   35.363514,       60.11,
 140.356216,   35.363514,       60.36,
 140.360721,   35.363514,       60.61,
 140.365225,   35.363514,       60.85,
 140.369730,   35.363514,       61.10,
 140.374234,   35.363514,       61.34,
 140.378739,   35.363514,       61.58,
 140.383243,   35.363514,       61.81,
 140.387748,   35.363514,       62.05,
 139.140000,   35.368018,       52.40,
 139.144505,   35.368018,       51.54,
 139.149009,   35.368018,       50.70,
 139.153514,   35.368018,       49.90,
 139.158018,   35.368018,       49.12,
 139.162523,   35.368018,       48.37,
 139.167027,   35.368018,       47.65,
 139.171532,   35.368018,       46.96,
 139.176036,   35.368018,       46.30,
 139.180541,   35.368018,       45.67,
 139.185045,   35.368018,       45.07,
 139.189550,   35.368018,       44.49,
 139.194054,   35.368018,       43.95,
 139.198559,   35.368018,       43.43,
 139.203063,   35.368018,       42.94,
 139.207568,   35.368018,       42.48,
 139.212072,   35.368018,       42.05,
 139.216577,   35.368018,       41.65,
 139.221081,   35.368018,       41.28,
 139.225586,   35.368018,       40.93,
 139.230090,   35.368018,       40.62,
 139.234595,   35.368018,       40.33,
 139.239099,   35.368018,       40.07,
 139.243604,   35.368018,       39.84,
 139.248108,   35.368018,       39.64,
 139.252613,   35.368018,       39.47,
 139.257117,   35.368018,       39.33,
 139.261622,   35.368018,       39.22,
 139.266126,   35.368018,       39.13,
 139.270631,   35.368018,       39.08,
 139.275135,   35.368018,       39.05,
 139.279640,   35.368018,       39.05,
 139.284144,   35.368018,       39.08,
 139.288649,   35.368018,       39.14,
 139.293153,   35.368018,       39.23,
 139.297658,   35.368018,       39.35,
 139.302162,   35.368018,       39.49,
 139.306667,   35.368018,       39.67,
 139.311171,   35.368018,       39.87,
 139.315676,   35.368018,       40.10,
 139.320180,   35.368018,       40.36,
 139.324685,   35.368018,       40.65,
 139.329189,   35.368018,       40.97,
 139.333694,   35.368018,       41.32,
 139.338198,   35.368018,       41.05,
 139.342703,   35.368018,       40.66,
 139.347207,   35.368018,       40.42,
 139.351712,   35.368018,       40.28,
 139.356216,   35.368018,       40.15,
 139.360721,   35.368018,       40.02,
 139.365225,   35.368018,       39.90,
 139.369730,   35.368018,       39.78,
 139.374234,   35.368018,       39.67,
 139.378739,   35.368018,       39.56,
 139.383243,   35.368018,       39.46,
 139.387748,   35.368018,       39.37,
 139.392252,   35.368018,       39.29,
 139.396757,   35.368018,       39.22,
 139.401261,   35.368018,       39.16,
 139.405766,   35.368018,       39.12,
 139.410270,   35.368018,       39.09,
 139.414775,   35.368018,       39.07,
 139.419279,   35.368018,       39.06,
 139.423784,   35.368018,       39.05,
 139.428288,   35.368018,       39.05,
 139.432793,   35.368018,       39.05,
 139.437297,   35.368018,       39.07,
 139.441802,   35.368018,       39.09,
 139.446306,   35.368018,       39.13,
 139.450811,   35.368018,       39.18,
 139.455315,   35.368018,       39.25,
 139.459820,   35.368018,       39.34,
 139.464324,   35.368018,       39.47,
 139.468829,   35.368018,       39.67,
 139.473333,   35.368018,       39.95,
 139.477838,   35.368018,       40.34,
 139.482342,   35.368018,       40.85,
 139.486847,   35.368018,       41.38,
 139.491351,   35.368018,       41.91,
 139.495856,   35.368018,       42.43,
 139.500360,   35.368018,       42.96,
 139.504865,   35.368018,       43.48,
 139.509369,   35.368018,       44.00,
 139.513874,   35.368018,       44.52,
 139.518378,   35.368018,       45.04,
 139.522883,   35.368018,       45.55,
 139.527387,   35.368018,       46.06,
 139.531892,   35.368018,       46.56,
 139.536396,   35.368018,       47.06,
 139.540901,   35.368018,       47.56,
 139.545405,   35.368018,       48.05,
 139.549910,   35.368018,       48.54,
 139.554414,   35.368018,       49.03,
 139.558919,   35.368018,       49.51,
 139.563423,   35.368018,       49.99,
 139.567928,   35.368018,       50.49,
 139.572432,   35.368018,       51.01,
 139.576937,   35.368018,       51.57,
 139.581441,   35.368018,       52.16,
 139.585946,   35.368018,       52.78,
 139.590450,   35.368018,       53.43,
 139.594955,   35.368018,       54.13,
 139.599459,   35.368018,       54.86,
 139.603964,   35.368018,       55.64,
 139.608468,   35.368018,       56.38,
 139.612973,   35.368018,       56.97,
 139.617477,   35.368018,       57.00,
 139.621982,   35.368018,       56.67,
 139.626486,   35.368018,       56.24,
 139.630991,   35.368018,       55.68,
 139.635495,   35.368018,       55.15,
 139.640000,   35.368018,       55.47,
 139.644505,   35.368018,       57.96,
 139.649009,   35.368018,       60.95,
 139.653514,   35.368018,       60.95,
 139.658018,   35.368018,       58.02,
 139.662523,   35.368018,       57.34,
 139.667027,   35.368018,       56.81,
 139.671532,   35.368018,       56.25,
 139.676036,   35.368018,       55.64,
 139.680541,   35.368018,       54.85,
 139.685045,   35.368018,       53.89,
 139.689550,   35.368018,       52.65,
 139.694054,   35.368018,       51.42,
 139.698559,   35.368018,       50.37,
 139.703063,   35.368018,       49.38,
 139.707568,   35.368018,       48.93,
 139.712072,   35.368018,       48.97,
 139.716577,   35.368018,       49.42,
 139.721081,   35.368018,       50.29,
 139.725586,   35.368018,       51.19,
 139.730090,   35.368018,       52.04,
 139.734595,   35.368018,       52.55,
 139.739099,   35.368018,       52.96,
 139.743604,   35.368018,       53.19,
 139.748108,   35.368018,       53.42,
 139.752613,   35.368018,       53.65,
 139.757117,   35.368018,       53.90,
 139.761622,   35.368018,       54.16,
 139.766126,   35.368018,       54.43,
 139.770631,   35.368018,       54.69,
 139.775135,   35.368018,       54.94,
 139.779640,   35.368018,       55.18,
 139.784144,   35.368018,       55.37,
 139.788649,   35.368018,       55.56,
 139.793153,   35.368018,       55.74,
 139.797658,   35.368018,       55.88,
 139.802162,   35.368018,       56.00,
 139.806667,   35.368018,       56.11,
 139.811171,   35.368018,       56.20,
 139.815676,   35.368018,       56.23,
 139.820180,   35.368018,       56.29,
 139.824685,   35.368018,       56.27,
 139.829189,   35.368018,       56.21,
 139.833694,   35.368018,       56.09,
 139.838198,   35.368018,       56.10,
 139.842703,   35.368018,       56.36,
 139.847207,   35.368018,       56.83,
 139.851712,   35.368018,       57.24,
 139.856216,   35.368018,       57.34,
 139.860721,   35.368018,       57.33,
 139.865225,   35.368018,       57.38,
 139.869730,   35.368018,       57.46,
 139.874234,   35.368018,       57.59,
 139.878739,   35.368018,       57.73,
 139.883243,   35.368018,       58.33,
 139.887748,   35.368018,       58.58,
 139.892252,   35.368018,       59.05,
 139.896757,   35.368018,       59.75,
 139.901261,   35.368018,       60.29,
 139.905766,   35.368018,       60.41,
 139.910270,   35.368018,       60.30,
 139.914775,   35.368018,       60.08,
 139.919279,   35.368018,       59.80,
 139.923784,   35.368018,       59.51,
 139.928288,   35.368018,       59.23,
 139.932793,   35.368018,       58.95,
 139.937297,   35.368018,       58.68,
 139.941802,   35.368018,       58.41,
 139.946306,   35.368018,       58.16,
 139.950811,   35.368018,       57.90,
 139.955315,   35.368018,       57.66,
 139.959820,   35.368018,       57.43,
 139.964324,   35.368018,       57.25,
 139.968829,   35.368018,       57.11,
 139.973333,   35.368018,       57.00,
 139.977838,   35.368018,       56.90,
 139.982342,   35.368018,       56.79,
 139.986847,   35.368018,       56.68,
 139.991351,   35.368018,       56.56,
 139.995856,   35.368018,       56.43,
 140.000360,   35.368018,       56.30,
 140.004865,   35.368018,       56.18,
 140.009369,   35.368018,       56.07,
 140.013874,   35.368018,       55.95,
 140.018378,   35.368018,       55.84,
 140.022883,   35.368018,       55.73,
 140.027387,   35.368018,       55.62,
 140.031892,   35.368018,       55.51,
 140.036396,   35.368018,       55.41,
 140.040901,   35.368018,       55.31,
 140.045405,   35.368018,       55.21,
 140.049910,   35.368018,       55.12,
 140.054414,   35.368018,       55.02,
 140.058919,   35.368018,       54.93,
 140.063423,   35.368018,       54.84,
 140.067928,   35.368018,       54.76,
 140.072432,   35.368018,       54.67,
 140.076937,   35.368018,       54.59,
 140.081441,   35.368018,       54.52,
 140.085946,   35.368018,       54.44,
 140.090450,   35.368018,       54.37,
 140.094955,   35.368018,       54.31,
 140.099459,   35.368018,       54.24,
 140.103964,   35.368018,       54.18,
 140.108468,   35.368018,       54.13,
 140.112973,   35.368018,       54.08,
 140.117477,   35.368018,       54.04,
 140.121982,   35.368018,       54.00,
 140.126486,   35.368018,       53.97,
 140.130991,   35.368018,       53.94,
 140.135495,   35.368018,       53.93,
 140.140000,   35.368018,       53.92,
 140.144505,   35.368018,       53.91,
 140.149009,   35.368018,       53.92,
 140.153514,   35.368018,       53.93,
 140.158018,   35.368018,       53.94,
 140.162523,   35.368018,       53.96,
 140.167027,   35.368018,       53.99,
 140.171532,   35.368018,       54.02,
 140.176036,   35.368018,       54.05,
 140.180541,   35.368018,       54.08,
 140.185045,   35.368018,       54.12,
 140.189550,   35.368018,       54.17,
 140.194054,   35.368018,       54.21,
 140.198559,   35.368018,       54.26,
 140.203063,   35.368018,       54.31,
 140.207568,   35.368018,       54.37,
 140.212072,   35.368018,       54.43,
 140.216577,   35.368018,       54.49,
 140.221081,   35.368018,       54.55,
 140.225586,   35.368018,       54.62,
 140.230090,   35.368018,       54.69,
 140.234595,   35.368018,       54.77,
 140.239099,   35.368018,       54.84,
 140.243604,   35.368018,       54.92,
 140.248108,   35.368018,       55.01,
 140.252613,   35.368018,       55.09,
 140.257117,   35.368018,       55.18,
 140.261622,   35.368018,       55.28,
 140.266126,   35.368018,       55.37,
 140.270631,   35.368018,       55.63,
 140.275135,   35.368018,       55.92,
 140.279640,   35.368018,       56.21,
 140.284144,   35.368018,       56.50,
 140.288649,   35.368018,       56.78,
 140.293153,   35.368018,       57.07,
 140.297658,   35.368018,       57.35,
 140.302162,   35.368018,       57.62,
 140.306667,   35.368018,       57.90,
 140.311171,   35.368018,       58.17,
 140.315676,   35.368018,       58.45,
 140.320180,   35.368018,       58.71,
 140.324685,   35.368018,       58.98,
 140.329189,   35.368018,       59.24,
 140.333694,   35.368018,       59.51,
 140.338198,   35.368018,       59.77,
 140.342703,   35.368018,       60.02,
 140.347207,   35.368018,       60.28,
 140.351712,   35.368018,       60.53,
 140.356216,   35.368018,       60.78,
 140.360721,   35.368018,       61.03,
 140.365225,   35.368018,       61.28,
 140.369730,   35.368018,       61.52,
 140.374234,   35.368018,       61.77,
 140.378739,   35.368018,       62.00,
 140.383243,   35.368018,       62.24,
 140.387748,   35.368018,       62.48,
 139.140000,   35.372523,       51.70,
 139.144505,   35.372523,       50.82,
 139.149009,   35.372523,       49.97,
 139.153514,   35.372523,       49.16,
 139.158018,   35.372523,       48.37,
 139.162523,   35.372523,       47.61,
 139.167027,   35.372523,       46.88,
 139.171532,   35.372523,       46.17,
 139.176036,   35.372523,       45.50,
 139.180541,   35.372523,       44.86,
 139.185045,   35.372523,       44.24,
 139.189550,   35.372523,       43.65,
 139.194054,   35.372523,       43.10,
 139.198559,   35.372523,       42.57,
 139.203063,   35.372523,       42.07,
 139.207568,   35.372523,       41.59,
 139.212072,   35.372523,       41.15,
 139.216577,   35.372523,       40.74,
 139.221081,   35.372523,       40.35,
 139.225586,   35.372523,       40.00,
 139.230090,   35.372523,       39.67,
 139.234595,   35.372523,       39.37,
 139.239099,   35.372523,       39.10,
 139.243604,   35.372523,       38.86,
 139.248108,   35.372523,       38.65,
 139.252613,   35.372523,       38.46,
 139.257117,   35.372523,       38.31,
 139.261622,   35.372523,       38.18,
 139.266126,   35.372523,       38.09,
 139.270631,   35.372523,       38.02,
 139.275135,   35.372523,       37.98,
 139.279640,   35.372523,       37.97,
 139.284144,   35.372523,       37.99,
 139.288649,   35.372523,       38.04,
 139.293153,   35.372523,       38.11,
 139.297658,   35.372523,       38.22,
 139.302162,   35.372523,       38.35,
 139.306667,   35.372523,       38.51,
 139.311171,   35.372523,       38.70,
 139.315676,   35.372523,       38.92,
 139.320180,   35.372523,       39.17,
 139.324685,   35.372523,       39.45,
 139.329189,   35.372523,       39.76,
 139.333694,   35.372523,       40.09,
 139.338198,   35.372523,       40.46,
 139.342703,   35.372523,       40.59,
 139.347207,   35.372523,       40.20,
 139.351712,   35.372523,       39.86,
 139.356216,   35.372523,       39.70,
 139.360721,   35.372523,       39.56,
 139.365225,   35.372523,       39.43,
 139.369730,   35.372523,       39.30,
 139.374234,   35.372523,       39.18,
 139.378739,   35.372523,       39.06,
 139.383243,   35.372523,       38.95,
 139.387748,   35.372523,       38.84,
 139.392252,   35.372523,       38.74,
 139.396757,   35.372523,       38.64,
 139.401261,   35.372523,       38.56,
 139.405766,   35.372523,       38.49,
 139.410270,   35.372523,       38.42,
 139.414775,   35.372523,       38.38,
 139.419279,   35.372523,       38.34,
 139.423784,   35.372523,       38.31,
 139.428288,   35.372523,       38.28,
 139.432793,   35.372523,       38.26,
 139.437297,   35.372523,       38.25,
 139.441802,   35.372523,       38.24,
 139.446306,   35.372523,       38.24,
 139.450811,   35.372523,       38.25,
 139.455315,   35.372523,       38.27,
 139.459820,   35.372523,       38.31,
 139.464324,   35.372523,       38.36,
 139.468829,   35.372523,       38.44,
 139.473333,   35.372523,       38.56,
 139.477838,   35.372523,       38.75,
 139.482342,   35.372523,       39.02,
 139.486847,   35.372523,       39.41,
 139.491351,   35.372523,       39.92,
 139.495856,   35.372523,       40.46,
 139.500360,   35.372523,       40.99,
 139.504865,   35.372523,       41.52,
 139.509369,   35.372523,       42.04,
 139.513874,   35.372523,       42.57,
 139.518378,   35.372523,       43.10,
 139.522883,   35.372523,       43.62,
 139.527387,   35.372523,       44.14,
 139.531892,   35.372523,       44.65,
 139.536396,   35.372523,       45.16,
 139.540901,   35.372523,       45.68,
 139.545405,   35.372523,       46.18,
 139.549910,   35.372523,       46.69,
 139.554414,   35.372523,       47.19,
 139.558919,   35.372523,       47.69,
 139.563423,   35.372523,       48.20,
 139.567928,   35.372523,       48.70,
 139.572432,   35.372523,       49.22,
 139.576937,   35.372523,       49.77,
 139.581441,   35.372523,       50.37,
 139.585946,   35.372523,       51.00,
 139.590450,   35.372523,       51.67,
 139.594955,   35.372523,       52.39,
 139.599459,   35.372523,       53.16,
 139.603964,   35.372523,       53.99,
 139.608468,   35.372523,       54.87,
 139.612973,   35.372523,       55.72,
 139.617477,   35.372523,       56.31,
 139.621982,   35.372523,       56.09,
 139.626486,   35.372523,       55.64,
 139.630991,   35.372523,       55.03,
 139.635495,   35.372523,       54.40,
 139.640000,   35.372523,       54.46,
 139.644505,   35.372523,       56.78,
 139.649009,   35.372523,       58.92,
 139.653514,   35.372523,       59.03,
 139.658018,   35.372523,       58.50,
 139.662523,   35.372523,       57.09,
 139.667027,   35.372523,       56.52,
 139.671532,   35.372523,       55.96,
 139.676036,   35.372523,       55.27,
 139.680541,   35.372523,       54.51,
 139.685045,   35.372523,       53.47,
 139.689550,   35.372523,       52.36,
 139.694054,   35.372523,       51.22,
 139.698559,   35.372523,       50.30,
 139.703063,   35.372523,       49.39,
 139.707568,   35.372523,       49.03,
 139.712072,   35.372523,       49.16,
 139.716577,   35.372523,       49.56,
 139.721081,   35.372523,       50.47,
 139.725586,   35.372523,       51.44,
 139.730090,   35.372523,       52.10,
 139.734595,   35.372523,       52.70,
 139.739099,   35.372523,       52.99,
 139.743604,   35.372523,       53.25,
 139.748108,   35.372523,       53.47,
 139.752613,   35.372523,       53.69,
 139.757117,   35.372523,       53.92,
 139.761622,   35.372523,       54.18,
 139.766126,   35.372523,       54.47,
 139.770631,   35.372523,       54.74,
 139.775135,   35.372523,       54.99,
 139.779640,   35.372523,       55.25,
 139.784144,   35.372523,       55.47,
 139.788649,   35.372523,       55.67,
 139.793153,   35.372523,       55.88,
 139.797658,   35.372523,       56.09,
 139.802162,   35.372523,       56.21,
 139.806667,   35.372523,       56.32,
 139.811171,   35.372523,       56.45,
 139.815676,   35.372523,       56.57,
 139.820180,   35.372523,       56.63,
 139.824685,   35.372523,       56.67,
 139.829189,   35.372523,       56.63,
 139.833694,   35.372523,       56.59,
 139.838198,   35.372523,       56.59,
 139.842703,   35.372523,       56.61,
 139.847207,   35.372523,       56.77,
 139.851712,   35.372523,       56.93,
 139.856216,   35.372523,       56.90,
 139.860721,   35.372523,       56.85,
 139.865225,   35.372523,       56.86,
 139.869730,   35.372523,       56.90,
 139.874234,   35.372523,       57.02,
 139.878739,   35.372523,       57.25,
 139.883243,   35.372523,       57.78,
 139.887748,   35.372523,       58.53,
 139.892252,   35.372523,       58.84,
 139.896757,   35.372523,       59.17,
 139.901261,   35.372523,       59.97,
 139.905766,   35.372523,       60.37,
 139.910270,   35.372523,       60.33,
 139.914775,   35.372523,       60.10,
 139.919279,   35.372523,       59.80,
 139.923784,   35.372523,       59.49,
 139.928288,   35.372523,       59.20,
 139.932793,   35.372523,       58.91,
 139.937297,   35.372523,       58.64,
 139.941802,   35.372523,       58.37,
 139.946306,   35.372523,       58.12,
 139.950811,   35.372523,       57.87,
 139.955315,   35.372523,       57.62,
 139.959820,   35.372523,       57.39,
 139.964324,   35.372523,       57.22,
 139.968829,   35.372523,       57.09,
 139.973333,   35.372523,       56.98,
 139.977838,   35.372523,       56.90,
 139.982342,   35.372523,       56.80,
 139.986847,   35.372523,       56.69,
 139.991351,   35.372523,       56.58,
 139.995856,   35.372523,       56.46,
 140.000360,   35.372523,       56.34,
 140.004865,   35.372523,       56.23,
 140.009369,   35.372523,       56.11,
 140.013874,   35.372523,       56.00,
 140.018378,   35.372523,       55.90,
 140.022883,   35.372523,       55.79,
 140.027387,   35.372523,       55.69,
 140.031892,   35.372523,       55.59,
 140.036396,   35.372523,       55.49,
 140.040901,   35.372523,       55.39,
 140.045405,   35.372523,       55.30,
 140.049910,   35.372523,       55.21,
 140.054414,   35.372523,       55.12,
 140.058919,   35.372523,       55.03,
 140.063423,   35.372523,       54.95,
 140.067928,   35.372523,       54.86,
 140.072432,   35.372523,       54.78,
 140.076937,   35.372523,       54.71,
 140.081441,   35.372523,       54.63,
 140.085946,   35.372523,       54.56,
 140.090450,   35.372523,       54.50,
 140.094955,   35.372523,       54.43,
 140.099459,   35.372523,       54.37,
 140.103964,   35.372523,       54.31,
 140.108468,   35.372523,       54.26,
 140.112973,   35.372523,       54.22,
 140.117477,   35.372523,       54.18,
 140.121982,   35.372523,       54.15,
 140.126486,   35.372523,       54.12,
 140.130991,   35.372523,       54.10,
 140.135495,   35.372523,       54.09,
 140.140000,   35.372523,       54.09,
 140.144505,   35.372523,       54.09,
 140.149009,   35.372523,       54.10,
 140.153514,   35.372523,       54.11,
 140.158018,   35.372523,       54.13,
 140.162523,   35.372523,       54.16,
 140.167027,   35.372523,       54.19,
 140.171532,   35.372523,       54.22,
 140.176036,   35.372523,       54.26,
 140.180541,   35.372523,       54.30,
 140.185045,   35.372523,       54.34,
 140.189550,   35.372523,       54.39,
 140.194054,   35.372523,       54.43,
 140.198559,   35.372523,       54.49,
 140.203063,   35.372523,       54.54,
 140.207568,   35.372523,       54.60,
 140.212072,   35.372523,       54.66,
 140.216577,   35.372523,       54.73,
 140.221081,   35.372523,       54.79,
 140.225586,   35.372523,       54.87,
 140.230090,   35.372523,       54.94,
 140.234595,   35.372523,       55.02,
 140.239099,   35.372523,       55.10,
 140.243604,   35.372523,       55.18,
 140.248108,   35.372523,       55.27,
 140.252613,   35.372523,       55.36,
 140.257117,   35.372523,       55.45,
 140.261622,   35.372523,       55.55,
 140.266126,   35.372523,       55.75,
 140.270631,   35.372523,       56.04,
 140.275135,   35.372523,       56.33,
 140.279640,   35.372523,       56.62,
 140.284144,   35.372523,       56.91,
 140.288649,   35.372523,       57.20,
 140.293153,   35.372523,       57.48,
 140.297658,   35.372523,       57.76,
 140.302162,   35.372523,       58.04,
 140.306667,   35.372523,       58.32,
 140.311171,   35.372523,       58.59,
 140.315676,   35.372523,       58.86,
 140.320180,   35.372523,       59.13,
 140.324685,   35.372523,       59.40,
 140.329189,   35.372523,       59.66,
 140.333694,   35.372523,       59.93,
 140.338198,   35.372523,       60.19,
 140.342703,   35.372523,       60.45,
 140.347207,   35.372523,       60.70,
 140.351712,   35.372523,       60.96,
 140.356216,   35.372523,       61.21,
 140.360721,   35.372523,       61.46,
 140.365225,   35.372523,       61.71,
 140.369730,   35.372523,       61.95,
 140.374234,   35.372523,       62.19,
 140.378739,   35.372523,       62.43,
 140.383243,   35.372523,       62.67,
 140.387748,   35.372523,       62.91,
 139.140000,   35.377027,       50.96,
 139.144505,   35.377027,       50.08,
 139.149009,   35.377027,       49.22,
 139.153514,   35.377027,       48.39,
 139.158018,   35.377027,       47.59,
 139.162523,   35.377027,       46.81,
 139.167027,   35.377027,       46.07,
 139.171532,   35.377027,       45.36,
 139.176036,   35.377027,       44.67,
 139.180541,   35.377027,       44.01,
 139.185045,   35.377027,       43.39,
 139.189550,   35.377027,       42.79,
 139.194054,   35.377027,       42.22,
 139.198559,   35.377027,       41.68,
 139.203063,   35.377027,       41.16,
 139.207568,   35.377027,       40.68,
 139.212072,   35.377027,       40.22,
 139.216577,   35.377027,       39.80,
 139.221081,   35.377027,       39.40,
 139.225586,   35.377027,       39.03,
 139.230090,   35.377027,       38.69,
 139.234595,   35.377027,       38.38,
 139.239099,   35.377027,       38.10,
 139.243604,   35.377027,       37.85,
 139.248108,   35.377027,       37.62,
 139.252613,   35.377027,       37.43,
 139.257117,   35.377027,       37.26,
 139.261622,   35.377027,       37.12,
 139.266126,   35.377027,       37.01,
 139.270631,   35.377027,       36.93,
 139.275135,   35.377027,       36.88,
 139.279640,   35.377027,       36.86,
 139.284144,   35.377027,       36.87,
 139.288649,   35.377027,       36.90,
 139.293153,   35.377027,       36.96,
 139.297658,   35.377027,       37.06,
 139.302162,   35.377027,       37.18,
 139.306667,   35.377027,       37.33,
 139.311171,   35.377027,       37.51,
 139.315676,   35.377027,       37.72,
 139.320180,   35.377027,       37.95,
 139.324685,   35.377027,       38.22,
 139.329189,   35.377027,       38.51,
 139.333694,   35.377027,       38.84,
 139.338198,   35.377027,       39.19,
 139.342703,   35.377027,       39.57,
 139.347207,   35.377027,       39.98,
 139.351712,   35.377027,       39.74,
 139.356216,   35.377027,       39.36,
 139.360721,   35.377027,       39.11,
 139.365225,   35.377027,       38.97,
 139.369730,   35.377027,       38.84,
 139.374234,   35.377027,       38.70,
 139.378739,   35.377027,       38.57,
 139.383243,   35.377027,       38.45,
 139.387748,   35.377027,       38.33,
 139.392252,   35.377027,       38.22,
 139.396757,   35.377027,       38.11,
 139.401261,   35.377027,       38.00,
 139.405766,   35.377027,       37.91,
 139.410270,   35.377027,       37.82,
 139.414775,   35.377027,       37.74,
 139.419279,   35.377027,       37.68,
 139.423784,   35.377027,       37.62,
 139.428288,   35.377027,       37.58,
 139.432793,   35.377027,       37.53,
 139.437297,   35.377027,       37.49,
 139.441802,   35.377027,       37.46,
 139.446306,   35.377027,       37.43,
 139.450811,   35.377027,       37.41,
 139.455315,   35.377027,       37.40,
 139.459820,   35.377027,       37.39,
 139.464324,   35.377027,       37.40,
 139.468829,   35.377027,       37.42,
 139.473333,   35.377027,       37.46,
 139.477838,   35.377027,       37.53,
 139.482342,   35.377027,       37.64,
 139.486847,   35.377027,       37.82,
 139.491351,   35.377027,       38.09,
 139.495856,   35.377027,       38.48,
 139.500360,   35.377027,       39.01,
 139.504865,   35.377027,       39.54,
 139.509369,   35.377027,       40.08,
 139.513874,   35.377027,       40.61,
 139.518378,   35.377027,       41.14,
 139.522883,   35.377027,       41.67,
 139.527387,   35.377027,       42.20,
 139.531892,   35.377027,       42.72,
 139.536396,   35.377027,       43.25,
 139.540901,   35.377027,       43.77,
 139.545405,   35.377027,       44.29,
 139.549910,   35.377027,       44.80,
 139.554414,   35.377027,       45.32,
 139.558919,   35.377027,       45.84,
 139.563423,   35.377027,       46.36,
 139.567928,   35.377027,       46.88,
 139.572432,   35.377027,       47.41,
 139.576937,   35.377027,       47.96,
 139.581441,   35.377027,       48.54,
 139.585946,   35.377027,       49.18,
 139.590450,   35.377027,       49.86,
 139.594955,   35.377027,       50.59,
 139.599459,   35.377027,       51.38,
 139.603964,   35.377027,       52.24,
 139.608468,   35.377027,       53.20,
 139.612973,   35.377027,       54.22,
 139.617477,   35.377027,       55.17,
 139.621982,   35.377027,       55.56,
 139.626486,   35.377027,       55.09,
 139.630991,   35.377027,       54.42,
 139.635495,   35.377027,       53.62,
 139.640000,   35.377027,       53.41,
 139.644505,   35.377027,       55.41,
 139.649009,   35.377027,       55.69,
 139.653514,   35.377027,       55.83,
 139.658018,   35.377027,       56.94,
 139.662523,   35.377027,       56.56,
 139.667027,   35.377027,       56.30,
 139.671532,   35.377027,       55.72,
 139.676036,   35.377027,       55.03,
 139.680541,   35.377027,       54.19,
 139.685045,   35.377027,       53.16,
 139.689550,   35.377027,       52.11,
 139.694054,   35.377027,       51.13,
 139.698559,   35.377027,       50.25,
 139.703063,   35.377027,       49.40,
 139.707568,   35.377027,       49.07,
 139.712072,   35.377027,       49.20,
 139.716577,   35.377027,       49.73,
 139.721081,   35.377027,       50.59,
 139.725586,   35.377027,       51.46,
 139.730090,   35.377027,       52.22,
 139.734595,   35.377027,       52.69,
 139.739099,   35.377027,       53.02,
 139.743604,   35.377027,       53.26,
 139.748108,   35.377027,       53.48,
 139.752613,   35.377027,       53.70,
 139.757117,   35.377027,       53.92,
 139.761622,   35.377027,       54.19,
 139.766126,   35.377027,       54.46,
 139.770631,   35.377027,       54.73,
 139.775135,   35.377027,       55.00,
 139.779640,   35.377027,       55.27,
 139.784144,   35.377027,       55.55,
 139.788649,   35.377027,       55.78,
 139.793153,   35.377027,       56.00,
 139.797658,   35.377027,       56.20,
 139.802162,   35.377027,       56.37,
 139.806667,   35.377027,       56.52,
 139.811171,   35.377027,       56.65,
 139.815676,   35.377027,       56.78,
 139.820180,   35.377027,       56.88,
 139.824685,   35.377027,       56.95,
 139.829189,   35.377027,       56.94,
 139.833694,   35.377027,       56.94,
 139.838198,   35.377027,       56.87,
 139.842703,   35.377027,       56.80,
 139.847207,   35.377027,       56.75,
 139.851712,   35.377027,       56.73,
 139.856216,   35.377027,       56.66,
 139.860721,   35.377027,       56.57,
 139.865225,   35.377027,       56.49,
 139.869730,   35.377027,       56.48,
 139.874234,   35.377027,       56.54,
 139.878739,   35.377027,       56.77,
 139.883243,   35.377027,       57.11,
 139.887748,   35.377027,       57.72,
 139.892252,   35.377027,       57.94,
 139.896757,   35.377027,       58.36,
 139.901261,   35.377027,       59.37,
 139.905766,   35.377027,       60.23,
 139.910270,   35.377027,       60.38,
 139.914775,   35.377027,       60.15,
 139.919279,   35.377027,       59.81,
 139.923784,   35.377027,       59.48,
 139.928288,   35.377027,       59.17,
 139.932793,   35.377027,       58.88,
 139.937297,   35.377027,       58.60,
 139.941802,   35.377027,       58.33,
 139.946306,   35.377027,       58.07,
 139.950811,   35.377027,       57.82,
 139.955315,   35.377027,       57.58,
 139.959820,   35.377027,       57.35,
 139.964324,   35.377027,       57.18,
 139.968829,   35.377027,       57.05,
 139.973333,   35.377027,       56.96,
 139.977838,   35.377027,       56.89,
 139.982342,   35.377027,       56.80,
 139.986847,   35.377027,       56.71,
 139.991351,   35.377027,       56.60,
 139.995856,   35.377027,       56.49,
 140.000360,   35.377027,       56.38,
 140.004865,   35.377027,       56.27,
 140.009369,   35.377027,       56.16,
 140.013874,   35.377027,       56.06,
 140.018378,   35.377027,       55.95,
 140.022883,   35.377027,       55.85,
 140.027387,   35.377027,       55.76,
 140.031892,   35.377027,       55.66,
 140.036396,   35.377027,       55.57,
 140.040901,   35.377027,       55.47,
 140.045405,   35.377027,       55.39,
 140.049910,   35.377027,       55.30,
 140.054414,   35.377027,       55.21,
 140.058919,   35.377027,       55.13,
 140.063423,   35.377027,       55.05,
 140.067928,   35.377027,       54.97,
 140.072432,   35.377027,       54.89,
 140.076937,   35.377027,       54.82,
 140.081441,   35.377027,       54.75,
 140.085946,   35.377027,       54.68,
 140.090450,   35.377027,       54.62,
 140.094955,   35.377027,       54.56,
 140.099459,   35.377027,       54.50,
 140.103964,   35.377027,       54.45,
 140.108468,   35.377027,       54.40,
 140.112973,   35.377027,       54.36,
 140.117477,   35.377027,       54.33,
 140.121982,   35.377027,       54.30,
 140.126486,   35.377027,       54.28,
 140.130991,   35.377027,       54.27,
 140.135495,   35.377027,       54.26,
 140.140000,   35.377027,       54.26,
 140.144505,   35.377027,       54.27,
 140.149009,   35.377027,       54.28,
 140.153514,   35.377027,       54.30,
 140.158018,   35.377027,       54.33,
 140.162523,   35.377027,       54.35,
 140.167027,   35.377027,       54.39,
 140.171532,   35.377027,       54.42,
 140.176036,   35.377027,       54.46,
 140.180541,   35.377027,       54.51,
 140.185045,   35.377027,       54.55,
 140.189550,   35.377027,       54.60,
 140.194054,   35.377027,       54.66,
 140.198559,   35.377027,       54.71,
 140.203063,   35.377027,       54.77,
 140.207568,   35.377027,       54.83,
 140.212072,   35.377027,       54.90,
 140.216577,   35.377027,       54.97,
 140.221081,   35.377027,       55.04,
 140.225586,   35.377027,       55.11,
 140.230090,   35.377027,       55.19,
 140.234595,   35.377027,       55.27,
 140.239099,   35.377027,       55.35,
 140.243604,   35.377027,       55.44,
 140.248108,   35.377027,       55.53,
 140.252613,   35.377027,       55.63,
 140.257117,   35.377027,       55.72,
 140.261622,   35.377027,       55.86,
 140.266126,   35.377027,       56.16,
 140.270631,   35.377027,       56.45,
 140.275135,   35.377027,       56.74,
 140.279640,   35.377027,       57.04,
 140.284144,   35.377027,       57.32,
 140.288649,   35.377027,       57.61,
 140.293153,   35.377027,       57.89,
 140.297658,   35.377027,       58.18,
 140.302162,   35.377027,       58.46,
 140.306667,   35.377027,       58.73,
 140.311171,   35.377027,       59.01,
 140.315676,   35.377027,       59.28,
 140.320180,   35.377027,       59.55,
 140.324685,   35.377027,       59.82,
 140.329189,   35.377027,       60.09,
 140.333694,   35.377027,       60.35,
 140.338198,   35.377027,       60.61,
 140.342703,   35.377027,       60.87,
 140.347207,   35.377027,       61.13,
 140.351712,   35.377027,       61.38,
 140.356216,   35.377027,       61.64,
 140.360721,   35.377027,       61.89,
 140.365225,   35.377027,       62.13,
 140.369730,   35.377027,       62.38,
 140.374234,   35.377027,       62.62,
 140.378739,   35.377027,       62.87,
 140.383243,   35.377027,       63.11,
 140.387748,   35.377027,       63.34,
 139.140000,   35.381532,       50.20,
 139.144505,   35.381532,       49.30,
 139.149009,   35.381532,       48.43,
 139.153514,   35.381532,       47.59,
 139.158018,   35.381532,       46.78,
 139.162523,   35.381532,       45.99,
 139.167027,   35.381532,       45.24,
 139.171532,   35.381532,       44.51,
 139.176036,   35.381532,       43.81,
 139.180541,   35.381532,       43.14,
 139.185045,   35.381532,       42.50,
 139.189550,   35.381532,       41.89,
 139.194054,   35.381532,       41.31,
 139.198559,   35.381532,       40.76,
 139.203063,   35.381532,       40.23,
 139.207568,   35.381532,       39.73,
 139.212072,   35.381532,       39.27,
 139.216577,   35.381532,       38.83,
 139.221081,   35.381532,       38.42,
 139.225586,   35.381532,       38.04,
 139.230090,   35.381532,       37.69,
 139.234595,   35.381532,       37.36,
 139.239099,   35.381532,       37.07,
 139.243604,   35.381532,       36.80,
 139.248108,   35.381532,       36.57,
 139.252613,   35.381532,       36.36,
 139.257117,   35.381532,       36.18,
 139.261622,   35.381532,       36.03,
 139.266126,   35.381532,       35.91,
 139.270631,   35.381532,       35.82,
 139.275135,   35.381532,       35.76,
 139.279640,   35.381532,       35.72,
 139.284144,   35.381532,       35.71,
 139.288649,   35.381532,       35.74,
 139.293153,   35.381532,       35.79,
 139.297658,   35.381532,       35.87,
 139.302162,   35.381532,       35.98,
 139.306667,   35.381532,       36.12,
 139.311171,   35.381532,       36.28,
 139.315676,   35.381532,       36.48,
 139.320180,   35.381532,       36.71,
 139.324685,   35.381532,       36.96,
 139.329189,   35.381532,       37.24,
 139.333694,   35.381532,       37.55,
 139.338198,   35.381532,       37.89,
 139.342703,   35.381532,       38.26,
 139.347207,   35.381532,       38.66,
 139.351712,   35.381532,       39.09,
 139.356216,   35.381532,       39.28,
 139.360721,   35.381532,       38.89,
 139.365225,   35.381532,       38.56,
 139.369730,   35.381532,       38.39,
 139.374234,   35.381532,       38.24,
 139.378739,   35.381532,       38.11,
 139.383243,   35.381532,       37.97,
 139.387748,   35.381532,       37.84,
 139.392252,   35.381532,       37.72,
 139.396757,   35.381532,       37.59,
 139.401261,   35.381532,       37.48,
 139.405766,   35.381532,       37.37,
 139.410270,   35.381532,       37.26,
 139.414775,   35.381532,       37.16,
 139.419279,   35.381532,       37.07,
 139.423784,   35.381532,       36.98,
 139.428288,   35.381532,       36.91,
 139.432793,   35.381532,       36.85,
 139.437297,   35.381532,       36.79,
 139.441802,   35.381532,       36.74,
 139.446306,   35.381532,       36.69,
 139.450811,   35.381532,       36.64,
 139.455315,   35.381532,       36.60,
 139.459820,   35.381532,       36.56,
 139.464324,   35.381532,       36.54,
 139.468829,   35.381532,       36.52,
 139.473333,   35.381532,       36.51,
 139.477838,   35.381532,       36.51,
 139.482342,   35.381532,       36.54,
 139.486847,   35.381532,       36.59,
 139.491351,   35.381532,       36.69,
 139.495856,   35.381532,       36.87,
 139.500360,   35.381532,       37.15,
 139.504865,   35.381532,       37.57,
 139.509369,   35.381532,       38.11,
 139.513874,   35.381532,       38.64,
 139.518378,   35.381532,       39.18,
 139.522883,   35.381532,       39.72,
 139.527387,   35.381532,       40.25,
 139.531892,   35.381532,       40.78,
 139.536396,   35.381532,       41.31,
 139.540901,   35.381532,       41.84,
 139.545405,   35.381532,       42.37,
 139.549910,   35.381532,       42.90,
 139.554414,   35.381532,       43.43,
 139.558919,   35.381532,       43.96,
 139.563423,   35.381532,       44.49,
 139.567928,   35.381532,       45.02,
 139.572432,   35.381532,       45.57,
 139.576937,   35.381532,       46.12,
 139.581441,   35.381532,       46.70,
 139.585946,   35.381532,       47.31,
 139.590450,   35.381532,       48.00,
 139.594955,   35.381532,       48.74,
 139.599459,   35.381532,       49.54,
 139.603964,   35.381532,       50.43,
 139.608468,   35.381532,       51.41,
 139.612973,   35.381532,       52.52,
 139.617477,   35.381532,       53.70,
 139.621982,   35.381532,       54.73,
 139.626486,   35.381532,       54.60,
 139.630991,   35.381532,       53.86,
 139.635495,   35.381532,       52.81,
 139.640000,   35.381532,       52.36,
 139.644505,   35.381532,       53.73,
 139.649009,   35.381532,       53.70,
 139.653514,   35.381532,       53.83,
 139.658018,   35.381532,       54.90,
 139.662523,   35.381532,       55.80,
 139.667027,   35.381532,       55.92,
 139.671532,   35.381532,       55.47,
 139.676036,   35.381532,       54.78,
 139.680541,   35.381532,       53.89,
 139.685045,   35.381532,       52.94,
 139.689550,   35.381532,       51.96,
 139.694054,   35.381532,       51.04,
 139.698559,   35.381532,       50.15,
 139.703063,   35.381532,       49.46,
 139.707568,   35.381532,       49.27,
 139.712072,   35.381532,       49.20,
 139.716577,   35.381532,       49.85,
 139.721081,   35.381532,       50.63,
 139.725586,   35.381532,       51.49,
 139.730090,   35.381532,       52.20,
 139.734595,   35.381532,       52.67,
 139.739099,   35.381532,       52.99,
 139.743604,   35.381532,       53.24,
 139.748108,   35.381532,       53.46,
 139.752613,   35.381532,       53.69,
 139.757117,   35.381532,       53.91,
 139.761622,   35.381532,       54.17,
 139.766126,   35.381532,       54.44,
 139.770631,   35.381532,       54.71,
 139.775135,   35.381532,       54.99,
 139.779640,   35.381532,       55.27,
 139.784144,   35.381532,       55.56,
 139.788649,   35.381532,       55.83,
 139.793153,   35.381532,       56.08,
 139.797658,   35.381532,       56.30,
 139.802162,   35.381532,       56.47,
 139.806667,   35.381532,       56.65,
 139.811171,   35.381532,       56.81,
 139.815676,   35.381532,       56.95,
 139.820180,   35.381532,       57.05,
 139.824685,   35.381532,       57.11,
 139.829189,   35.381532,       57.12,
 139.833694,   35.381532,       57.11,
 139.838198,   35.381532,       57.05,
 139.842703,   35.381532,       56.94,
 139.847207,   35.381532,       56.77,
 139.851712,   35.381532,       56.66,
 139.856216,   35.381532,       56.55,
 139.860721,   35.381532,       56.38,
 139.865225,   35.381532,       56.21,
 139.869730,   35.381532,       56.15,
 139.874234,   35.381532,       56.10,
 139.878739,   35.381532,       56.27,
 139.883243,   35.381532,       56.43,
 139.887748,   35.381532,       56.81,
 139.892252,   35.381532,       57.00,
 139.896757,   35.381532,       57.62,
 139.901261,   35.381532,       58.36,
 139.905766,   35.381532,       59.63,
 139.910270,   35.381532,       60.49,
 139.914775,   35.381532,       60.24,
 139.919279,   35.381532,       59.85,
 139.923784,   35.381532,       59.48,
 139.928288,   35.381532,       59.15,
 139.932793,   35.381532,       58.84,
 139.937297,   35.381532,       58.55,
 139.941802,   35.381532,       58.28,
 139.946306,   35.381532,       58.03,
 139.950811,   35.381532,       57.78,
 139.955315,   35.381532,       57.54,
 139.959820,   35.381532,       57.31,
 139.964324,   35.381532,       57.14,
 139.968829,   35.381532,       57.02,
 139.973333,   35.381532,       56.93,
 139.977838,   35.381532,       56.87,
 139.982342,   35.381532,       56.80,
 139.986847,   35.381532,       56.72,
 139.991351,   35.381532,       56.62,
 139.995856,   35.381532,       56.52,
 140.000360,   35.381532,       56.41,
 140.004865,   35.381532,       56.31,
 140.009369,   35.381532,       56.21,
 140.013874,   35.381532,       56.11,
 140.018378,   35.381532,       56.01,
 140.022883,   35.381532,       55.92,
 140.027387,   35.381532,       55.83,
 140.031892,   35.381532,       55.73,
 140.036396,   35.381532,       55.64,
 140.040901,   35.381532,       55.56,
 140.045405,   35.381532,       55.47,
 140.049910,   35.381532,       55.39,
 140.054414,   35.381532,       55.31,
 140.058919,   35.381532,       55.23,
 140.063423,   35.381532,       55.15,
 140.067928,   35.381532,       55.08,
 140.072432,   35.381532,       55.00,
 140.076937,   35.381532,       54.93,
 140.081441,   35.381532,       54.87,
 140.085946,   35.381532,       54.80,
 140.090450,   35.381532,       54.74,
 140.094955,   35.381532,       54.68,
 140.099459,   35.381532,       54.63,
 140.103964,   35.381532,       54.58,
 140.108468,   35.381532,       54.54,
 140.112973,   35.381532,       54.51,
 140.117477,   35.381532,       54.48,
 140.121982,   35.381532,       54.45,
 140.126486,   35.381532,       54.44,
 140.130991,   35.381532,       54.43,
 140.135495,   35.381532,       54.43,
 140.140000,   35.381532,       54.44,
 140.144505,   35.381532,       54.45,
 140.149009,   35.381532,       54.47,
 140.153514,   35.381532,       54.49,
 140.158018,   35.381532,       54.52,
 140.162523,   35.381532,       54.55,
 140.167027,   35.381532,       54.59,
 140.171532,   35.381532,       54.63,
 140.176036,   35.381532,       54.68,
 140.180541,   35.381532,       54.72,
 140.185045,   35.381532,       54.77,
 140.189550,   35.381532,       54.83,
 140.194054,   35.381532,       54.88,
 140.198559,   35.381532,       54.94,
 140.203063,   35.381532,       55.00,
 140.207568,   35.381532,       55.07,
 140.212072,   35.381532,       55.14,
 140.216577,   35.381532,       55.21,
 140.221081,   35.381532,       55.28,
 140.225586,   35.381532,       55.36,
 140.230090,   35.381532,       55.44,
 140.234595,   35.381532,       55.53,
 140.239099,   35.381532,       55.61,
 140.243604,   35.381532,       55.70,
 140.248108,   35.381532,       55.80,
 140.252613,   35.381532,       55.90,
 140.257117,   35.381532,       56.00,
 140.261622,   35.381532,       56.27,
 140.266126,   35.381532,       56.57,
 140.270631,   35.381532,       56.86,
 140.275135,   35.381532,       57.16,
 140.279640,   35.381532,       57.45,
 140.284144,   35.381532,       57.74,
 140.288649,   35.381532,       58.03,
 140.293153,   35.381532,       58.31,
 140.297658,   35.381532,       58.59,
 140.302162,   35.381532,       58.87,
 140.306667,   35.381532,       59.15,
 140.311171,   35.381532,       59.43,
 140.315676,   35.381532,       59.70,
 140.320180,   35.381532,       59.97,
 140.324685,   35.381532,       60.24,
 140.329189,   35.381532,       60.51,
 140.333694,   35.381532,       60.78,
 140.338198,   35.381532,       61.04,
 140.342703,   35.381532,       61.30,
 140.347207,   35.381532,       61.56,
 140.351712,   35.381532,       61.81,
 140.356216,   35.381532,       62.07,
 140.360721,   35.381532,       62.32,
 140.365225,   35.381532,       62.57,
 140.369730,   35.381532,       62.81,
 140.374234,   35.381532,       63.06,
 140.378739,   35.381532,       63.30,
 140.383243,   35.381532,       63.54,
 140.387748,   35.381532,       63.78,
 139.140000,   35.386036,       49.41,
 139.144505,   35.386036,       48.50,
 139.149009,   35.386036,       47.62,
 139.153514,   35.386036,       46.76,
 139.158018,   35.386036,       45.94,
 139.162523,   35.386036,       45.14,
 139.167027,   35.386036,       44.37,
 139.171532,   35.386036,       43.63,
 139.176036,   35.386036,       42.92,
 139.180541,   35.386036,       42.24,
 139.185045,   35.386036,       41.59,
 139.189550,   35.386036,       40.97,
 139.194054,   35.386036,       40.37,
 139.198559,   35.386036,       39.81,
 139.203063,   35.386036,       39.27,
 139.207568,   35.386036,       38.76,
 139.212072,   35.386036,       38.28,
 139.216577,   35.386036,       37.83,
 139.221081,   35.386036,       37.41,
 139.225586,   35.386036,       37.02,
 139.230090,   35.386036,       36.65,
 139.234595,   35.386036,       36.32,
 139.239099,   35.386036,       36.01,
 139.243604,   35.386036,       35.73,
 139.248108,   35.386036,       35.49,
 139.252613,   35.386036,       35.27,
 139.257117,   35.386036,       35.08,
 139.261622,   35.386036,       34.91,
 139.266126,   35.386036,       34.78,
 139.270631,   35.386036,       34.68,
 139.275135,   35.386036,       34.60,
 139.279640,   35.386036,       34.55,
 139.284144,   35.386036,       34.53,
 139.288649,   35.386036,       34.55,
 139.293153,   35.386036,       34.59,
 139.297658,   35.386036,       34.65,
 139.302162,   35.386036,       34.75,
 139.306667,   35.386036,       34.88,
 139.311171,   35.386036,       35.03,
 139.315676,   35.386036,       35.22,
 139.320180,   35.386036,       35.43,
 139.324685,   35.386036,       35.67,
 139.329189,   35.386036,       35.94,
 139.333694,   35.386036,       36.24,
 139.338198,   35.386036,       36.57,
 139.342703,   35.386036,       36.92,
 139.347207,   35.386036,       37.31,
 139.351712,   35.386036,       37.72,
 139.356216,   35.386036,       38.17,
 139.360721,   35.386036,       38.64,
 139.365225,   35.386036,       38.43,
 139.369730,   35.386036,       38.06,
 139.374234,   35.386036,       37.80,
 139.378739,   35.386036,       37.66,
 139.383243,   35.386036,       37.51,
 139.387748,   35.386036,       37.38,
 139.392252,   35.386036,       37.24,
 139.396757,   35.386036,       37.11,
 139.401261,   35.386036,       36.98,
 139.405766,   35.386036,       36.85,
 139.410270,   35.386036,       36.73,
 139.414775,   35.386036,       36.62,
 139.419279,   35.386036,       36.51,
 139.423784,   35.386036,       36.40,
 139.428288,   35.386036,       36.31,
 139.432793,   35.386036,       36.22,
 139.437297,   35.386036,       36.14,
 139.441802,   35.386036,       36.07,
 139.446306,   35.386036,       36.00,
 139.450811,   35.386036,       35.93,
 139.455315,   35.386036,       35.87,
 139.459820,   35.386036,       35.81,
 139.464324,   35.386036,       35.75,
 139.468829,   35.386036,       35.70,
 139.473333,   35.386036,       35.65,
 139.477838,   35.386036,       35.62,
 139.482342,   35.386036,       35.59,
 139.486847,   35.386036,       35.58,
 139.491351,   35.386036,       35.60,
 139.495856,   35.386036,       35.64,
 139.500360,   35.386036,       35.74,
 139.504865,   35.386036,       35.92,
 139.509369,   35.386036,       36.21,
 139.513874,   35.386036,       36.67,
 139.518378,   35.386036,       37.21,
 139.522883,   35.386036,       37.75,
 139.527387,   35.386036,       38.29,
 139.531892,   35.386036,       38.83,
 139.536396,   35.386036,       39.36,
 139.540901,   35.386036,       39.90,
 139.545405,   35.386036,       40.44,
 139.549910,   35.386036,       40.97,
 139.554414,   35.386036,       41.51,
 139.558919,   35.386036,       42.05,
 139.563423,   35.386036,       42.59,
 139.567928,   35.386036,       43.14,
 139.572432,   35.386036,       43.69,
 139.576937,   35.386036,       44.25,
 139.581441,   35.386036,       44.83,
 139.585946,   35.386036,       45.44,
 139.590450,   35.386036,       46.10,
 139.594955,   35.386036,       46.84,
 139.599459,   35.386036,       47.65,
 139.603964,   35.386036,       48.54,
 139.608468,   35.386036,       49.54,
 139.612973,   35.386036,       50.68,
 139.617477,   35.386036,       51.99,
 139.621982,   35.386036,       53.38,
 139.626486,   35.386036,       54.21,
 139.630991,   35.386036,       53.38,
 139.635495,   35.386036,       51.94,
 139.640000,   35.386036,       51.22,
 139.644505,   35.386036,       52.10,
 139.649009,   35.386036,       52.75,
 139.653514,   35.386036,       52.65,
 139.658018,   35.386036,       53.69,
 139.662523,   35.386036,       54.95,
 139.667027,   35.386036,       55.39,
 139.671532,   35.386036,       55.16,
 139.676036,   35.386036,       54.51,
 139.680541,   35.386036,       53.61,
 139.685045,   35.386036,       52.72,
 139.689550,   35.386036,       51.81,
 139.694054,   35.386036,       50.90,
 139.698559,   35.386036,       50.03,
 139.703063,   35.386036,       49.56,
 139.707568,   35.386036,       49.39,
 139.712072,   35.386036,       49.31,
 139.716577,   35.386036,       49.87,
 139.721081,   35.386036,       50.57,
 139.725586,   35.386036,       51.42,
 139.730090,   35.386036,       52.12,
 139.734595,   35.386036,       52.62,
 139.739099,   35.386036,       52.93,
 139.743604,   35.386036,       53.21,
 139.748108,   35.386036,       53.43,
 139.752613,   35.386036,       53.66,
 139.757117,   35.386036,       53.88,
 139.761622,   35.386036,       54.14,
 139.766126,   35.386036,       54.41,
 139.770631,   35.386036,       54.69,
 139.775135,   35.386036,       54.98,
 139.779640,   35.386036,       55.28,
 139.784144,   35.386036,       55.58,
 139.788649,   35.386036,       55.85,
 139.793153,   35.386036,       56.11,
 139.797658,   35.386036,       56.36,
 139.802162,   35.386036,       56.57,
 139.806667,   35.386036,       56.75,
 139.811171,   35.386036,       56.94,
 139.815676,   35.386036,       57.08,
 139.820180,   35.386036,       57.18,
 139.824685,   35.386036,       57.26,
 139.829189,   35.386036,       57.29,
 139.833694,   35.386036,       57.28,
 139.838198,   35.386036,       57.20,
 139.842703,   35.386036,       57.06,
 139.847207,   35.386036,       56.86,
 139.851712,   35.386036,       56.69,
 139.856216,   35.386036,       56.55,
 139.860721,   35.386036,       56.28,
 139.865225,   35.386036,       56.01,
 139.869730,   35.386036,       55.90,
 139.874234,   35.386036,       55.78,
 139.878739,   35.386036,       55.86,
 139.883243,   35.386036,       55.95,
 139.887748,   35.386036,       56.09,
 139.892252,   35.386036,       56.38,
 139.896757,   35.386036,       56.75,
 139.901261,   35.386036,       57.75,
 139.905766,   35.386036,       58.90,
 139.910270,   35.386036,       60.17,
 139.914775,   35.386036,       60.41,
 139.919279,   35.386036,       59.91,
 139.923784,   35.386036,       59.48,
 139.928288,   35.386036,       59.12,
 139.932793,   35.386036,       58.79,
 139.937297,   35.386036,       58.50,
 139.941802,   35.386036,       58.23,
 139.946306,   35.386036,       57.97,
 139.950811,   35.386036,       57.73,
 139.955315,   35.386036,       57.50,
 139.959820,   35.386036,       57.27,
 139.964324,   35.386036,       57.09,
 139.968829,   35.386036,       56.97,
 139.973333,   35.386036,       56.90,
 139.977838,   35.386036,       56.85,
 139.982342,   35.386036,       56.80,
 139.986847,   35.386036,       56.73,
 139.991351,   35.386036,       56.64,
 139.995856,   35.386036,       56.54,
 140.000360,   35.386036,       56.45,
 140.004865,   35.386036,       56.35,
 140.009369,   35.386036,       56.26,
 140.013874,   35.386036,       56.16,
 140.018378,   35.386036,       56.07,
 140.022883,   35.386036,       55.98,
 140.027387,   35.386036,       55.89,
 140.031892,   35.386036,       55.81,
 140.036396,   35.386036,       55.72,
 140.040901,   35.386036,       55.64,
 140.045405,   35.386036,       55.56,
 140.049910,   35.386036,       55.48,
 140.054414,   35.386036,       55.40,
 140.058919,   35.386036,       55.33,
 140.063423,   35.386036,       55.26,
 140.067928,   35.386036,       55.18,
 140.072432,   35.386036,       55.12,
 140.076937,   35.386036,       55.05,
 140.081441,   35.386036,       54.99,
 140.085946,   35.386036,       54.93,
 140.090450,   35.386036,       54.87,
 140.094955,   35.386036,       54.81,
 140.099459,   35.386036,       54.76,
 140.103964,   35.386036,       54.72,
 140.108468,   35.386036,       54.68,
 140.112973,   35.386036,       54.65,
 140.117477,   35.386036,       54.63,
 140.121982,   35.386036,       54.61,
 140.126486,   35.386036,       54.60,
 140.130991,   35.386036,       54.60,
 140.135495,   35.386036,       54.60,
 140.140000,   35.386036,       54.61,
 140.144505,   35.386036,       54.63,
 140.149009,   35.386036,       54.66,
 140.153514,   35.386036,       54.68,
 140.158018,   35.386036,       54.72,
 140.162523,   35.386036,       54.76,
 140.167027,   35.386036,       54.80,
 140.171532,   35.386036,       54.84,
 140.176036,   35.386036,       54.89,
 140.180541,   35.386036,       54.94,
 140.185045,   35.386036,       54.99,
 140.189550,   35.386036,       55.05,
 140.194054,   35.386036,       55.11,
 140.198559,   35.386036,       55.17,
 140.203063,   35.386036,       55.24,
 140.207568,   35.386036,       55.31,
 140.212072,   35.386036,       55.38,
 140.216577,   35.386036,       55.45,
 140.221081,   35.386036,       55.53,
 140.225586,   35.386036,       55.61,
 140.230090,   35.386036,       55.70,
 140.234595,   35.386036,       55.78,
 140.239099,   35.386036,       55.88,
 140.243604,   35.386036,       55.97,
 140.248108,   35.386036,       56.07,
 140.252613,   35.386036,       56.17,
 140.257117,   35.386036,       56.38,
 140.261622,   35.386036,       56.68,
 140.266126,   35.386036,       56.98,
 140.270631,   35.386036,       57.28,
 140.275135,   35.386036,       57.57,
 140.279640,   35.386036,       57.87,
 140.284144,   35.386036,       58.16,
 140.288649,   35.386036,       58.44,
 140.293153,   35.386036,       58.73,
 140.297658,   35.386036,       59.01,
 140.302162,   35.386036,       59.30,
 140.306667,   35.386036,       59.58,
 140.311171,   35.386036,       59.85,
 140.315676,   35.386036,       60.13,
 140.320180,   35.386036,       60.40,
 140.324685,   35.386036,       60.67,
 140.329189,   35.386036,       60.94,
 140.333694,   35.386036,       61.20,
 140.338198,   35.386036,       61.47,
 140.342703,   35.386036,       61.73,
 140.347207,   35.386036,       61.99,
 140.351712,   35.386036,       62.24,
 140.356216,   35.386036,       62.50,
 140.360721,   35.386036,       62.75,
 140.365225,   35.386036,       63.00,
 140.369730,   35.386036,       63.25,
 140.374234,   35.386036,       63.49,
 140.378739,   35.386036,       63.74,
 140.383243,   35.386036,       63.98,
 140.387748,   35.386036,       64.22,
 139.140000,   35.390541,       48.59,
 139.144505,   35.390541,       47.67,
 139.149009,   35.390541,       46.77,
 139.153514,   35.390541,       45.91,
 139.158018,   35.390541,       45.07,
 139.162523,   35.390541,       44.26,
 139.167027,   35.390541,       43.48,
 139.171532,   35.390541,       42.73,
 139.176036,   35.390541,       42.01,
 139.180541,   35.390541,       41.31,
 139.185045,   35.390541,       40.65,
 139.189550,   35.390541,       40.01,
 139.194054,   35.390541,       39.41,
 139.198559,   35.390541,       38.83,
 139.203063,   35.390541,       38.28,
 139.207568,   35.390541,       37.76,
 139.212072,   35.390541,       37.27,
 139.216577,   35.390541,       36.81,
 139.221081,   35.390541,       36.37,
 139.225586,   35.390541,       35.97,
 139.230090,   35.390541,       35.59,
 139.234595,   35.390541,       35.24,
 139.239099,   35.390541,       34.92,
 139.243604,   35.390541,       34.64,
 139.248108,   35.390541,       34.37,
 139.252613,   35.390541,       34.14,
 139.257117,   35.390541,       33.94,
 139.261622,   35.390541,       33.77,
 139.266126,   35.390541,       33.62,
 139.270631,   35.390541,       33.50,
 139.275135,   35.390541,       33.42,
 139.279640,   35.390541,       33.36,
 139.284144,   35.390541,       33.33,
 139.288649,   35.390541,       33.32,
 139.293153,   35.390541,       33.35,
 139.297658,   35.390541,       33.41,
 139.302162,   35.390541,       33.49,
 139.306667,   35.390541,       33.61,
 139.311171,   35.390541,       33.75,
 139.315676,   35.390541,       33.92,
 139.320180,   35.390541,       34.12,
 139.324685,   35.390541,       34.35,
 139.329189,   35.390541,       34.61,
 139.333694,   35.390541,       34.90,
 139.338198,   35.390541,       35.21,
 139.342703,   35.390541,       35.56,
 139.347207,   35.390541,       35.93,
 139.351712,   35.390541,       36.33,
 139.356216,   35.390541,       36.76,
 139.360721,   35.390541,       37.22,
 139.365225,   35.390541,       37.71,
 139.369730,   35.390541,       37.97,
 139.374234,   35.390541,       37.59,
 139.378739,   35.390541,       37.25,
 139.383243,   35.390541,       37.07,
 139.387748,   35.390541,       36.92,
 139.392252,   35.390541,       36.78,
 139.396757,   35.390541,       36.64,
 139.401261,   35.390541,       36.50,
 139.405766,   35.390541,       36.37,
 139.410270,   35.390541,       36.23,
 139.414775,   35.390541,       36.11,
 139.419279,   35.390541,       35.98,
 139.423784,   35.390541,       35.86,
 139.428288,   35.390541,       35.75,
 139.432793,   35.390541,       35.64,
 139.437297,   35.390541,       35.53,
 139.441802,   35.390541,       35.44,
 139.446306,   35.390541,       35.35,
 139.450811,   35.390541,       35.27,
 139.455315,   35.390541,       35.18,
 139.459820,   35.390541,       35.10,
 139.464324,   35.390541,       35.03,
 139.468829,   35.390541,       34.95,
 139.473333,   35.390541,       34.88,
 139.477838,   35.390541,       34.81,
 139.482342,   35.390541,       34.75,
 139.486847,   35.390541,       34.70,
 139.491351,   35.390541,       34.66,
 139.495856,   35.390541,       34.63,
 139.500360,   35.390541,       34.63,
 139.504865,   35.390541,       34.66,
 139.509369,   35.390541,       34.76,
 139.513874,   35.390541,       34.95,
 139.518378,   35.390541,       35.28,
 139.522883,   35.390541,       35.78,
 139.527387,   35.390541,       36.32,
 139.531892,   35.390541,       36.86,
 139.536396,   35.390541,       37.40,
 139.540901,   35.390541,       37.94,
 139.545405,   35.390541,       38.49,
 139.549910,   35.390541,       39.03,
 139.554414,   35.390541,       39.57,
 139.558919,   35.390541,       40.12,
 139.563423,   35.390541,       40.67,
 139.567928,   35.390541,       41.22,
 139.572432,   35.390541,       41.79,
 139.576937,   35.390541,       42.36,
 139.581441,   35.390541,       42.94,
 139.585946,   35.390541,       43.56,
 139.590450,   35.390541,       44.20,
 139.594955,   35.390541,       44.92,
 139.599459,   35.390541,       45.73,
 139.603964,   35.390541,       46.63,
 139.608468,   35.390541,       47.63,
 139.612973,   35.390541,       48.77,
 139.617477,   35.390541,       50.12,
 139.621982,   35.390541,       51.70,
 139.626486,   35.390541,       53.32,
 139.630991,   35.390541,       53.10,
 139.635495,   35.390541,       51.37,
 139.640000,   35.390541,       50.94,
 139.644505,   35.390541,       51.50,
 139.649009,   35.390541,       51.86,
 139.653514,   35.390541,       52.16,
 139.658018,   35.390541,       53.36,
 139.662523,   35.390541,       54.25,
 139.667027,   35.390541,       54.83,
 139.671532,   35.390541,       54.58,
 139.676036,   35.390541,       54.15,
 139.680541,   35.390541,       53.36,
 139.685045,   35.390541,       52.48,
 139.689550,   35.390541,       51.61,
 139.694054,   35.390541,       50.76,
 139.698559,   35.390541,       49.97,
 139.703063,   35.390541,       49.49,
 139.707568,   35.390541,       49.35,
 139.712072,   35.390541,       49.25,
 139.716577,   35.390541,       49.86,
 139.721081,   35.390541,       50.50,
 139.725586,   35.390541,       51.27,
 139.730090,   35.390541,       52.00,
 139.734595,   35.390541,       52.51,
 139.739099,   35.390541,       52.89,
 139.743604,   35.390541,       53.16,
 139.748108,   35.390541,       53.39,
 139.752613,   35.390541,       53.62,
 139.757117,   35.390541,       53.85,
 139.761622,   35.390541,       54.12,
 139.766126,   35.390541,       54.40,
 139.770631,   35.390541,       54.68,
 139.775135,   35.390541,       54.97,
 139.779640,   35.390541,       55.27,
 139.784144,   35.390541,       55.58,
 139.788649,   35.390541,       55.89,
 139.793153,   35.390541,       56.16,
 139.797658,   35.390541,       56.41,
 139.802162,   35.390541,       56.66,
 139.806667,   35.390541,       56.87,
 139.811171,   35.390541,       57.06,
 139.815676,   35.390541,       57.22,
 139.820180,   35.390541,       57.34,
 139.824685,   35.390541,       57.43,
 139.829189,   35.390541,       57.48,
 139.833694,   35.390541,       57.48,
 139.838198,   35.390541,       57.40,
 139.842703,   35.390541,       57.28,
 139.847207,   35.390541,       57.12,
 139.851712,   35.390541,       56.88,
 139.856216,   35.390541,       56.61,
 139.860721,   35.390541,       56.28,
 139.865225,   35.390541,       55.99,
 139.869730,   35.390541,       55.80,
 139.874234,   35.390541,       55.60,
 139.878739,   35.390541,       55.54,
 139.883243,   35.390541,       55.60,
 139.887748,   35.390541,       55.70,
 139.892252,   35.390541,       56.01,
 139.896757,   35.390541,       56.46,
 139.901261,   35.390541,       57.45,
 139.905766,   35.390541,       58.55,
 139.910270,   35.390541,       59.86,
 139.914775,   35.390541,       60.62,
 139.919279,   35.390541,       59.90,
 139.923784,   35.390541,       59.46,
 139.928288,   35.390541,       59.07,
 139.932793,   35.390541,       58.74,
 139.937297,   35.390541,       58.44,
 139.941802,   35.390541,       58.16,
 139.946306,   35.390541,       57.91,
 139.950811,   35.390541,       57.67,
 139.955315,   35.390541,       57.44,
 139.959820,   35.390541,       57.22,
 139.964324,   35.390541,       57.04,
 139.968829,   35.390541,       56.92,
 139.973333,   35.390541,       56.86,
 139.977838,   35.390541,       56.82,
 139.982342,   35.390541,       56.79,
 139.986847,   35.390541,       56.73,
 139.991351,   35.390541,       56.66,
 139.995856,   35.390541,       56.57,
 140.000360,   35.390541,       56.48,
 140.004865,   35.390541,       56.39,
 140.009369,   35.390541,       56.30,
 140.013874,   35.390541,       56.22,
 140.018378,   35.390541,       56.13,
 140.022883,   35.390541,       56.05,
 140.027387,   35.390541,       55.97,
 140.031892,   35.390541,       55.88,
 140.036396,   35.390541,       55.81,
 140.040901,   35.390541,       55.73,
 140.045405,   35.390541,       55.65,
 140.049910,   35.390541,       55.58,
 140.054414,   35.390541,       55.50,
 140.058919,   35.390541,       55.43,
 140.063423,   35.390541,       55.36,
 140.067928,   35.390541,       55.29,
 140.072432,   35.390541,       55.23,
 140.076937,   35.390541,       55.17,
 140.081441,   35.390541,       55.11,
 140.085946,   35.390541,       55.05,
 140.090450,   35.390541,       54.99,
 140.094955,   35.390541,       54.94,
 140.099459,   35.390541,       54.90,
 140.103964,   35.390541,       54.86,
 140.108468,   35.390541,       54.83,
 140.112973,   35.390541,       54.80,
 140.117477,   35.390541,       54.78,
 140.121982,   35.390541,       54.76,
 140.126486,   35.390541,       54.76,
 140.130991,   35.390541,       54.76,
 140.135495,   35.390541,       54.77,
 140.140000,   35.390541,       54.79,
 140.144505,   35.390541,       54.82,
 140.149009,   35.390541,       54.85,
 140.153514,   35.390541,       54.88,
 140.158018,   35.390541,       54.92,
 140.162523,   35.390541,       54.96,
 140.167027,   35.390541,       55.01,
 140.171532,   35.390541,       55.05,
 140.176036,   35.390541,       55.10,
 140.180541,   35.390541,       55.16,
 140.185045,   35.390541,       55.22,
 140.189550,   35.390541,       55.28,
 140.194054,   35.390541,       55.34,
 140.198559,   35.390541,       55.40,
 140.203063,   35.390541,       55.47,
 140.207568,   35.390541,       55.55,
 140.212072,   35.390541,       55.62,
 140.216577,   35.390541,       55.70,
 140.221081,   35.390541,       55.78,
 140.225586,   35.390541,       55.87,
 140.230090,   35.390541,       55.96,
 140.234595,   35.390541,       56.05,
 140.239099,   35.390541,       56.14,
 140.243604,   35.390541,       56.24,
 140.248108,   35.390541,       56.34,
 140.252613,   35.390541,       56.49,
 140.257117,   35.390541,       56.80,
 140.261622,   35.390541,       57.10,
 140.266126,   35.390541,       57.40,
 140.270631,   35.390541,       57.70,
 140.275135,   35.390541,       57.99,
 140.279640,   35.390541,       58.29,
 140.284144,   35.390541,       58.58,
 140.288649,   35.390541,       58.87,
 140.293153,   35.390541,       59.15,
 140.297658,   35.390541,       59.44,
 140.302162,   35.390541,       59.72,
 140.306667,   35.390541,       60.00,
 140.311171,   35.390541,       60.28,
 140.315676,   35.390541,       60.55,
 140.320180,   35.390541,       60.83,
 140.324685,   35.390541,       61.10,
 140.329189,   35.390541,       61.37,
 140.333694,   35.390541,       61.63,
 140.338198,   35.390541,       61.90,
 140.342703,   35.390541,       62.16,
 140.347207,   35.390541,       62.42,
 140.351712,   35.390541,       62.68,
 140.356216,   35.390541,       62.93,
 140.360721,   35.390541,       63.18,
 140.365225,   35.390541,       63.44,
 140.369730,   35.390541,       63.68,
 140.374234,   35.390541,       63.93,
 140.378739,   35.390541,       64.17,
 140.383243,   35.390541,       64.42,
 140.387748,   35.390541,       64.66,
 139.140000,   35.395045,       47.74,
 139.144505,   35.395045,       46.81,
 139.149009,   35.395045,       45.90,
 139.153514,   35.395045,       45.02,
 139.158018,   35.395045,       44.17,
 139.162523,   35.395045,       43.35,
 139.167027,   35.395045,       42.56,
 139.171532,   35.395045,       41.80,
 139.176036,   35.395045,       41.06,
 139.180541,   35.395045,       40.36,
 139.185045,   35.395045,       39.68,
 139.189550,   35.395045,       39.03,
 139.194054,   35.395045,       38.41,
 139.198559,   35.395045,       37.82,
 139.203063,   35.395045,       37.26,
 139.207568,   35.395045,       36.73,
 139.212072,   35.395045,       36.23,
 139.216577,   35.395045,       35.75,
 139.221081,   35.395045,       35.30,
 139.225586,   35.395045,       34.89,
 139.230090,   35.395045,       34.50,
 139.234595,   35.395045,       34.14,
 139.239099,   35.395045,       33.81,
 139.243604,   35.395045,       33.51,
 139.248108,   35.395045,       33.23,
 139.252613,   35.395045,       32.99,
 139.257117,   35.395045,       32.77,
 139.261622,   35.395045,       32.59,
 139.266126,   35.395045,       32.43,
 139.270631,   35.395045,       32.30,
 139.275135,   35.395045,       32.20,
 139.279640,   35.395045,       32.13,
 139.284144,   35.395045,       32.09,
 139.288649,   35.395045,       32.07,
 139.293153,   35.395045,       32.09,
 139.297658,   35.395045,       32.13,
 139.302162,   35.395045,       32.21,
 139.306667,   35.395045,       32.31,
 139.311171,   35.395045,       32.44,
 139.315676,   35.395045,       32.60,
 139.320180,   35.395045,       32.79,
 139.324685,   35.395045,       33.00,
 139.329189,   35.395045,       33.25,
 139.333694,   35.395045,       33.53,
 139.338198,   35.395045,       33.83,
 139.342703,   35.395045,       34.16,
 139.347207,   35.395045,       34.52,
 139.351712,   35.395045,       34.91,
 139.356216,   35.395045,       35.33,
 139.360721,   35.395045,       35.78,
 139.365225,   35.395045,       36.26,
 139.369730,   35.395045,       36.76,
 139.374234,   35.395045,       37.30,
 139.378739,   35.395045,       37.12,
 139.383243,   35.395045,       36.76,
 139.387748,   35.395045,       36.49,
 139.392252,   35.395045,       36.34,
 139.396757,   35.395045,       36.19,
 139.401261,   35.395045,       36.04,
 139.405766,   35.395045,       35.90,
 139.410270,   35.395045,       35.76,
 139.414775,   35.395045,       35.62,
 139.419279,   35.395045,       35.48,
 139.423784,   35.395045,       35.35,
 139.428288,   35.395045,       35.22,
 139.432793,   35.395045,       35.10,
 139.437297,   35.395045,       34.97,
 139.441802,   35.395045,       34.86,
 139.446306,   35.395045,       34.75,
 139.450811,   35.395045,       34.64,
 139.455315,   35.395045,       34.55,
 139.459820,   35.395045,       34.45,
 139.464324,   35.395045,       34.35,
 139.468829,   35.395045,       34.26,
 139.473333,   35.395045,       34.17,
 139.477838,   35.395045,       34.08,
 139.482342,   35.395045,       33.99,
 139.486847,   35.395045,       33.91,
 139.491351,   35.395045,       33.83,
 139.495856,   35.395045,       33.76,
 139.500360,   35.395045,       33.70,
 139.504865,   35.395045,       33.66,
 139.509369,   35.395045,       33.64,
 139.513874,   35.395045,       33.67,
 139.518378,   35.395045,       33.77,
 139.522883,   35.395045,       33.98,
 139.527387,   35.395045,       34.35,
 139.531892,   35.395045,       34.89,
 139.536396,   35.395045,       35.43,
 139.540901,   35.395045,       35.98,
 139.545405,   35.395045,       36.53,
 139.549910,   35.395045,       37.07,
 139.554414,   35.395045,       37.62,
 139.558919,   35.395045,       38.18,
 139.563423,   35.395045,       38.73,
 139.567928,   35.395045,       39.29,
 139.572432,   35.395045,       39.86,
 139.576937,   35.395045,       40.44,
 139.581441,   35.395045,       41.03,
 139.585946,   35.395045,       41.65,
 139.590450,   35.395045,       42.30,
 139.594955,   35.395045,       43.00,
 139.599459,   35.395045,       43.79,
 139.603964,   35.395045,       44.70,
 139.608468,   35.395045,       45.71,
 139.612973,   35.395045,       46.87,
 139.617477,   35.395045,       48.23,
 139.621982,   35.395045,       49.86,
 139.626486,   35.395045,       51.80,
 139.630991,   35.395045,       53.13,
 139.635495,   35.395045,       51.93,
 139.640000,   35.395045,       52.01,
 139.644505,   35.395045,       51.50,
 139.649009,   35.395045,       51.61,
 139.653514,   35.395045,       52.20,
 139.658018,   35.395045,       52.92,
 139.662523,   35.395045,       53.70,
 139.667027,   35.395045,       53.82,
 139.671532,   35.395045,       53.84,
 139.676036,   35.395045,       53.30,
 139.680541,   35.395045,       52.96,
 139.685045,   35.395045,       52.14,
 139.689550,   35.395045,       51.36,
 139.694054,   35.395045,       50.62,
 139.698559,   35.395045,       49.92,
 139.703063,   35.395045,       49.33,
 139.707568,   35.395045,       49.29,
 139.712072,   35.395045,       49.33,
 139.716577,   35.395045,       49.80,
 139.721081,   35.395045,       50.42,
 139.725586,   35.395045,       51.09,
 139.730090,   35.395045,       51.80,
 139.734595,   35.395045,       52.35,
 139.739099,   35.395045,       52.76,
 139.743604,   35.395045,       53.10,
 139.748108,   35.395045,       53.33,
 139.752613,   35.395045,       53.56,
 139.757117,   35.395045,       53.82,
 139.761622,   35.395045,       54.10,
 139.766126,   35.395045,       54.39,
 139.770631,   35.395045,       54.67,
 139.775135,   35.395045,       54.96,
 139.779640,   35.395045,       55.27,
 139.784144,   35.395045,       55.59,
 139.788649,   35.395045,       55.91,
 139.793153,   35.395045,       56.21,
 139.797658,   35.395045,       56.47,
 139.802162,   35.395045,       56.74,
 139.806667,   35.395045,       57.00,
 139.811171,   35.395045,       57.20,
 139.815676,   35.395045,       57.37,
 139.820180,   35.395045,       57.51,
 139.824685,   35.395045,       57.60,
 139.829189,   35.395045,       57.66,
 139.833694,   35.395045,       57.68,
 139.838198,   35.395045,       57.63,
 139.842703,   35.395045,       57.50,
 139.847207,   35.395045,       57.34,
 139.851712,   35.395045,       57.05,
 139.856216,   35.395045,       56.74,
 139.860721,   35.395045,       56.40,
 139.865225,   35.395045,       56.06,
 139.869730,   35.395045,       55.80,
 139.874234,   35.395045,       55.60,
 139.878739,   35.395045,       55.44,
 139.883243,   35.395045,       55.35,
 139.887748,   35.395045,       55.55,
 139.892252,   35.395045,       55.82,
 139.896757,   35.395045,       56.32,
 139.901261,   35.395045,       57.44,
 139.905766,   35.395045,       58.55,
 139.910270,   35.395045,       59.81,
 139.914775,   35.395045,       60.28,
 139.919279,   35.395045,       59.77,
 139.923784,   35.395045,       59.30,
 139.928288,   35.395045,       58.93,
 139.932793,   35.395045,       58.61,
 139.937297,   35.395045,       58.33,
 139.941802,   35.395045,       58.07,
 139.946306,   35.395045,       57.83,
 139.950811,   35.395045,       57.60,
 139.955315,   35.395045,       57.38,
 139.959820,   35.395045,       57.16,
 139.964324,   35.395045,       56.97,
 139.968829,   35.395045,       56.86,
 139.973333,   35.395045,       56.80,
 139.977838,   35.395045,       56.78,
 139.982342,   35.395045,       56.77,
 139.986847,   35.395045,       56.73,
 139.991351,   35.395045,       56.67,
 139.995856,   35.395045,       56.59,
 140.000360,   35.395045,       56.51,
 140.004865,   35.395045,       56.43,
 140.009369,   35.395045,       56.35,
 140.013874,   35.395045,       56.27,
 140.018378,   35.395045,       56.19,
 140.022883,   35.395045,       56.11,
 140.027387,   35.395045,       56.04,
 140.031892,   35.395045,       55.96,
 140.036396,   35.395045,       55.89,
 140.040901,   35.395045,       55.81,
 140.045405,   35.395045,       55.74,
 140.049910,   35.395045,       55.67,
 140.054414,   35.395045,       55.60,
 140.058919,   35.395045,       55.53,
 140.063423,   35.395045,       55.47,
 140.067928,   35.395045,       55.40,
 140.072432,   35.395045,       55.34,
 140.076937,   35.395045,       55.28,
 140.081441,   35.395045,       55.23,
 140.085946,   35.395045,       55.17,
 140.090450,   35.395045,       55.12,
 140.094955,   35.395045,       55.07,
 140.099459,   35.395045,       55.03,
 140.103964,   35.395045,       55.00,
 140.108468,   35.395045,       54.97,
 140.112973,   35.395045,       54.95,
 140.117477,   35.395045,       54.93,
 140.121982,   35.395045,       54.92,
 140.126486,   35.395045,       54.92,
 140.130991,   35.395045,       54.93,
 140.135495,   35.395045,       54.95,
 140.140000,   35.395045,       54.98,
 140.144505,   35.395045,       55.00,
 140.149009,   35.395045,       55.04,
 140.153514,   35.395045,       55.08,
 140.158018,   35.395045,       55.12,
 140.162523,   35.395045,       55.17,
 140.167027,   35.395045,       55.22,
 140.171532,   35.395045,       55.27,
 140.176036,   35.395045,       55.32,
 140.180541,   35.395045,       55.38,
 140.185045,   35.395045,       55.44,
 140.189550,   35.395045,       55.50,
 140.194054,   35.395045,       55.57,
 140.198559,   35.395045,       55.64,
 140.203063,   35.395045,       55.71,
 140.207568,   35.395045,       55.79,
 140.212072,   35.395045,       55.87,
 140.216577,   35.395045,       55.95,
 140.221081,   35.395045,       56.04,
 140.225586,   35.395045,       56.13,
 140.230090,   35.395045,       56.22,
 140.234595,   35.395045,       56.31,
 140.239099,   35.395045,       56.41,
 140.243604,   35.395045,       56.51,
 140.248108,   35.395045,       56.62,
 140.252613,   35.395045,       56.91,
 140.257117,   35.395045,       57.21,
 140.261622,   35.395045,       57.52,
 140.266126,   35.395045,       57.82,
 140.270631,   35.395045,       58.12,
 140.275135,   35.395045,       58.41,
 140.279640,   35.395045,       58.71,
 140.284144,   35.395045,       59.00,
 140.288649,   35.395045,       59.29,
 140.293153,   35.395045,       59.58,
 140.297658,   35.395045,       59.86,
 140.302162,   35.395045,       60.14,
 140.306667,   35.395045,       60.43,
 140.311171,   35.395045,       60.70,
 140.315676,   35.395045,       60.98,
 140.320180,   35.395045,       61.26,
 140.324685,   35.395045,       61.53,
 140.329189,   35.395045,       61.80,
 140.333694,   35.395045,       62.06,
 140.338198,   35.395045,       62.33,
 140.342703,   35.395045,       62.59,
 140.347207,   35.395045,       62.85,
 140.351712,   35.395045,       63.11,
 140.356216,   35.395045,       63.37,
 140.360721,   35.395045,       63.62,
 140.365225,   35.395045,       63.87,
 140.369730,   35.395045,       64.12,
 140.374234,   35.395045,       64.37,
 140.378739,   35.395045,       64.62,
 140.383243,   35.395045,       64.86,
 140.387748,   35.395045,       65.10,
 139.140000,   35.399550,       46.86,
 139.144505,   35.399550,       45.92,
 139.149009,   35.399550,       45.00,
 139.153514,   35.399550,       44.11,
 139.158018,   35.399550,       43.24,
 139.162523,   35.399550,       42.41,
 139.167027,   35.399550,       41.61,
 139.171532,   35.399550,       40.83,
 139.176036,   35.399550,       40.09,
 139.180541,   35.399550,       39.37,
 139.185045,   35.399550,       38.68,
 139.189550,   35.399550,       38.02,
 139.194054,   35.399550,       37.39,
 139.198559,   35.399550,       36.79,
 139.203063,   35.399550,       36.21,
 139.207568,   35.399550,       35.67,
 139.212072,   35.399550,       35.15,
 139.216577,   35.399550,       34.67,
 139.221081,   35.399550,       34.21,
 139.225586,   35.399550,       33.78,
 139.230090,   35.399550,       33.38,
 139.234595,   35.399550,       33.01,
 139.239099,   35.399550,       32.66,
 139.243604,   35.399550,       32.35,
 139.248108,   35.399550,       32.07,
 139.252613,   35.399550,       31.81,
 139.257117,   35.399550,       31.58,
 139.261622,   35.399550,       31.38,
 139.266126,   35.399550,       31.21,
 139.270631,   35.399550,       31.07,
 139.275135,   35.399550,       30.96,
 139.279640,   35.399550,       30.88,
 139.284144,   35.399550,       30.82,
 139.288649,   35.399550,       30.80,
 139.293153,   35.399550,       30.80,
 139.297658,   35.399550,       30.83,
 139.302162,   35.399550,       30.89,
 139.306667,   35.399550,       30.98,
 139.311171,   35.399550,       31.10,
 139.315676,   35.399550,       31.25,
 139.320180,   35.399550,       31.42,
 139.324685,   35.399550,       31.63,
 139.329189,   35.399550,       31.86,
 139.333694,   35.399550,       32.13,
 139.338198,   35.399550,       32.42,
 139.342703,   35.399550,       32.74,
 139.347207,   35.399550,       33.09,
 139.351712,   35.399550,       33.46,
 139.356216,   35.399550,       33.87,
 139.360721,   35.399550,       34.31,
 139.365225,   35.399550,       34.77,
 139.369730,   35.399550,       35.26,
 139.374234,   35.399550,       35.79,
 139.378739,   35.399550,       36.34,
 139.383243,   35.399550,       36.65,
 139.387748,   35.399550,       36.28,
 139.392252,   35.399550,       35.95,
 139.396757,   35.399550,       35.75,
 139.401261,   35.399550,       35.60,
 139.405766,   35.399550,       35.45,
 139.410270,   35.399550,       35.30,
 139.414775,   35.399550,       35.15,
 139.419279,   35.399550,       35.01,
 139.423784,   35.399550,       34.86,
 139.428288,   35.399550,       34.72,
 139.432793,   35.399550,       34.59,
 139.437297,   35.399550,       34.45,
 139.441802,   35.399550,       34.32,
 139.446306,   35.399550,       34.19,
 139.450811,   35.399550,       34.07,
 139.455315,   35.399550,       33.95,
 139.459820,   35.399550,       33.84,
 139.464324,   35.399550,       33.73,
 139.468829,   35.399550,       33.62,
 139.473333,   35.399550,       33.51,
 139.477838,   35.399550,       33.40,
 139.482342,   35.399550,       33.29,
 139.486847,   35.399550,       33.18,
 139.491351,   35.399550,       33.08,
 139.495856,   35.399550,       32.98,
 139.500360,   35.399550,       32.88,
 139.504865,   35.399550,       32.79,
 139.509369,   35.399550,       32.71,
 139.513874,   35.399550,       32.65,
 139.518378,   35.399550,       32.62,
 139.522883,   35.399550,       32.64,
 139.527387,   35.399550,       32.76,
 139.531892,   35.399550,       33.00,
 139.536396,   35.399550,       33.45,
 139.540901,   35.399550,       34.00,
 139.545405,   35.399550,       34.55,
 139.549910,   35.399550,       35.11,
 139.554414,   35.399550,       35.66,
 139.558919,   35.399550,       36.22,
 139.563423,   35.399550,       36.78,
 139.567928,   35.399550,       37.34,
 139.572432,   35.399550,       37.92,
 139.576937,   35.399550,       38.50,
 139.581441,   35.399550,       39.11,
 139.585946,   35.399550,       39.73,
 139.590450,   35.399550,       40.38,
 139.594955,   35.399550,       41.08,
 139.599459,   35.399550,       41.85,
 139.603964,   35.399550,       42.72,
 139.608468,   35.399550,       43.75,
 139.612973,   35.399550,       44.93,
 139.617477,   35.399550,       46.31,
 139.621982,   35.399550,       48.00,
 139.626486,   35.399550,       50.09,
 139.630991,   35.399550,       52.59,
 139.635495,   35.399550,       52.79,
 139.640000,   35.399550,       52.22,
 139.644505,   35.399550,       51.63,
 139.649009,   35.399550,       51.39,
 139.653514,   35.399550,       51.68,
 139.658018,   35.399550,       51.98,
 139.662523,   35.399550,       52.41,
 139.667027,   35.399550,       52.52,
 139.671532,   35.399550,       52.29,
 139.676036,   35.399550,       52.05,
 139.680541,   35.399550,       52.08,
 139.685045,   35.399550,       51.74,
 139.689550,   35.399550,       51.26,
 139.694054,   35.399550,       50.51,
 139.698559,   35.399550,       49.81,
 139.703063,   35.399550,       49.31,
 139.707568,   35.399550,       49.28,
 139.712072,   35.399550,       49.31,
 139.716577,   35.399550,       49.72,
 139.721081,   35.399550,       50.30,
 139.725586,   35.399550,       50.92,
 139.730090,   35.399550,       51.57,
 139.734595,   35.399550,       52.17,
 139.739099,   35.399550,       52.62,
 139.743604,   35.399550,       52.99,
 139.748108,   35.399550,       53.26,
 139.752613,   35.399550,       53.53,
 139.757117,   35.399550,       53.81,
 139.761622,   35.399550,       54.09,
 139.766126,   35.399550,       54.38,
 139.770631,   35.399550,       54.66,
 139.775135,   35.399550,       54.95,
 139.779640,   35.399550,       55.27,
 139.784144,   35.399550,       55.61,
 139.788649,   35.399550,       55.93,
 139.793153,   35.399550,       56.26,
 139.797658,   35.399550,       56.55,
 139.802162,   35.399550,       56.83,
 139.806667,   35.399550,       57.10,
 139.811171,   35.399550,       57.35,
 139.815676,   35.399550,       57.54,
 139.820180,   35.399550,       57.69,
 139.824685,   35.399550,       57.80,
 139.829189,   35.399550,       57.86,
 139.833694,   35.399550,       57.88,
 139.838198,   35.399550,       57.85,
 139.842703,   35.399550,       57.73,
 139.847207,   35.399550,       57.57,
 139.851712,   35.399550,       57.30,
 139.856216,   35.399550,       56.99,
 139.860721,   35.399550,       56.61,
 139.865225,   35.399550,       56.26,
 139.869730,   35.399550,       55.92,
 139.874234,   35.399550,       55.62,
 139.878739,   35.399550,       55.45,
 139.883243,   35.399550,       55.29,
 139.887748,   35.399550,       55.34,
 139.892252,   35.399550,       55.69,
 139.896757,   35.399550,       56.50,
 139.901261,   35.399550,       57.53,
 139.905766,   35.399550,       58.68,
 139.910270,   35.399550,       59.22,
 139.914775,   35.399550,       59.37,
 139.919279,   35.399550,       59.52,
 139.923784,   35.399550,       59.07,
 139.928288,   35.399550,       58.73,
 139.932793,   35.399550,       58.43,
 139.937297,   35.399550,       58.17,
 139.941802,   35.399550,       57.93,
 139.946306,   35.399550,       57.70,
 139.950811,   35.399550,       57.49,
 139.955315,   35.399550,       57.28,
 139.959820,   35.399550,       57.09,
 139.964324,   35.399550,       56.90,
 139.968829,   35.399550,       56.78,
 139.973333,   35.399550,       56.73,
 139.977838,   35.399550,       56.73,
 139.982342,   35.399550,       56.74,
 139.986847,   35.399550,       56.72,
 139.991351,   35.399550,       56.68,
 139.995856,   35.399550,       56.62,
 140.000360,   35.399550,       56.54,
 140.004865,   35.399550,       56.47,
 140.009369,   35.399550,       56.40,
 140.013874,   35.399550,       56.33,
 140.018378,   35.399550,       56.25,
 140.022883,   35.399550,       56.18,
 140.027387,   35.399550,       56.11,
 140.031892,   35.399550,       56.04,
 140.036396,   35.399550,       55.97,
 140.040901,   35.399550,       55.90,
 140.045405,   35.399550,       55.84,
 140.049910,   35.399550,       55.77,
 140.054414,   35.399550,       55.70,
 140.058919,   35.399550,       55.64,
 140.063423,   35.399550,       55.58,
 140.067928,   35.399550,       55.52,
 140.072432,   35.399550,       55.46,
 140.076937,   35.399550,       55.40,
 140.081441,   35.399550,       55.35,
 140.085946,   35.399550,       55.30,
 140.090450,   35.399550,       55.25,
 140.094955,   35.399550,       55.20,
 140.099459,   35.399550,       55.17,
 140.103964,   35.399550,       55.14,
 140.108468,   35.399550,       55.11,
 140.112973,   35.399550,       55.10,
 140.117477,   35.399550,       55.09,
 140.121982,   35.399550,       55.08,
 140.126486,   35.399550,       55.09,
 140.130991,   35.399550,       55.11,
 140.135495,   35.399550,       55.13,
 140.140000,   35.399550,       55.16,
 140.144505,   35.399550,       55.20,
 140.149009,   35.399550,       55.24,
 140.153514,   35.399550,       55.28,
 140.158018,   35.399550,       55.33,
 140.162523,   35.399550,       55.38,
 140.167027,   35.399550,       55.43,
 140.171532,   35.399550,       55.48,
 140.176036,   35.399550,       55.54,
 140.180541,   35.399550,       55.60,
 140.185045,   35.399550,       55.67,
 140.189550,   35.399550,       55.74,
 140.194054,   35.399550,       55.81,
 140.198559,   35.399550,       55.88,
 140.203063,   35.399550,       55.96,
 140.207568,   35.399550,       56.04,
 140.212072,   35.399550,       56.12,
 140.216577,   35.399550,       56.20,
 140.221081,   35.399550,       56.29,
 140.225586,   35.399550,       56.39,
 140.230090,   35.399550,       56.48,
 140.234595,   35.399550,       56.58,
 140.239099,   35.399550,       56.68,
 140.243604,   35.399550,       56.79,
 140.248108,   35.399550,       57.02,
 140.252613,   35.399550,       57.32,
 140.257117,   35.399550,       57.63,
 140.261622,   35.399550,       57.94,
 140.266126,   35.399550,       58.24,
 140.270631,   35.399550,       58.54,
 140.275135,   35.399550,       58.83,
 140.279640,   35.399550,       59.13,
 140.284144,   35.399550,       59.42,
 140.288649,   35.399550,       59.71,
 140.293153,   35.399550,       60.00,
 140.297658,   35.399550,       60.29,
 140.302162,   35.399550,       60.57,
 140.306667,   35.399550,       60.85,
 140.311171,   35.399550,       61.13,
 140.315676,   35.399550,       61.41,
 140.320180,   35.399550,       61.69,
 140.324685,   35.399550,       61.96,
 140.329189,   35.399550,       62.23,
 140.333694,   35.399550,       62.50,
 140.338198,   35.399550,       62.76,
 140.342703,   35.399550,       63.03,
 140.347207,   35.399550,       63.29,
 140.351712,   35.399550,       63.55,
 140.356216,   35.399550,       63.81,
 140.360721,   35.399550,       64.06,
 140.365225,   35.399550,       64.31,
 140.369730,   35.399550,       64.56,
 140.374234,   35.399550,       64.81,
 140.378739,   35.399550,       65.06,
 140.383243,   35.399550,       65.30,
 140.387748,   35.399550,       65.54,
 139.140000,   35.404054,       45.96,
 139.144505,   35.404054,       45.00,
 139.149009,   35.404054,       44.07,
 139.153514,   35.404054,       43.16,
 139.158018,   35.404054,       42.29,
 139.162523,   35.404054,       41.45,
 139.167027,   35.404054,       40.63,
 139.171532,   35.404054,       39.84,
 139.176036,   35.404054,       39.08,
 139.180541,   35.404054,       38.35,
 139.185045,   35.404054,       37.65,
 139.189550,   35.404054,       36.98,
 139.194054,   35.404054,       36.34,
 139.198559,   35.404054,       35.72,
 139.203063,   35.404054,       35.14,
 139.207568,   35.404054,       34.58,
 139.212072,   35.404054,       34.05,
 139.216577,   35.404054,       33.55,
 139.221081,   35.404054,       33.08,
 139.225586,   35.404054,       32.64,
 139.230090,   35.404054,       32.23,
 139.234595,   35.404054,       31.85,
 139.239099,   35.404054,       31.49,
 139.243604,   35.404054,       31.16,
 139.248108,   35.404054,       30.87,
 139.252613,   35.404054,       30.60,
 139.257117,   35.404054,       30.36,
 139.261622,   35.404054,       30.15,
 139.266126,   35.404054,       29.97,
 139.270631,   35.404054,       29.81,
 139.275135,   35.404054,       29.69,
 139.279640,   35.404054,       29.59,
 139.284144,   35.404054,       29.53,
 139.288649,   35.404054,       29.49,
 139.293153,   35.404054,       29.48,
 139.297658,   35.404054,       29.50,
 139.302162,   35.404054,       29.55,
 139.306667,   35.404054,       29.63,
 139.311171,   35.404054,       29.73,
 139.315676,   35.404054,       29.87,
 139.320180,   35.404054,       30.03,
 139.324685,   35.404054,       30.22,
 139.329189,   35.404054,       30.45,
 139.333694,   35.404054,       30.70,
 139.338198,   35.404054,       30.98,
 139.342703,   35.404054,       31.28,
 139.347207,   35.404054,       31.62,
 139.351712,   35.404054,       31.99,
 139.356216,   35.404054,       32.38,
 139.360721,   35.404054,       32.80,
 139.365225,   35.404054,       33.26,
 139.369730,   35.404054,       33.74,
 139.374234,   35.404054,       34.25,
 139.378739,   35.404054,       34.79,
 139.383243,   35.404054,       35.35,
 139.387748,   35.404054,       35.95,
 139.392252,   35.404054,       35.80,
 139.396757,   35.404054,       35.45,
 139.401261,   35.404054,       35.17,
 139.405766,   35.404054,       35.01,
 139.410270,   35.404054,       34.86,
 139.414775,   35.404054,       34.70,
 139.419279,   35.404054,       34.55,
 139.423784,   35.404054,       34.40,
 139.428288,   35.404054,       34.25,
 139.432793,   35.404054,       34.10,
 139.437297,   35.404054,       33.96,
 139.441802,   35.404054,       33.82,
 139.446306,   35.404054,       33.67,
 139.450811,   35.404054,       33.54,
 139.455315,   35.404054,       33.40,
 139.459820,   35.404054,       33.27,
 139.464324,   35.404054,       33.14,
 139.468829,   35.404054,       33.02,
 139.473333,   35.404054,       32.89,
 139.477838,   35.404054,       32.77,
 139.482342,   35.404054,       32.64,
 139.486847,   35.404054,       32.52,
 139.491351,   35.404054,       32.39,
 139.495856,   35.404054,       32.27,
 139.500360,   35.404054,       32.14,
 139.504865,   35.404054,       32.02,
 139.509369,   35.404054,       31.90,
 139.513874,   35.404054,       31.79,
 139.518378,   35.404054,       31.69,
 139.522883,   35.404054,       31.61,
 139.527387,   35.404054,       31.57,
 139.531892,   35.404054,       31.60,
 139.536396,   35.404054,       31.74,
 139.540901,   35.404054,       32.04,
 139.545405,   35.404054,       32.57,
 139.549910,   35.404054,       33.13,
 139.554414,   35.404054,       33.68,
 139.558919,   35.404054,       34.24,
 139.563423,   35.404054,       34.81,
 139.567928,   35.404054,       35.38,
 139.572432,   35.404054,       35.96,
 139.576937,   35.404054,       36.55,
 139.581441,   35.404054,       37.16,
 139.585946,   35.404054,       37.79,
 139.590450,   35.404054,       38.44,
 139.594955,   35.404054,       39.14,
 139.599459,   35.404054,       39.89,
 139.603964,   35.404054,       40.73,
 139.608468,   35.404054,       41.73,
 139.612973,   35.404054,       42.91,
 139.617477,   35.404054,       44.30,
 139.621982,   35.404054,       46.00,
 139.626486,   35.404054,       48.23,
 139.630991,   35.404054,       51.13,
 139.635495,   35.404054,       55.98,
 139.640000,   35.404054,       52.36,
 139.644505,   35.404054,       51.40,
 139.649009,   35.404054,       50.84,
 139.653514,   35.404054,       50.75,
 139.658018,   35.404054,       50.91,
 139.662523,   35.404054,       50.48,
 139.667027,   35.404054,       49.93,
 139.671532,   35.404054,       50.19,
 139.676036,   35.404054,       51.38,
 139.680541,   35.404054,       52.19,
 139.685045,   35.404054,       51.94,
 139.689550,   35.404054,       51.41,
 139.694054,   35.404054,       50.65,
 139.698559,   35.404054,       49.95,
 139.703063,   35.404054,       49.26,
 139.707568,   35.404054,       49.10,
 139.712072,   35.404054,       49.17,
 139.716577,   35.404054,       49.53,
 139.721081,   35.404054,       50.09,
 139.725586,   35.404054,       50.70,
 139.730090,   35.404054,       51.31,
 139.734595,   35.404054,       51.91,
 139.739099,   35.404054,       52.38,
 139.743604,   35.404054,       52.82,
 139.748108,   35.404054,       53.19,
 139.752613,   35.404054,       53.48,
 139.757117,   35.404054,       53.79,
 139.761622,   35.404054,       54.08,
 139.766126,   35.404054,       54.37,
 139.770631,   35.404054,       54.66,
 139.775135,   35.404054,       54.96,
 139.779640,   35.404054,       55.30,
 139.784144,   35.404054,       55.63,
 139.788649,   35.404054,       55.97,
 139.793153,   35.404054,       56.30,
 139.797658,   35.404054,       56.63,
 139.802162,   35.404054,       56.93,
 139.806667,   35.404054,       57.21,
 139.811171,   35.404054,       57.47,
 139.815676,   35.404054,       57.72,
 139.820180,   35.404054,       57.88,
 139.824685,   35.404054,       58.00,
 139.829189,   35.404054,       58.09,
 139.833694,   35.404054,       58.12,
 139.838198,   35.404054,       58.11,
 139.842703,   35.404054,       58.02,
 139.847207,   35.404054,       57.90,
 139.851712,   35.404054,       57.64,
 139.856216,   35.404054,       57.32,
 139.860721,   35.404054,       56.95,
 139.865225,   35.404054,       56.51,
 139.869730,   35.404054,       56.13,
 139.874234,   35.404054,       55.77,
 139.878739,   35.404054,       55.47,
 139.883243,   35.404054,       55.31,
 139.887748,   35.404054,       55.17,
 139.892252,   35.404054,       55.69,
 139.896757,   35.404054,       56.62,
 139.901261,   35.404054,       57.64,
 139.905766,   35.404054,       58.37,
 139.910270,   35.404054,       58.53,
 139.914775,   35.404054,       58.55,
 139.919279,   35.404054,       58.55,
 139.923784,   35.404054,       58.72,
 139.928288,   35.404054,       58.46,
 139.932793,   35.404054,       58.21,
 139.937297,   35.404054,       57.98,
 139.941802,   35.404054,       57.76,
 139.946306,   35.404054,       57.56,
 139.950811,   35.404054,       57.36,
 139.955315,   35.404054,       57.18,
 139.959820,   35.404054,       56.99,
 139.964324,   35.404054,       56.82,
 139.968829,   35.404054,       56.69,
 139.973333,   35.404054,       56.66,
 139.977838,   35.404054,       56.67,
 139.982342,   35.404054,       56.70,
 139.986847,   35.404054,       56.71,
 139.991351,   35.404054,       56.69,
 139.995856,   35.404054,       56.64,
 140.000360,   35.404054,       56.58,
 140.004865,   35.404054,       56.51,
 140.009369,   35.404054,       56.45,
 140.013874,   35.404054,       56.38,
 140.018378,   35.404054,       56.32,
 140.022883,   35.404054,       56.25,
 140.027387,   35.404054,       56.19,
 140.031892,   35.404054,       56.12,
 140.036396,   35.404054,       56.06,
 140.040901,   35.404054,       55.99,
 140.045405,   35.404054,       55.93,
 140.049910,   35.404054,       55.87,
 140.054414,   35.404054,       55.81,
 140.058919,   35.404054,       55.75,
 140.063423,   35.404054,       55.69,
 140.067928,   35.404054,       55.63,
 140.072432,   35.404054,       55.57,
 140.076937,   35.404054,       55.52,
 140.081441,   35.404054,       55.47,
 140.085946,   35.404054,       55.42,
 140.090450,   35.404054,       55.38,
 140.094955,   35.404054,       55.34,
 140.099459,   35.404054,       55.31,
 140.103964,   35.404054,       55.28,
 140.108468,   35.404054,       55.26,
 140.112973,   35.404054,       55.25,
 140.117477,   35.404054,       55.24,
 140.121982,   35.404054,       55.25,
 140.126486,   35.404054,       55.26,
 140.130991,   35.404054,       55.29,
 140.135495,   35.404054,       55.31,
 140.140000,   35.404054,       55.35,
 140.144505,   35.404054,       55.39,
 140.149009,   35.404054,       55.43,
 140.153514,   35.404054,       55.48,
 140.158018,   35.404054,       55.53,
 140.162523,   35.404054,       55.59,
 140.167027,   35.404054,       55.64,
 140.171532,   35.404054,       55.70,
 140.176036,   35.404054,       55.76,
 140.180541,   35.404054,       55.83,
 140.185045,   35.404054,       55.90,
 140.189550,   35.404054,       55.97,
 140.194054,   35.404054,       56.04,
 140.198559,   35.404054,       56.12,
 140.203063,   35.404054,       56.20,
 140.207568,   35.404054,       56.28,
 140.212072,   35.404054,       56.37,
 140.216577,   35.404054,       56.46,
 140.221081,   35.404054,       56.55,
 140.225586,   35.404054,       56.65,
 140.230090,   35.404054,       56.75,
 140.234595,   35.404054,       56.85,
 140.239099,   35.404054,       56.96,
 140.243604,   35.404054,       57.12,
 140.248108,   35.404054,       57.44,
 140.252613,   35.404054,       57.74,
 140.257117,   35.404054,       58.05,
 140.261622,   35.404054,       58.36,
 140.266126,   35.404054,       58.66,
 140.270631,   35.404054,       58.96,
 140.275135,   35.404054,       59.26,
 140.279640,   35.404054,       59.56,
 140.284144,   35.404054,       59.85,
 140.288649,   35.404054,       60.14,
 140.293153,   35.404054,       60.43,
 140.297658,   35.404054,       60.72,
 140.302162,   35.404054,       61.00,
 140.306667,   35.404054,       61.29,
 140.311171,   35.404054,       61.57,
 140.315676,   35.404054,       61.84,
 140.320180,   35.404054,       62.12,
 140.324685,   35.404054,       62.39,
 140.329189,   35.404054,       62.67,
 140.333694,   35.404054,       62.93,
 140.338198,   35.404054,       63.20,
 140.342703,   35.404054,       63.47,
 140.347207,   35.404054,       63.73,
 140.351712,   35.404054,       63.99,
 140.356216,   35.404054,       64.25,
 140.360721,   35.404054,       64.50,
 140.365225,   35.404054,       64.76,
 140.369730,   35.404054,       65.01,
 140.374234,   35.404054,       65.26,
 140.378739,   35.404054,       65.50,
 140.383243,   35.404054,       65.75,
 140.387748,   35.404054,       65.99,
 139.140000,   35.408559,       45.02,
 139.144505,   35.408559,       44.05,
 139.149009,   35.408559,       43.11,
 139.153514,   35.408559,       42.19,
 139.158018,   35.408559,       41.31,
 139.162523,   35.408559,       40.45,
 139.167027,   35.408559,       39.62,
 139.171532,   35.408559,       38.82,
 139.176036,   35.408559,       38.05,
 139.180541,   35.408559,       37.31,
 139.185045,   35.408559,       36.60,
 139.189550,   35.408559,       35.91,
 139.194054,   35.408559,       35.26,
 139.198559,   35.408559,       34.63,
 139.203063,   35.408559,       34.03,
 139.207568,   35.408559,       33.46,
 139.212072,   35.408559,       32.92,
 139.216577,   35.408559,       32.41,
 139.221081,   35.408559,       31.93,
 139.225586,   35.408559,       31.48,
 139.230090,   35.408559,       31.05,
 139.234595,   35.408559,       30.66,
 139.239099,   35.408559,       30.29,
 139.243604,   35.408559,       29.95,
 139.248108,   35.408559,       29.64,
 139.252613,   35.408559,       29.36,
 139.257117,   35.408559,       29.11,
 139.261622,   35.408559,       28.89,
 139.266126,   35.408559,       28.69,
 139.270631,   35.408559,       28.53,
 139.275135,   35.408559,       28.39,
 139.279640,   35.408559,       28.28,
 139.284144,   35.408559,       28.20,
 139.288649,   35.408559,       28.15,
 139.293153,   35.408559,       28.13,
 139.297658,   35.408559,       28.14,
 139.302162,   35.408559,       28.18,
 139.306667,   35.408559,       28.24,
 139.311171,   35.408559,       28.34,
 139.315676,   35.408559,       28.46,
 139.320180,   35.408559,       28.61,
 139.324685,   35.408559,       28.79,
 139.329189,   35.408559,       29.00,
 139.333694,   35.408559,       29.24,
 139.338198,   35.408559,       29.51,
 139.342703,   35.408559,       29.80,
 139.347207,   35.408559,       30.13,
 139.351712,   35.408559,       30.48,
 139.356216,   35.408559,       30.86,
 139.360721,   35.408559,       31.27,
 139.365225,   35.408559,       31.71,
 139.369730,   35.408559,       32.18,
 139.374234,   35.408559,       32.68,
 139.378739,   35.408559,       33.21,
 139.383243,   35.408559,       33.76,
 139.387748,   35.408559,       34.35,
 139.392252,   35.408559,       34.96,
 139.396757,   35.408559,       35.33,
 139.401261,   35.408559,       34.97,
 139.405766,   35.408559,       34.64,
 139.410270,   35.408559,       34.43,
 139.414775,   35.408559,       34.27,
 139.419279,   35.408559,       34.11,
 139.423784,   35.408559,       33.95,
 139.428288,   35.408559,       33.80,
 139.432793,   35.408559,       33.64,
 139.437297,   35.408559,       33.49,
 139.441802,   35.408559,       33.34,
 139.446306,   35.408559,       33.18,
 139.450811,   35.408559,       33.03,
 139.455315,   35.408559,       32.89,
 139.459820,   35.408559,       32.74,
 139.464324,   35.408559,       32.59,
 139.468829,   35.408559,       32.45,
 139.473333,   35.408559,       32.31,
 139.477838,   35.408559,       32.18,
 139.482342,   35.408559,       32.04,
 139.486847,   35.408559,       31.90,
 139.491351,   35.408559,       31.76,
 139.495856,   35.408559,       31.61,
 139.500360,   35.408559,       31.47,
 139.504865,   35.408559,       31.32,
 139.509369,   35.408559,       31.17,
 139.513874,   35.408559,       31.03,
 139.518378,   35.408559,       30.89,
 139.522883,   35.408559,       30.75,
 139.527387,   35.408559,       30.63,
 139.531892,   35.408559,       30.53,
 139.536396,   35.408559,       30.49,
 139.540901,   35.408559,       30.53,
 139.545405,   35.408559,       30.72,
 139.549910,   35.408559,       31.14,
 139.554414,   35.408559,       31.70,
 139.558919,   35.408559,       32.26,
 139.563423,   35.408559,       32.83,
 139.567928,   35.408559,       33.40,
 139.572432,   35.408559,       33.99,
 139.576937,   35.408559,       34.58,
 139.581441,   35.408559,       35.19,
 139.585946,   35.408559,       35.82,
 139.590450,   35.408559,       36.47,
 139.594955,   35.408559,       37.17,
 139.599459,   35.408559,       37.91,
 139.603964,   35.408559,       38.72,
 139.608468,   35.408559,       39.65,
 139.612973,   35.408559,       40.80,
 139.617477,   35.408559,       42.15,
 139.621982,   35.408559,       43.80,
 139.626486,   35.408559,       45.95,
 139.630991,   35.408559,       48.45,
 139.635495,   35.408559,       54.30,
 139.640000,   35.408559,       59.99,
 139.644505,   35.408559,       52.78,
 139.649009,   35.408559,       50.16,
 139.653514,   35.408559,       49.72,
 139.658018,   35.408559,       49.19,
 139.662523,   35.408559,       48.52,
 139.667027,   35.408559,       48.77,
 139.671532,   35.408559,       50.57,
 139.676036,   35.408559,       52.22,
 139.680541,   35.408559,       53.38,
 139.685045,   35.408559,       52.90,
 139.689550,   35.408559,       51.95,
 139.694054,   35.408559,       51.00,
 139.698559,   35.408559,       50.11,
 139.703063,   35.408559,       49.22,
 139.707568,   35.408559,       48.72,
 139.712072,   35.408559,       48.95,
 139.716577,   35.408559,       49.33,
 139.721081,   35.408559,       49.80,
 139.725586,   35.408559,       50.40,
 139.730090,   35.408559,       51.02,
 139.734595,   35.408559,       51.64,
 139.739099,   35.408559,       52.14,
 139.743604,   35.408559,       52.62,
 139.748108,   35.408559,       53.04,
 139.752613,   35.408559,       53.39,
 139.757117,   35.408559,       53.73,
 139.761622,   35.408559,       54.06,
 139.766126,   35.408559,       54.36,
 139.770631,   35.408559,       54.66,
 139.775135,   35.408559,       54.97,
 139.779640,   35.408559,       55.32,
 139.784144,   35.408559,       55.66,
 139.788649,   35.408559,       56.00,
 139.793153,   35.408559,       56.34,
 139.797658,   35.408559,       56.68,
 139.802162,   35.408559,       57.02,
 139.806667,   35.408559,       57.33,
 139.811171,   35.408559,       57.59,
 139.815676,   35.408559,       57.86,
 139.820180,   35.408559,       58.09,
 139.824685,   35.408559,       58.23,
 139.829189,   35.408559,       58.37,
 139.833694,   35.408559,       58.43,
 139.838198,   35.408559,       58.44,
 139.842703,   35.408559,       58.42,
 139.847207,   35.408559,       58.28,
 139.851712,   35.408559,       58.08,
 139.856216,   35.408559,       57.75,
 139.860721,   35.408559,       57.35,
 139.865225,   35.408559,       56.86,
 139.869730,   35.408559,       56.35,
 139.874234,   35.408559,       55.93,
 139.878739,   35.408559,       55.56,
 139.883243,   35.408559,       55.30,
 139.887748,   35.408559,       55.27,
 139.892252,   35.408559,       55.65,
 139.896757,   35.408559,       56.65,
 139.901261,   35.408559,       57.73,
 139.905766,   35.408559,       57.89,
 139.910270,   35.408559,       57.85,
 139.914775,   35.408559,       57.76,
 139.919279,   35.408559,       57.67,
 139.923784,   35.408559,       58.03,
 139.928288,   35.408559,       58.07,
 139.932793,   35.408559,       57.91,
 139.937297,   35.408559,       57.73,
 139.941802,   35.408559,       57.56,
 139.946306,   35.408559,       57.39,
 139.950811,   35.408559,       57.22,
 139.955315,   35.408559,       57.06,
 139.959820,   35.408559,       56.89,
 139.964324,   35.408559,       56.73,
 139.968829,   35.408559,       56.60,
 139.973333,   35.408559,       56.57,
 139.977838,   35.408559,       56.59,
 139.982342,   35.408559,       56.66,
 139.986847,   35.408559,       56.69,
 139.991351,   35.408559,       56.69,
 139.995856,   35.408559,       56.66,
 140.000360,   35.408559,       56.61,
 140.004865,   35.408559,       56.56,
 140.009369,   35.408559,       56.50,
 140.013874,   35.408559,       56.44,
 140.018378,   35.408559,       56.39,
 140.022883,   35.408559,       56.33,
 140.027387,   35.408559,       56.27,
 140.031892,   35.408559,       56.21,
 140.036396,   35.408559,       56.15,
 140.040901,   35.408559,       56.09,
 140.045405,   35.408559,       56.03,
 140.049910,   35.408559,       55.97,
 140.054414,   35.408559,       55.91,
 140.058919,   35.408559,       55.85,
 140.063423,   35.408559,       55.80,
 140.067928,   35.408559,       55.75,
 140.072432,   35.408559,       55.69,
 140.076937,   35.408559,       55.64,
 140.081441,   35.408559,       55.60,
 140.085946,   35.408559,       55.55,
 140.090450,   35.408559,       55.51,
 140.094955,   35.408559,       55.47,
 140.099459,   35.408559,       55.45,
 140.103964,   35.408559,       55.43,
 140.108468,   35.408559,       55.41,
 140.112973,   35.408559,       55.40,
 140.117477,   35.408559,       55.40,
 140.121982,   35.408559,       55.42,
 140.126486,   35.408559,       55.44,
 140.130991,   35.408559,       55.47,
 140.135495,   35.408559,       55.50,
 140.140000,   35.408559,       55.54,
 140.144505,   35.408559,       55.59,
 140.149009,   35.408559,       55.64,
 140.153514,   35.408559,       55.69,
 140.158018,   35.408559,       55.74,
 140.162523,   35.408559,       55.80,
 140.167027,   35.408559,       55.86,
 140.171532,   35.408559,       55.92,
 140.176036,   35.408559,       55.99,
 140.180541,   35.408559,       56.06,
 140.185045,   35.408559,       56.13,
 140.189550,   35.408559,       56.21,
 140.194054,   35.408559,       56.28,
 140.198559,   35.408559,       56.37,
 140.203063,   35.408559,       56.45,
 140.207568,   35.408559,       56.54,
 140.212072,   35.408559,       56.63,
 140.216577,   35.408559,       56.72,
 140.221081,   35.408559,       56.82,
 140.225586,   35.408559,       56.92,
 140.230090,   35.408559,       57.02,
 140.234595,   35.408559,       57.13,
 140.239099,   35.408559,       57.24,
 140.243604,   35.408559,       57.54,
 140.248108,   35.408559,       57.86,
 140.252613,   35.408559,       58.17,
 140.257117,   35.408559,       58.48,
 140.261622,   35.408559,       58.78,
 140.266126,   35.408559,       59.09,
 140.270631,   35.408559,       59.39,
 140.275135,   35.408559,       59.69,
 140.279640,   35.408559,       59.98,
 140.284144,   35.408559,       60.28,
 140.288649,   35.408559,       60.57,
 140.293153,   35.408559,       60.86,
 140.297658,   35.408559,       61.15,
 140.302162,   35.408559,       61.44,
 140.306667,   35.408559,       61.72,
 140.311171,   35.408559,       62.00,
 140.315676,   35.408559,       62.28,
 140.320180,   35.408559,       62.56,
 140.324685,   35.408559,       62.83,
 140.329189,   35.408559,       63.10,
 140.333694,   35.408559,       63.37,
 140.338198,   35.408559,       63.64,
 140.342703,   35.408559,       63.91,
 140.347207,   35.408559,       64.17,
 140.351712,   35.408559,       64.43,
 140.356216,   35.408559,       64.69,
 140.360721,   35.408559,       64.95,
 140.365225,   35.408559,       65.20,
 140.369730,   35.408559,       65.45,
 140.374234,   35.408559,       65.70,
 140.378739,   35.408559,       65.95,
 140.383243,   35.408559,       66.20,
 140.387748,   35.408559,       66.44,
 139.140000,   35.413063,       44.06,
 139.144505,   35.413063,       43.08,
 139.149009,   35.413063,       42.12,
 139.153514,   35.413063,       41.19,
 139.158018,   35.413063,       40.29,
 139.162523,   35.413063,       39.43,
 139.167027,   35.413063,       38.58,
 139.171532,   35.413063,       37.77,
 139.176036,   35.413063,       36.99,
 139.180541,   35.413063,       36.24,
 139.185045,   35.413063,       35.51,
 139.189550,   35.413063,       34.81,
 139.194054,   35.413063,       34.15,
 139.198559,   35.413063,       33.51,
 139.203063,   35.413063,       32.90,
 139.207568,   35.413063,       32.32,
 139.212072,   35.413063,       31.76,
 139.216577,   35.413063,       31.24,
 139.221081,   35.413063,       30.75,
 139.225586,   35.413063,       30.28,
 139.230090,   35.413063,       29.84,
 139.234595,   35.413063,       29.44,
 139.239099,   35.413063,       29.06,
 139.243604,   35.413063,       28.71,
 139.248108,   35.413063,       28.38,
 139.252613,   35.413063,       28.09,
 139.257117,   35.413063,       27.83,
 139.261622,   35.413063,       27.59,
 139.266126,   35.413063,       27.39,
 139.270631,   35.413063,       27.21,
 139.275135,   35.413063,       27.06,
 139.279640,   35.413063,       26.94,
 139.284144,   35.413063,       26.85,
 139.288649,   35.413063,       26.79,
 139.293153,   35.413063,       26.75,
 139.297658,   35.413063,       26.75,
 139.302162,   35.413063,       26.77,
 139.306667,   35.413063,       26.83,
 139.311171,   35.413063,       26.91,
 139.315676,   35.413063,       27.02,
 139.320180,   35.413063,       27.16,
 139.324685,   35.413063,       27.33,
 139.329189,   35.413063,       27.53,
 139.333694,   35.413063,       27.75,
 139.338198,   35.413063,       28.01,
 139.342703,   35.413063,       28.29,
 139.347207,   35.413063,       28.60,
 139.351712,   35.413063,       28.94,
 139.356216,   35.413063,       29.32,
 139.360721,   35.413063,       29.71,
 139.365225,   35.413063,       30.14,
 139.369730,   35.413063,       30.60,
 139.374234,   35.413063,       31.08,
 139.378739,   35.413063,       31.60,
 139.383243,   35.413063,       32.14,
 139.387748,   35.413063,       32.71,
 139.392252,   35.413063,       33.32,
 139.396757,   35.413063,       33.95,
 139.401261,   35.413063,       34.60,
 139.405766,   35.413063,       34.49,
 139.410270,   35.413063,       34.14,
 139.414775,   35.413063,       33.86,
 139.419279,   35.413063,       33.69,
 139.423784,   35.413063,       33.53,
 139.428288,   35.413063,       33.36,
 139.432793,   35.413063,       33.20,
 139.437297,   35.413063,       33.04,
 139.441802,   35.413063,       32.88,
 139.446306,   35.413063,       32.72,
 139.450811,   35.413063,       32.56,
 139.455315,   35.413063,       32.40,
 139.459820,   35.413063,       32.24,
 139.464324,   35.413063,       32.09,
 139.468829,   35.413063,       31.93,
 139.473333,   35.413063,       31.78,
 139.477838,   35.413063,       31.62,
 139.482342,   35.413063,       31.47,
 139.486847,   35.413063,       31.32,
 139.491351,   35.413063,       31.16,
 139.495856,   35.413063,       31.01,
 139.500360,   35.413063,       30.84,
 139.504865,   35.413063,       30.68,
 139.509369,   35.413063,       30.51,
 139.513874,   35.413063,       30.34,
 139.518378,   35.413063,       30.17,
 139.522883,   35.413063,       30.00,
 139.527387,   35.413063,       29.83,
 139.531892,   35.413063,       29.67,
 139.536396,   35.413063,       29.53,
 139.540901,   35.413063,       29.42,
 139.545405,   35.413063,       29.38,
 139.549910,   35.413063,       29.46,
 139.554414,   35.413063,       29.73,
 139.558919,   35.413063,       30.27,
 139.563423,   35.413063,       30.84,
 139.567928,   35.413063,       31.41,
 139.572432,   35.413063,       32.00,
 139.576937,   35.413063,       32.59,
 139.581441,   35.413063,       33.20,
 139.585946,   35.413063,       33.83,
 139.590450,   35.413063,       34.48,
 139.594955,   35.413063,       35.17,
 139.599459,   35.413063,       35.89,
 139.603964,   35.413063,       36.68,
 139.608468,   35.413063,       37.55,
 139.612973,   35.413063,       38.59,
 139.617477,   35.413063,       39.89,
 139.621982,   35.413063,       41.42,
 139.626486,   35.413063,       43.18,
 139.630991,   35.413063,       45.42,
 139.635495,   35.413063,       49.11,
 139.640000,   35.413063,       58.30,
 139.644505,   35.413063,       53.38,
 139.649009,   35.413063,       50.14,
 139.653514,   35.413063,       48.80,
 139.658018,   35.413063,       48.44,
 139.662523,   35.413063,       50.22,
 139.667027,   35.413063,       52.06,
 139.671532,   35.413063,       53.52,
 139.676036,   35.413063,       54.67,
 139.680541,   35.413063,       55.96,
 139.685045,   35.413063,       56.94,
 139.689550,   35.413063,       54.23,
 139.694054,   35.413063,       51.30,
 139.698559,   35.413063,       49.98,
 139.703063,   35.413063,       48.96,
 139.707568,   35.413063,       48.34,
 139.712072,   35.413063,       48.68,
 139.716577,   35.413063,       49.06,
 139.721081,   35.413063,       49.51,
 139.725586,   35.413063,       50.12,
 139.730090,   35.413063,       50.73,
 139.734595,   35.413063,       51.33,
 139.739099,   35.413063,       51.88,
 139.743604,   35.413063,       52.42,
 139.748108,   35.413063,       52.88,
 139.752613,   35.413063,       53.26,
 139.757117,   35.413063,       53.64,
 139.761622,   35.413063,       54.00,
 139.766126,   35.413063,       54.33,
 139.770631,   35.413063,       54.65,
 139.775135,   35.413063,       54.98,
 139.779640,   35.413063,       55.33,
 139.784144,   35.413063,       55.68,
 139.788649,   35.413063,       56.04,
 139.793153,   35.413063,       56.39,
 139.797658,   35.413063,       56.73,
 139.802162,   35.413063,       57.07,
 139.806667,   35.413063,       57.42,
 139.811171,   35.413063,       57.72,
 139.815676,   35.413063,       58.00,
 139.820180,   35.413063,       58.29,
 139.824685,   35.413063,       58.46,
 139.829189,   35.413063,       58.62,
 139.833694,   35.413063,       58.77,
 139.838198,   35.413063,       58.80,
 139.842703,   35.413063,       58.80,
 139.847207,   35.413063,       58.70,
 139.851712,   35.413063,       58.52,
 139.856216,   35.413063,       58.22,
 139.860721,   35.413063,       57.78,
 139.865225,   35.413063,       57.20,
 139.869730,   35.413063,       56.62,
 139.874234,   35.413063,       56.06,
 139.878739,   35.413063,       55.64,
 139.883243,   35.413063,       55.35,
 139.887748,   35.413063,       55.40,
 139.892252,   35.413063,       55.55,
 139.896757,   35.413063,       56.71,
 139.901261,   35.413063,       57.53,
 139.905766,   35.413063,       57.35,
 139.910270,   35.413063,       57.16,
 139.914775,   35.413063,       56.99,
 139.919279,   35.413063,       56.85,
 139.923784,   35.413063,       56.81,
 139.928288,   35.413063,       57.44,
 139.932793,   35.413063,       57.49,
 139.937297,   35.413063,       57.41,
 139.941802,   35.413063,       57.31,
 139.946306,   35.413063,       57.18,
 139.950811,   35.413063,       57.05,
 139.955315,   35.413063,       56.92,
 139.959820,   35.413063,       56.78,
 139.964324,   35.413063,       56.64,
 139.968829,   35.413063,       56.50,
 139.973333,   35.413063,       56.47,
 139.977838,   35.413063,       56.51,
 139.982342,   35.413063,       56.60,
 139.986847,   35.413063,       56.67,
 139.991351,   35.413063,       56.70,
 139.995856,   35.413063,       56.69,
 140.000360,   35.413063,       56.65,
 140.004865,   35.413063,       56.61,
 140.009369,   35.413063,       56.56,
 140.013874,   35.413063,       56.51,
 140.018378,   35.413063,       56.46,
 140.022883,   35.413063,       56.40,
 140.027387,   35.413063,       56.35,
 140.031892,   35.413063,       56.29,
 140.036396,   35.413063,       56.24,
 140.040901,   35.413063,       56.18,
 140.045405,   35.413063,       56.13,
 140.049910,   35.413063,       56.07,
 140.054414,   35.413063,       56.02,
 140.058919,   35.413063,       55.97,
 140.063423,   35.413063,       55.91,
 140.067928,   35.413063,       55.86,
 140.072432,   35.413063,       55.81,
 140.076937,   35.413063,       55.77,
 140.081441,   35.413063,       55.72,
 140.085946,   35.413063,       55.68,
 140.090450,   35.413063,       55.64,
 140.094955,   35.413063,       55.61,
 140.099459,   35.413063,       55.59,
 140.103964,   35.413063,       55.57,
 140.108468,   35.413063,       55.56,
 140.112973,   35.413063,       55.56,
 140.117477,   35.413063,       55.57,
 140.121982,   35.413063,       55.59,
 140.126486,   35.413063,       55.61,
 140.130991,   35.413063,       55.65,
 140.135495,   35.413063,       55.69,
 140.140000,   35.413063,       55.74,
 140.144505,   35.413063,       55.79,
 140.149009,   35.413063,       55.84,
 140.153514,   35.413063,       55.89,
 140.158018,   35.413063,       55.95,
 140.162523,   35.413063,       56.01,
 140.167027,   35.413063,       56.08,
 140.171532,   35.413063,       56.15,
 140.176036,   35.413063,       56.22,
 140.180541,   35.413063,       56.29,
 140.185045,   35.413063,       56.37,
 140.189550,   35.413063,       56.45,
 140.194054,   35.413063,       56.53,
 140.198559,   35.413063,       56.61,
 140.203063,   35.413063,       56.70,
 140.207568,   35.413063,       56.79,
 140.212072,   35.413063,       56.89,
 140.216577,   35.413063,       56.99,
 140.221081,   35.413063,       57.09,
 140.225586,   35.413063,       57.19,
 140.230090,   35.413063,       57.30,
 140.234595,   35.413063,       57.41,
 140.239099,   35.413063,       57.65,
 140.243604,   35.413063,       57.97,
 140.248108,   35.413063,       58.28,
 140.252613,   35.413063,       58.59,
 140.257117,   35.413063,       58.90,
 140.261622,   35.413063,       59.21,
 140.266126,   35.413063,       59.51,
 140.270631,   35.413063,       59.82,
 140.275135,   35.413063,       60.12,
 140.279640,   35.413063,       60.41,
 140.284144,   35.413063,       60.71,
 140.288649,   35.413063,       61.00,
 140.293153,   35.413063,       61.29,
 140.297658,   35.413063,       61.58,
 140.302162,   35.413063,       61.87,
 140.306667,   35.413063,       62.15,
 140.311171,   35.413063,       62.44,
 140.315676,   35.413063,       62.72,
 140.320180,   35.413063,       62.99,
 140.324685,   35.413063,       63.27,
 140.329189,   35.413063,       63.54,
 140.333694,   35.413063,       63.81,
 140.338198,   35.413063,       64.08,
 140.342703,   35.413063,       64.35,
 140.347207,   35.413063,       64.61,
 140.351712,   35.413063,       64.88,
 140.356216,   35.413063,       65.14,
 140.360721,   35.413063,       65.39,
 140.365225,   35.413063,       65.65,
 140.369730,   35.413063,       65.90,
 140.374234,   35.413063,       66.15,
 140.378739,   35.413063,       66.40,
 140.383243,   35.413063,       66.65,
 140.387748,   35.413063,       66.89,
 139.140000,   35.417568,       43.07,
 139.144505,   35.417568,       42.07,
 139.149009,   35.417568,       41.10,
 139.153514,   35.417568,       40.16,
 139.158018,   35.417568,       39.25,
 139.162523,   35.417568,       38.37,
 139.167027,   35.417568,       37.52,
 139.171532,   35.417568,       36.70,
 139.176036,   35.417568,       35.90,
 139.180541,   35.417568,       35.13,
 139.185045,   35.417568,       34.40,
 139.189550,   35.417568,       33.69,
 139.194054,   35.417568,       33.01,
 139.198559,   35.417568,       32.36,
 139.203063,   35.417568,       31.74,
 139.207568,   35.417568,       31.14,
 139.212072,   35.417568,       30.58,
 139.216577,   35.417568,       30.04,
 139.221081,   35.417568,       29.54,
 139.225586,   35.417568,       29.06,
 139.230090,   35.417568,       28.61,
 139.234595,   35.417568,       28.19,
 139.239099,   35.417568,       27.80,
 139.243604,   35.417568,       27.43,
 139.248108,   35.417568,       27.10,
 139.252613,   35.417568,       26.80,
 139.257117,   35.417568,       26.52,
 139.261622,   35.417568,       26.27,
 139.266126,   35.417568,       26.05,
 139.270631,   35.417568,       25.86,
 139.275135,   35.417568,       25.70,
 139.279640,   35.417568,       25.57,
 139.284144,   35.417568,       25.47,
 139.288649,   35.417568,       25.39,
 139.293153,   35.417568,       25.35,
 139.297658,   35.417568,       25.33,
 139.302162,   35.417568,       25.34,
 139.306667,   35.417568,       25.38,
 139.311171,   35.417568,       25.45,
 139.315676,   35.417568,       25.55,
 139.320180,   35.417568,       25.68,
 139.324685,   35.417568,       25.84,
 139.329189,   35.417568,       26.02,
 139.333694,   35.417568,       26.24,
 139.338198,   35.417568,       26.48,
 139.342703,   35.417568,       26.75,
 139.347207,   35.417568,       27.05,
 139.351712,   35.417568,       27.38,
 139.356216,   35.417568,       27.74,
 139.360721,   35.417568,       28.13,
 139.365225,   35.417568,       28.54,
 139.369730,   35.417568,       28.99,
 139.374234,   35.417568,       29.46,
 139.378739,   35.417568,       29.96,
 139.383243,   35.417568,       30.49,
 139.387748,   35.417568,       31.05,
 139.392252,   35.417568,       31.64,
 139.396757,   35.417568,       32.26,
 139.401261,   35.417568,       32.91,
 139.405766,   35.417568,       33.58,
 139.410270,   35.417568,       34.02,
 139.414775,   35.417568,       33.65,
 139.419279,   35.417568,       33.33,
 139.423784,   35.417568,       33.11,
 139.428288,   35.417568,       32.94,
 139.432793,   35.417568,       32.77,
 139.437297,   35.417568,       32.60,
 139.441802,   35.417568,       32.44,
 139.446306,   35.417568,       32.27,
 139.450811,   35.417568,       32.10,
 139.455315,   35.417568,       31.94,
 139.459820,   35.417568,       31.77,
 139.464324,   35.417568,       31.60,
 139.468829,   35.417568,       31.44,
 139.473333,   35.417568,       31.27,
 139.477838,   35.417568,       31.11,
 139.482342,   35.417568,       30.94,
 139.486847,   35.417568,       30.78,
 139.491351,   35.417568,       30.61,
 139.495856,   35.417568,       30.44,
 139.500360,   35.417568,       30.27,
 139.504865,   35.417568,       30.09,
 139.509369,   35.417568,       29.91,
 139.513874,   35.417568,       29.72,
 139.518378,   35.417568,       29.53,
 139.522883,   35.417568,       29.33,
 139.527387,   35.417568,       29.13,
 139.531892,   35.417568,       28.94,
 139.536396,   35.417568,       28.74,
 139.540901,   35.417568,       28.55,
 139.545405,   35.417568,       28.39,
 139.549910,   35.417568,       28.27,
 139.554414,   35.417568,       28.25,
 139.558919,   35.417568,       28.40,
 139.563423,   35.417568,       28.83,
 139.567928,   35.417568,       29.41,
 139.572432,   35.417568,       30.00,
 139.576937,   35.417568,       30.59,
 139.581441,   35.417568,       31.20,
 139.585946,   35.417568,       31.82,
 139.590450,   35.417568,       32.47,
 139.594955,   35.417568,       33.14,
 139.599459,   35.417568,       33.85,
 139.603964,   35.417568,       34.60,
 139.608468,   35.417568,       35.42,
 139.612973,   35.417568,       36.36,
 139.617477,   35.417568,       37.50,
 139.621982,   35.417568,       38.82,
 139.626486,   35.417568,       40.28,
 139.630991,   35.417568,       42.27,
 139.635495,   35.417568,       45.27,
 139.640000,   35.417568,       51.29,
 139.644505,   35.417568,       50.87,
 139.649009,   35.417568,       48.61,
 139.653514,   35.417568,       47.27,
 139.658018,   35.417568,       48.54,
 139.662523,   35.417568,       51.42,
 139.667027,   35.417568,       54.55,
 139.671532,   35.417568,       57.36,
 139.676036,   35.417568,       58.49,
 139.680541,   35.417568,       58.72,
 139.685045,   35.417568,       60.31,
 139.689550,   35.417568,       56.15,
 139.694054,   35.417568,       51.26,
 139.698559,   35.417568,       49.40,
 139.703063,   35.417568,       48.32,
 139.707568,   35.417568,       47.96,
 139.712072,   35.417568,       48.32,
 139.716577,   35.417568,       48.70,
 139.721081,   35.417568,       49.24,
 139.725586,   35.417568,       49.84,
 139.730090,   35.417568,       50.44,
 139.734595,   35.417568,       51.03,
 139.739099,   35.417568,       51.61,
 139.743604,   35.417568,       52.18,
 139.748108,   35.417568,       52.72,
 139.752613,   35.417568,       53.14,
 139.757117,   35.417568,       53.56,
 139.761622,   35.417568,       53.92,
 139.766126,   35.417568,       54.27,
 139.770631,   35.417568,       54.61,
 139.775135,   35.417568,       54.98,
 139.779640,   35.417568,       55.33,
 139.784144,   35.417568,       55.68,
 139.788649,   35.417568,       56.04,
 139.793153,   35.417568,       56.42,
 139.797658,   35.417568,       56.78,
 139.802162,   35.417568,       57.13,
 139.806667,   35.417568,       57.50,
 139.811171,   35.417568,       57.83,
 139.815676,   35.417568,       58.12,
 139.820180,   35.417568,       58.42,
 139.824685,   35.417568,       58.69,
 139.829189,   35.417568,       58.86,
 139.833694,   35.417568,       59.03,
 139.838198,   35.417568,       59.16,
 139.842703,   35.417568,       59.17,
 139.847207,   35.417568,       59.09,
 139.851712,   35.417568,       58.99,
 139.856216,   35.417568,       58.63,
 139.860721,   35.417568,       58.19,
 139.865225,   35.417568,       57.54,
 139.869730,   35.417568,       56.84,
 139.874234,   35.417568,       56.21,
 139.878739,   35.417568,       55.71,
 139.883243,   35.417568,       55.52,
 139.887748,   35.417568,       55.55,
 139.892252,   35.417568,       56.06,
 139.896757,   35.417568,       56.92,
 139.901261,   35.417568,       57.36,
 139.905766,   35.417568,       56.81,
 139.910270,   35.417568,       56.45,
 139.914775,   35.417568,       56.21,
 139.919279,   35.417568,       56.03,
 139.923784,   35.417568,       55.89,
 139.928288,   35.417568,       56.21,
 139.932793,   35.417568,       56.87,
 139.937297,   35.417568,       56.98,
 139.941802,   35.417568,       56.97,
 139.946306,   35.417568,       56.92,
 139.950811,   35.417568,       56.85,
 139.955315,   35.417568,       56.75,
 139.959820,   35.417568,       56.65,
 139.964324,   35.417568,       56.53,
 139.968829,   35.417568,       56.41,
 139.973333,   35.417568,       56.36,
 139.977838,   35.417568,       56.41,
 139.982342,   35.417568,       56.52,
 139.986847,   35.417568,       56.64,
 139.991351,   35.417568,       56.70,
 139.995856,   35.417568,       56.71,
 140.000360,   35.417568,       56.69,
 140.004865,   35.417568,       56.66,
 140.009369,   35.417568,       56.62,
 140.013874,   35.417568,       56.58,
 140.018378,   35.417568,       56.53,
 140.022883,   35.417568,       56.48,
 140.027387,   35.417568,       56.43,
 140.031892,   35.417568,       56.38,
 140.036396,   35.417568,       56.33,
 140.040901,   35.417568,       56.28,
 140.045405,   35.417568,       56.23,
 140.049910,   35.417568,       56.18,
 140.054414,   35.417568,       56.13,
 140.058919,   35.417568,       56.08,
 140.063423,   35.417568,       56.03,
 140.067928,   35.417568,       55.98,
 140.072432,   35.417568,       55.94,
 140.076937,   35.417568,       55.89,
 140.081441,   35.417568,       55.85,
 140.085946,   35.417568,       55.81,
 140.090450,   35.417568,       55.78,
 140.094955,   35.417568,       55.75,
 140.099459,   35.417568,       55.73,
 140.103964,   35.417568,       55.72,
 140.108468,   35.417568,       55.72,
 140.112973,   35.417568,       55.72,
 140.117477,   35.417568,       55.73,
 140.121982,   35.417568,       55.76,
 140.126486,   35.417568,       55.79,
 140.130991,   35.417568,       55.83,
 140.135495,   35.417568,       55.88,
 140.140000,   35.417568,       55.93,
 140.144505,   35.417568,       55.99,
 140.149009,   35.417568,       56.04,
 140.153514,   35.417568,       56.10,
 140.158018,   35.417568,       56.17,
 140.162523,   35.417568,       56.23,
 140.167027,   35.417568,       56.30,
 140.171532,   35.417568,       56.37,
 140.176036,   35.417568,       56.45,
 140.180541,   35.417568,       56.52,
 140.185045,   35.417568,       56.60,
 140.189550,   35.417568,       56.69,
 140.194054,   35.417568,       56.77,
 140.198559,   35.417568,       56.86,
 140.203063,   35.417568,       56.96,
 140.207568,   35.417568,       57.05,
 140.212072,   35.417568,       57.15,
 140.216577,   35.417568,       57.25,
 140.221081,   35.417568,       57.36,
 140.225586,   35.417568,       57.47,
 140.230090,   35.417568,       57.58,
 140.234595,   35.417568,       57.76,
 140.239099,   35.417568,       58.08,
 140.243604,   35.417568,       58.39,
 140.248108,   35.417568,       58.71,
 140.252613,   35.417568,       59.02,
 140.257117,   35.417568,       59.33,
 140.261622,   35.417568,       59.64,
 140.266126,   35.417568,       59.94,
 140.270631,   35.417568,       60.25,
 140.275135,   35.417568,       60.55,
 140.279640,   35.417568,       60.85,
 140.284144,   35.417568,       61.14,
 140.288649,   35.417568,       61.44,
 140.293153,   35.417568,       61.73,
 140.297658,   35.417568,       62.02,
 140.302162,   35.417568,       62.31,
 140.306667,   35.417568,       62.59,
 140.311171,   35.417568,       62.88,
 140.315676,   35.417568,       63.16,
 140.320180,   35.417568,       63.43,
 140.324685,   35.417568,       63.71,
 140.329189,   35.417568,       63.99,
 140.333694,   35.417568,       64.26,
 140.338198,   35.417568,       64.53,
 140.342703,   35.417568,       64.79,
 140.347207,   35.417568,       65.06,
 140.351712,   35.417568,       65.32,
 140.356216,   35.417568,       65.58,
 140.360721,   35.417568,       65.84,
 140.365225,   35.417568,       66.10,
 140.369730,   35.417568,       66.35,
 140.374234,   35.417568,       66.60,
 140.378739,   35.417568,       66.85,
 140.383243,   35.417568,       67.10,
 140.387748,   35.417568,       67.34,
 139.140000,   35.422072,       42.05,
 139.144505,   35.422072,       41.04,
 139.149009,   35.422072,       40.06,
 139.153514,   35.422072,       39.11,
 139.158018,   35.422072,       38.18,
 139.162523,   35.422072,       37.29,
 139.167027,   35.422072,       36.42,
 139.171532,   35.422072,       35.59,
 139.176036,   35.422072,       34.78,
 139.180541,   35.422072,       34.00,
 139.185045,   35.422072,       33.25,
 139.189550,   35.422072,       32.53,
 139.194054,   35.422072,       31.84,
 139.198559,   35.422072,       31.18,
 139.203063,   35.422072,       30.54,
 139.207568,   35.422072,       29.94,
 139.212072,   35.422072,       29.36,
 139.216577,   35.422072,       28.81,
 139.221081,   35.422072,       28.30,
 139.225586,   35.422072,       27.81,
 139.230090,   35.422072,       27.34,
 139.234595,   35.422072,       26.91,
 139.239099,   35.422072,       26.51,
 139.243604,   35.422072,       26.13,
 139.248108,   35.422072,       25.79,
 139.252613,   35.422072,       25.47,
 139.257117,   35.422072,       25.18,
 139.261622,   35.422072,       24.92,
 139.266126,   35.422072,       24.69,
 139.270631,   35.422072,       24.49,
 139.275135,   35.422072,       24.32,
 139.279640,   35.422072,       24.17,
 139.284144,   35.422072,       24.06,
 139.288649,   35.422072,       23.97,
 139.293153,   35.422072,       23.91,
 139.297658,   35.422072,       23.88,
 139.302162,   35.422072,       23.88,
 139.306667,   35.422072,       23.91,
 139.311171,   35.422072,       23.97,
 139.315676,   35.422072,       24.06,
 139.320180,   35.422072,       24.17,
 139.324685,   35.422072,       24.32,
 139.329189,   35.422072,       24.49,
 139.333694,   35.422072,       24.69,
 139.338198,   35.422072,       24.92,
 139.342703,   35.422072,       25.18,
 139.347207,   35.422072,       25.47,
 139.351712,   35.422072,       25.79,
 139.356216,   35.422072,       26.13,
 139.360721,   35.422072,       26.51,
 139.365225,   35.422072,       26.91,
 139.369730,   35.422072,       27.34,
 139.374234,   35.422072,       27.81,
 139.378739,   35.422072,       28.30,
 139.383243,   35.422072,       28.81,
 139.387748,   35.422072,       29.36,
 139.392252,   35.422072,       29.94,
 139.396757,   35.422072,       30.54,
 139.401261,   35.422072,       31.18,
 139.405766,   35.422072,       31.84,
 139.410270,   35.422072,       32.53,
 139.414775,   35.422072,       33.25,
 139.419279,   35.422072,       33.17,
 139.423784,   35.422072,       32.82,
 139.428288,   35.422072,       32.54,
 139.432793,   35.422072,       32.36,
 139.437297,   35.422072,       32.19,
 139.441802,   35.422072,       32.02,
 139.446306,   35.422072,       31.84,
 139.450811,   35.422072,       31.67,
 139.455315,   35.422072,       31.50,
 139.459820,   35.422072,       31.32,
 139.464324,   35.422072,       31.15,
 139.468829,   35.422072,       30.97,
 139.473333,   35.422072,       30.80,
 139.477838,   35.422072,       30.62,
 139.482342,   35.422072,       30.45,
 139.486847,   35.422072,       30.27,
 139.491351,   35.422072,       30.09,
 139.495856,   35.422072,       29.91,
 139.500360,   35.422072,       29.73,
 139.504865,   35.422072,       29.54,
 139.509369,   35.422072,       29.34,
 139.513874,   35.422072,       29.14,
 139.518378,   35.422072,       28.94,
 139.522883,   35.422072,       28.72,
 139.527387,   35.422072,       28.51,
 139.531892,   35.422072,       28.28,
 139.536396,   35.422072,       28.05,
 139.540901,   35.422072,       27.82,
 139.545405,   35.422072,       27.60,
 139.549910,   35.422072,       27.38,
 139.554414,   35.422072,       27.20,
 139.558919,   35.422072,       27.09,
 139.563423,   35.422072,       27.12,
 139.567928,   35.422072,       27.41,
 139.572432,   35.422072,       27.98,
 139.576937,   35.422072,       28.57,
 139.581441,   35.422072,       29.18,
 139.585946,   35.422072,       29.80,
 139.590450,   35.422072,       30.43,
 139.594955,   35.422072,       31.09,
 139.599459,   35.422072,       31.77,
 139.603964,   35.422072,       32.49,
 139.608468,   35.422072,       33.26,
 139.612973,   35.422072,       34.08,
 139.617477,   35.422072,       35.00,
 139.621982,   35.422072,       36.13,
 139.626486,   35.422072,       37.40,
 139.630991,   35.422072,       39.03,
 139.635495,   35.422072,       41.61,
 139.640000,   35.422072,       46.02,
 139.644505,   35.422072,       46.98,
 139.649009,   35.422072,       44.40,
 139.653514,   35.422072,       44.14,
 139.658018,   35.422072,       45.80,
 139.662523,   35.422072,       49.34,
 139.667027,   35.422072,       54.22,
 139.671532,   35.422072,       59.17,
 139.676036,   35.422072,       62.99,
 139.680541,   35.422072,       62.19,
 139.685045,   35.422072,       58.77,
 139.689550,   35.422072,       51.67,
 139.694054,   35.422072,       48.81,
 139.698559,   35.422072,       47.34,
 139.703063,   35.422072,       47.15,
 139.707568,   35.422072,       47.50,
 139.712072,   35.422072,       47.87,
 139.716577,   35.422072,       48.35,
 139.721081,   35.422072,       48.93,
 139.725586,   35.422072,       49.53,
 139.730090,   35.422072,       50.15,
 139.734595,   35.422072,       50.76,
 139.739099,   35.422072,       51.36,
 139.743604,   35.422072,       51.95,
 139.748108,   35.422072,       52.51,
 139.752613,   35.422072,       52.96,
 139.757117,   35.422072,       53.41,
 139.761622,   35.422072,       53.84,
 139.766126,   35.422072,       54.20,
 139.770631,   35.422072,       54.56,
 139.775135,   35.422072,       54.94,
 139.779640,   35.422072,       55.31,
 139.784144,   35.422072,       55.68,
 139.788649,   35.422072,       56.05,
 139.793153,   35.422072,       56.43,
 139.797658,   35.422072,       56.81,
 139.802162,   35.422072,       57.18,
 139.806667,   35.422072,       57.55,
 139.811171,   35.422072,       57.94,
 139.815676,   35.422072,       58.25,
 139.820180,   35.422072,       58.55,
 139.824685,   35.422072,       58.86,
 139.829189,   35.422072,       59.11,
 139.833694,   35.422072,       59.28,
 139.838198,   35.422072,       59.45,
 139.842703,   35.422072,       59.53,
 139.847207,   35.422072,       59.51,
 139.851712,   35.422072,       59.37,
 139.856216,   35.422072,       59.08,
 139.860721,   35.422072,       58.58,
 139.865225,   35.422072,       57.85,
 139.869730,   35.422072,       57.10,
 139.874234,   35.422072,       56.33,
 139.878739,   35.422072,       55.88,
 139.883243,   35.422072,       55.64,
 139.887748,   35.422072,       55.68,
 139.892252,   35.422072,       56.25,
 139.896757,   35.422072,       57.09,
 139.901261,   35.422072,       57.30,
 139.905766,   35.422072,       56.23,
 139.910270,   35.422072,       55.71,
 139.914775,   35.422072,       55.40,
 139.919279,   35.422072,       55.20,
 139.923784,   35.422072,       55.05,
 139.928288,   35.422072,       54.96,
 139.932793,   35.422072,       55.73,
 139.937297,   35.422072,       56.35,
 139.941802,   35.422072,       56.53,
 139.946306,   35.422072,       56.58,
 139.950811,   35.422072,       56.59,
 139.955315,   35.422072,       56.55,
 139.959820,   35.422072,       56.49,
 139.964324,   35.422072,       56.41,
 139.968829,   35.422072,       56.32,
 139.973333,   35.422072,       56.25,
 139.977838,   35.422072,       56.30,
 139.982342,   35.422072,       56.43,
 139.986847,   35.422072,       56.59,
 139.991351,   35.422072,       56.69,
 139.995856,   35.422072,       56.73,
 140.000360,   35.422072,       56.74,
 140.004865,   35.422072,       56.71,
 140.009369,   35.422072,       56.68,
 140.013874,   35.422072,       56.65,
 140.018378,   35.422072,       56.61,
 140.022883,   35.422072,       56.57,
 140.027387,   35.422072,       56.52,
 140.031892,   35.422072,       56.48,
 140.036396,   35.422072,       56.43,
 140.040901,   35.422072,       56.38,
 140.045405,   35.422072,       56.34,
 140.049910,   35.422072,       56.29,
 140.054414,   35.422072,       56.24,
 140.058919,   35.422072,       56.19,
 140.063423,   35.422072,       56.15,
 140.067928,   35.422072,       56.11,
 140.072432,   35.422072,       56.06,
 140.076937,   35.422072,       56.02,
 140.081441,   35.422072,       55.98,
 140.085946,   35.422072,       55.95,
 140.090450,   35.422072,       55.91,
 140.094955,   35.422072,       55.89,
 140.099459,   35.422072,       55.88,
 140.103964,   35.422072,       55.87,
 140.108468,   35.422072,       55.87,
 140.112973,   35.422072,       55.88,
 140.117477,   35.422072,       55.90,
 140.121982,   35.422072,       55.94,
 140.126486,   35.422072,       55.98,
 140.130991,   35.422072,       56.02,
 140.135495,   35.422072,       56.07,
 140.140000,   35.422072,       56.13,
 140.144505,   35.422072,       56.19,
 140.149009,   35.422072,       56.25,
 140.153514,   35.422072,       56.32,
 140.158018,   35.422072,       56.38,
 140.162523,   35.422072,       56.45,
 140.167027,   35.422072,       56.53,
 140.171532,   35.422072,       56.60,
 140.176036,   35.422072,       56.68,
 140.180541,   35.422072,       56.76,
 140.185045,   35.422072,       56.85,
 140.189550,   35.422072,       56.93,
 140.194054,   35.422072,       57.02,
 140.198559,   35.422072,       57.12,
 140.203063,   35.422072,       57.21,
 140.207568,   35.422072,       57.31,
 140.212072,   35.422072,       57.42,
 140.216577,   35.422072,       57.52,
 140.221081,   35.422072,       57.63,
 140.225586,   35.422072,       57.75,
 140.230090,   35.422072,       57.86,
 140.234595,   35.422072,       58.18,
 140.239099,   35.422072,       58.50,
 140.243604,   35.422072,       58.82,
 140.248108,   35.422072,       59.14,
 140.252613,   35.422072,       59.45,
 140.257117,   35.422072,       59.76,
 140.261622,   35.422072,       60.07,
 140.266126,   35.422072,       60.38,
 140.270631,   35.422072,       60.68,
 140.275135,   35.422072,       60.98,
 140.279640,   35.422072,       61.28,
 140.284144,   35.422072,       61.58,
 140.288649,   35.422072,       61.87,
 140.293153,   35.422072,       62.17,
 140.297658,   35.422072,       62.46,
 140.302162,   35.422072,       62.75,
 140.306667,   35.422072,       63.03,
 140.311171,   35.422072,       63.32,
 140.315676,   35.422072,       63.60,
 140.320180,   35.422072,       63.88,
 140.324685,   35.422072,       64.15,
 140.329189,   35.422072,       64.43,
 140.333694,   35.422072,       64.70,
 140.338198,   35.422072,       64.97,
 140.342703,   35.422072,       65.24,
 140.347207,   35.422072,       65.51,
 140.351712,   35.422072,       65.77,
 140.356216,   35.422072,       66.03,
 140.360721,   35.422072,       66.29,
 140.365225,   35.422072,       66.55,
 140.369730,   35.422072,       66.80,
 140.374234,   35.422072,       67.06,
 140.378739,   35.422072,       67.31,
 140.383243,   35.422072,       67.55,
 140.387748,   35.422072,       67.80,
 139.140000,   35.426577,       41.00,
 139.144505,   35.426577,       39.98,
 139.149009,   35.426577,       38.98,
 139.153514,   35.426577,       38.02,
 139.158018,   35.426577,       37.08,
 139.162523,   35.426577,       36.18,
 139.167027,   35.426577,       35.30,
 139.171532,   35.426577,       34.45,
 139.176036,   35.426577,       33.63,
 139.180541,   35.426577,       32.84,
 139.185045,   35.426577,       32.08,
 139.189550,   35.426577,       31.35,
 139.194054,   35.426577,       30.64,
 139.198559,   35.426577,       29.97,
 139.203063,   35.426577,       29.32,
 139.207568,   35.426577,       28.71,
 139.212072,   35.426577,       28.12,
 139.216577,   35.426577,       27.56,
 139.221081,   35.426577,       27.03,
 139.225586,   35.426577,       26.52,
 139.230090,   35.426577,       26.05,
 139.234595,   35.426577,       25.61,
 139.239099,   35.426577,       25.19,
 139.243604,   35.426577,       24.80,
 139.248108,   35.426577,       24.45,
 139.252613,   35.426577,       24.12,
 139.257117,   35.426577,       23.82,
 139.261622,   35.426577,       23.54,
 139.266126,   35.426577,       23.30,
 139.270631,   35.426577,       23.09,
 139.275135,   35.426577,       22.90,
 139.279640,   35.426577,       22.75,
 139.284144,   35.426577,       22.62,
 139.288649,   35.426577,       22.52,
 139.293153,   35.426577,       22.45,
 139.297658,   35.426577,       22.41,
 139.302162,   35.426577,       22.40,
 139.306667,   35.426577,       22.41,
 139.311171,   35.426577,       22.46,
 139.315676,   35.426577,       22.53,
 139.320180,   35.426577,       22.64,
 139.324685,   35.426577,       22.77,
 139.329189,   35.426577,       22.93,
 139.333694,   35.426577,       23.12,
 139.338198,   35.426577,       23.34,
 139.342703,   35.426577,       23.58,
 139.347207,   35.426577,       23.86,
 139.351712,   35.426577,       24.17,
 139.356216,   35.426577,       24.50,
 139.360721,   35.426577,       24.86,
 139.365225,   35.426577,       25.25,
 139.369730,   35.426577,       25.67,
 139.374234,   35.426577,       26.12,
 139.378739,   35.426577,       26.60,
 139.383243,   35.426577,       27.11,
 139.387748,   35.426577,       27.64,
 139.392252,   35.426577,       28.21,
 139.396757,   35.426577,       28.80,
 139.401261,   35.426577,       29.42,
 139.405766,   35.426577,       30.07,
 139.410270,   35.426577,       30.75,
 139.414775,   35.426577,       31.46,
 139.419279,   35.426577,       32.20,
 139.423784,   35.426577,       32.70,
 139.428288,   35.426577,       32.34,
 139.432793,   35.426577,       32.01,
 139.437297,   35.426577,       31.79,
 139.441802,   35.426577,       31.61,
 139.446306,   35.426577,       31.43,
 139.450811,   35.426577,       31.25,
 139.455315,   35.426577,       31.07,
 139.459820,   35.426577,       30.89,
 139.464324,   35.426577,       30.71,
 139.468829,   35.426577,       30.53,
 139.473333,   35.426577,       30.35,
 139.477838,   35.426577,       30.16,
 139.482342,   35.426577,       29.98,
 139.486847,   35.426577,       29.79,
 139.491351,   35.426577,       29.60,
 139.495856,   35.426577,       29.41,
 139.500360,   35.426577,       29.22,
 139.504865,   35.426577,       29.02,
 139.509369,   35.426577,       28.82,
 139.513874,   35.426577,       28.61,
 139.518378,   35.426577,       28.39,
 139.522883,   35.426577,       28.17,
 139.527387,   35.426577,       27.93,
 139.531892,   35.426577,       27.69,
 139.536396,   35.426577,       27.44,
 139.540901,   35.426577,       27.19,
 139.545405,   35.426577,       26.92,
 139.549910,   35.426577,       26.66,
 139.554414,   35.426577,       26.40,
 139.558919,   35.426577,       26.16,
 139.563423,   35.426577,       25.97,
 139.567928,   35.426577,       25.90,
 139.572432,   35.426577,       26.04,
 139.576937,   35.426577,       26.54,
 139.581441,   35.426577,       27.14,
 139.585946,   35.426577,       27.75,
 139.590450,   35.426577,       28.37,
 139.594955,   35.426577,       29.01,
 139.599459,   35.426577,       29.67,
 139.603964,   35.426577,       30.35,
 139.608468,   35.426577,       31.05,
 139.612973,   35.426577,       31.77,
 139.617477,   35.426577,       32.53,
 139.621982,   35.426577,       33.45,
 139.626486,   35.426577,       34.56,
 139.630991,   35.426577,       35.85,
 139.635495,   35.426577,       38.00,
 139.640000,   35.426577,       41.42,
 139.644505,   35.426577,       42.68,
 139.649009,   35.426577,       40.28,
 139.653514,   35.426577,       40.19,
 139.658018,   35.426577,       42.13,
 139.662523,   35.426577,       45.77,
 139.667027,   35.426577,       51.55,
 139.671532,   35.426577,       58.55,
 139.676036,   35.426577,       66.41,
 139.680541,   35.426577,       68.12,
 139.685045,   35.426577,       56.28,
 139.689550,   35.426577,       49.17,
 139.694054,   35.426577,       46.74,
 139.698559,   35.426577,       45.78,
 139.703063,   35.426577,       46.38,
 139.707568,   35.426577,       46.89,
 139.712072,   35.426577,       47.39,
 139.716577,   35.426577,       47.97,
 139.721081,   35.426577,       48.57,
 139.725586,   35.426577,       49.20,
 139.730090,   35.426577,       49.86,
 139.734595,   35.426577,       50.51,
 139.739099,   35.426577,       51.11,
 139.743604,   35.426577,       51.71,
 139.748108,   35.426577,       52.32,
 139.752613,   35.426577,       52.78,
 139.757117,   35.426577,       53.24,
 139.761622,   35.426577,       53.71,
 139.766126,   35.426577,       54.14,
 139.770631,   35.426577,       54.51,
 139.775135,   35.426577,       54.89,
 139.779640,   35.426577,       55.28,
 139.784144,   35.426577,       55.66,
 139.788649,   35.426577,       56.05,
 139.793153,   35.426577,       56.44,
 139.797658,   35.426577,       56.83,
 139.802162,   35.426577,       57.21,
 139.806667,   35.426577,       57.59,
 139.811171,   35.426577,       57.98,
 139.815676,   35.426577,       58.34,
 139.820180,   35.426577,       58.66,
 139.824685,   35.426577,       58.97,
 139.829189,   35.426577,       59.27,
 139.833694,   35.426577,       59.52,
 139.838198,   35.426577,       59.70,
 139.842703,   35.426577,       59.81,
 139.847207,   35.426577,       59.92,
 139.851712,   35.426577,       59.77,
 139.856216,   35.426577,       59.52,
 139.860721,   35.426577,       58.98,
 139.865225,   35.426577,       58.24,
 139.869730,   35.426577,       57.33,
 139.874234,   35.426577,       56.54,
 139.878739,   35.426577,       55.95,
 139.883243,   35.426577,       55.66,
 139.887748,   35.426577,       55.67,
 139.892252,   35.426577,       56.03,
 139.896757,   35.426577,       56.84,
 139.901261,   35.426577,       57.43,
 139.905766,   35.426577,       55.60,
 139.910270,   35.426577,       54.89,
 139.914775,   35.426577,       54.54,
 139.919279,   35.426577,       54.33,
 139.923784,   35.426577,       54.18,
 139.928288,   35.426577,       54.07,
 139.932793,   35.426577,       54.21,
 139.937297,   35.426577,       55.29,
 139.941802,   35.426577,       55.89,
 139.946306,   35.426577,       56.13,
 139.950811,   35.426577,       56.25,
 139.955315,   35.426577,       56.29,
 139.959820,   35.426577,       56.30,
 139.964324,   35.426577,       56.27,
 139.968829,   35.426577,       56.21,
 139.973333,   35.426577,       56.14,
 139.977838,   35.426577,       56.18,
 139.982342,   35.426577,       56.32,
 139.986847,   35.426577,       56.52,
 139.991351,   35.426577,       56.68,
 139.995856,   35.426577,       56.76,
 140.000360,   35.426577,       56.78,
 140.004865,   35.426577,       56.77,
 140.009369,   35.426577,       56.75,
 140.013874,   35.426577,       56.72,
 140.018378,   35.426577,       56.69,
 140.022883,   35.426577,       56.66,
 140.027387,   35.426577,       56.62,
 140.031892,   35.426577,       56.58,
 140.036396,   35.426577,       56.53,
 140.040901,   35.426577,       56.49,
 140.045405,   35.426577,       56.45,
 140.049910,   35.426577,       56.40,
 140.054414,   35.426577,       56.36,
 140.058919,   35.426577,       56.31,
 140.063423,   35.426577,       56.27,
 140.067928,   35.426577,       56.23,
 140.072432,   35.426577,       56.19,
 140.076937,   35.426577,       56.15,
 140.081441,   35.426577,       56.12,
 140.085946,   35.426577,       56.08,
 140.090450,   35.426577,       56.05,
 140.094955,   35.426577,       56.04,
 140.099459,   35.426577,       56.03,
 140.103964,   35.426577,       56.03,
 140.108468,   35.426577,       56.03,
 140.112973,   35.426577,       56.05,
 140.117477,   35.426577,       56.08,
 140.121982,   35.426577,       56.12,
 140.126486,   35.426577,       56.16,
 140.130991,   35.426577,       56.21,
 140.135495,   35.426577,       56.27,
 140.140000,   35.426577,       56.33,
 140.144505,   35.426577,       56.40,
 140.149009,   35.426577,       56.46,
 140.153514,   35.426577,       56.53,
 140.158018,   35.426577,       56.60,
 140.162523,   35.426577,       56.68,
 140.167027,   35.426577,       56.75,
 140.171532,   35.426577,       56.83,
 140.176036,   35.426577,       56.92,
 140.180541,   35.426577,       57.00,
 140.185045,   35.426577,       57.09,
 140.189550,   35.426577,       57.18,
 140.194054,   35.426577,       57.28,
 140.198559,   35.426577,       57.38,
 140.203063,   35.426577,       57.48,
 140.207568,   35.426577,       57.58,
 140.212072,   35.426577,       57.69,
 140.216577,   35.426577,       57.80,
 140.221081,   35.426577,       57.91,
 140.225586,   35.426577,       58.03,
 140.230090,   35.426577,       58.29,
 140.234595,   35.426577,       58.61,
 140.239099,   35.426577,       58.93,
 140.243604,   35.426577,       59.25,
 140.248108,   35.426577,       59.57,
 140.252613,   35.426577,       59.88,
 140.257117,   35.426577,       60.19,
 140.261622,   35.426577,       60.50,
 140.266126,   35.426577,       60.81,
 140.270631,   35.426577,       61.11,
 140.275135,   35.426577,       61.42,
 140.279640,   35.426577,       61.72,
 140.284144,   35.426577,       62.02,
 140.288649,   35.426577,       62.31,
 140.293153,   35.426577,       62.61,
 140.297658,   35.426577,       62.90,
 140.302162,   35.426577,       63.19,
 140.306667,   35.426577,       63.47,
 140.311171,   35.426577,       63.76,
 140.315676,   35.426577,       64.04,
 140.320180,   35.426577,       64.32,
 140.324685,   35.426577,       64.60,
 140.329189,   35.426577,       64.88,
 140.333694,   35.426577,       65.15,
 140.338198,   35.426577,       65.42,
 140.342703,   35.426577,       65.69,
 140.347207,   35.426577,       65.96,
 140.351712,   35.426577,       66.22,
 140.356216,   35.426577,       66.48,
 140.360721,   35.426577,       66.74,
 140.365225,   35.426577,       67.00,
 140.369730,   35.426577,       67.26,
 140.374234,   35.426577,       67.51,
 140.378739,   35.426577,       67.76,
 140.383243,   35.426577,       68.01,
 140.387748,   35.426577,       68.26,
 139.140000,   35.431081,       39.92,
 139.144505,   35.431081,       38.88,
 139.149009,   35.431081,       37.88,
 139.153514,   35.431081,       36.90,
 139.158018,   35.431081,       35.96,
 139.162523,   35.431081,       35.04,
 139.167027,   35.431081,       34.15,
 139.171532,   35.431081,       33.29,
 139.176036,   35.431081,       32.46,
 139.180541,   35.431081,       31.66,
 139.185045,   35.431081,       30.88,
 139.189550,   35.431081,       30.14,
 139.194054,   35.431081,       29.42,
 139.198559,   35.431081,       28.73,
 139.203063,   35.431081,       28.07,
 139.207568,   35.431081,       27.44,
 139.212072,   35.431081,       26.84,
 139.216577,   35.431081,       26.27,
 139.221081,   35.431081,       25.73,
 139.225586,   35.431081,       25.21,
 139.230090,   35.431081,       24.73,
 139.234595,   35.431081,       24.27,
 139.239099,   35.431081,       23.84,
 139.243604,   35.431081,       23.44,
 139.248108,   35.431081,       23.07,
 139.252613,   35.431081,       22.73,
 139.257117,   35.431081,       22.42,
 139.261622,   35.431081,       22.14,
 139.266126,   35.431081,       21.88,
 139.270631,   35.431081,       21.66,
 139.275135,   35.431081,       21.46,
 139.279640,   35.431081,       21.29,
 139.284144,   35.431081,       21.15,
 139.288649,   35.431081,       21.04,
 139.293153,   35.431081,       20.96,
 139.297658,   35.431081,       20.90,
 139.302162,   35.431081,       20.88,
 139.306667,   35.431081,       20.88,
 139.311171,   35.431081,       20.92,
 139.315676,   35.431081,       20.98,
 139.320180,   35.431081,       21.07,
 139.324685,   35.431081,       21.19,
 139.329189,   35.431081,       21.34,
 139.333694,   35.431081,       21.52,
 139.338198,   35.431081,       21.72,
 139.342703,   35.431081,       21.96,
 139.347207,   35.431081,       22.22,
 139.351712,   35.431081,       22.52,
 139.356216,   35.431081,       22.84,
 139.360721,   35.431081,       23.19,
 139.365225,   35.431081,       23.57,
 139.369730,   35.431081,       23.97,
 139.374234,   35.431081,       24.41,
 139.378739,   35.431081,       24.88,
 139.383243,   35.431081,       25.37,
 139.387748,   35.431081,       25.90,
 139.392252,   35.431081,       26.45,
 139.396757,   35.431081,       27.03,
 139.401261,   35.431081,       27.64,
 139.405766,   35.431081,       28.28,
 139.410270,   35.431081,       28.95,
 139.414775,   35.431081,       29.64,
 139.419279,   35.431081,       30.37,
 139.423784,   35.431081,       31.12,
 139.428288,   35.431081,       31.90,
 139.432793,   35.431081,       31.86,
 139.437297,   35.431081,       31.51,
 139.441802,   35.431081,       31.22,
 139.446306,   35.431081,       31.03,
 139.450811,   35.431081,       30.85,
 139.455315,   35.431081,       30.66,
 139.459820,   35.431081,       30.48,
 139.464324,   35.431081,       30.29,
 139.468829,   35.431081,       30.11,
 139.473333,   35.431081,       29.92,
 139.477838,   35.431081,       29.73,
 139.482342,   35.431081,       29.53,
 139.486847,   35.431081,       29.34,
 139.491351,   35.431081,       29.14,
 139.495856,   35.431081,       28.94,
 139.500360,   35.431081,       28.74,
 139.504865,   35.431081,       28.53,
 139.509369,   35.431081,       28.32,
 139.513874,   35.431081,       28.11,
 139.518378,   35.431081,       27.88,
 139.522883,   35.431081,       27.65,
 139.527387,   35.431081,       27.40,
 139.531892,   35.431081,       27.15,
 139.536396,   35.431081,       26.89,
 139.540901,   35.431081,       26.62,
 139.545405,   35.431081,       26.33,
 139.549910,   35.431081,       26.04,
 139.554414,   35.431081,       25.74,
 139.558919,   35.431081,       25.44,
 139.563423,   35.431081,       25.14,
 139.567928,   35.431081,       24.89,
 139.572432,   35.431081,       24.72,
 139.576937,   35.431081,       24.72,
 139.581441,   35.431081,       25.10,
 139.585946,   35.431081,       25.70,
 139.590450,   35.431081,       26.30,
 139.594955,   35.431081,       26.92,
 139.599459,   35.431081,       27.55,
 139.603964,   35.431081,       28.19,
 139.608468,   35.431081,       28.83,
 139.612973,   35.431081,       29.48,
 139.617477,   35.431081,       30.14,
 139.621982,   35.431081,       30.84,
 139.626486,   35.431081,       31.76,
 139.630991,   35.431081,       32.77,
 139.635495,   35.431081,       34.46,
 139.640000,   35.431081,       37.20,
 139.644505,   35.431081,       38.20,
 139.649009,   35.431081,       35.95,
 139.653514,   35.431081,       35.65,
 139.658018,   35.431081,       37.33,
 139.662523,   35.431081,       40.88,
 139.667027,   35.431081,       46.78,
 139.671532,   35.431081,       55.09,
 139.676036,   35.431081,       65.87,
 139.680541,   35.431081,       70.18,
 139.685045,   35.431081,       55.83,
 139.689550,   35.431081,       46.70,
 139.694054,   35.431081,       45.01,
 139.698559,   35.431081,       44.70,
 139.703063,   35.431081,       45.50,
 139.707568,   35.431081,       46.30,
 139.712072,   35.431081,       46.91,
 139.716577,   35.431081,       47.54,
 139.721081,   35.431081,       48.20,
 139.725586,   35.431081,       48.89,
 139.730090,   35.431081,       49.58,
 139.734595,   35.431081,       50.24,
 139.739099,   35.431081,       50.86,
 139.743604,   35.431081,       51.47,
 139.748108,   35.431081,       52.07,
 139.752613,   35.431081,       52.58,
 139.757117,   35.431081,       53.06,
 139.761622,   35.431081,       53.54,
 139.766126,   35.431081,       54.03,
 139.770631,   35.431081,       54.44,
 139.775135,   35.431081,       54.84,
 139.779640,   35.431081,       55.24,
 139.784144,   35.431081,       55.63,
 139.788649,   35.431081,       56.03,
 139.793153,   35.431081,       56.43,
 139.797658,   35.431081,       56.84,
 139.802162,   35.431081,       57.23,
 139.806667,   35.431081,       57.61,
 139.811171,   35.431081,       58.00,
 139.815676,   35.431081,       58.40,
 139.820180,   35.431081,       58.77,
 139.824685,   35.431081,       59.07,
 139.829189,   35.431081,       59.38,
 139.833694,   35.431081,       59.69,
 139.838198,   35.431081,       59.94,
 139.842703,   35.431081,       60.06,
 139.847207,   35.431081,       60.18,
 139.851712,   35.431081,       60.14,
 139.856216,   35.431081,       59.94,
 139.860721,   35.431081,       59.40,
 139.865225,   35.431081,       58.67,
 139.869730,   35.431081,       57.68,
 139.874234,   35.431081,       56.73,
 139.878739,   35.431081,       56.09,
 139.883243,   35.431081,       55.62,
 139.887748,   35.431081,       55.61,
 139.892252,   35.431081,       55.56,
 139.896757,   35.431081,       55.98,
 139.901261,   35.431081,       57.25,
 139.905766,   35.431081,       54.89,
 139.910270,   35.431081,       53.91,
 139.914775,   35.431081,       53.58,
 139.919279,   35.431081,       53.41,
 139.923784,   35.431081,       53.29,
 139.928288,   35.431081,       53.20,
 139.932793,   35.431081,       53.12,
 139.937297,   35.431081,       53.58,
 139.941802,   35.431081,       54.85,
 139.946306,   35.431081,       55.48,
 139.950811,   35.431081,       55.79,
 139.955315,   35.431081,       55.96,
 139.959820,   35.431081,       56.05,
 139.964324,   35.431081,       56.09,
 139.968829,   35.431081,       56.09,
 139.973333,   35.431081,       56.06,
 139.977838,   35.431081,       56.05,
 139.982342,   35.431081,       56.20,
 139.986847,   35.431081,       56.43,
 139.991351,   35.431081,       56.65,
 139.995856,   35.431081,       56.77,
 140.000360,   35.431081,       56.83,
 140.004865,   35.431081,       56.84,
 140.009369,   35.431081,       56.83,
 140.013874,   35.431081,       56.81,
 140.018378,   35.431081,       56.78,
 140.022883,   35.431081,       56.75,
 140.027387,   35.431081,       56.72,
 140.031892,   35.431081,       56.68,
 140.036396,   35.431081,       56.64,
 140.040901,   35.431081,       56.60,
 140.045405,   35.431081,       56.56,
 140.049910,   35.431081,       56.52,
 140.054414,   35.431081,       56.48,
 140.058919,   35.431081,       56.44,
 140.063423,   35.431081,       56.40,
 140.067928,   35.431081,       56.36,
 140.072432,   35.431081,       56.32,
 140.076937,   35.431081,       56.29,
 140.081441,   35.431081,       56.25,
 140.085946,   35.431081,       56.22,
 140.090450,   35.431081,       56.20,
 140.094955,   35.431081,       56.18,
 140.099459,   35.431081,       56.18,
 140.103964,   35.431081,       56.18,
 140.108468,   35.431081,       56.19,
 140.112973,   35.431081,       56.22,
 140.117477,   35.431081,       56.25,
 140.121982,   35.431081,       56.30,
 140.126486,   35.431081,       56.35,
 140.130991,   35.431081,       56.41,
 140.135495,   35.431081,       56.47,
 140.140000,   35.431081,       56.54,
 140.144505,   35.431081,       56.60,
 140.149009,   35.431081,       56.67,
 140.153514,   35.431081,       56.75,
 140.158018,   35.431081,       56.82,
 140.162523,   35.431081,       56.90,
 140.167027,   35.431081,       56.98,
 140.171532,   35.431081,       57.07,
 140.176036,   35.431081,       57.16,
 140.180541,   35.431081,       57.25,
 140.185045,   35.431081,       57.34,
 140.189550,   35.431081,       57.44,
 140.194054,   35.431081,       57.54,
 140.198559,   35.431081,       57.64,
 140.203063,   35.431081,       57.74,
 140.207568,   35.431081,       57.85,
 140.212072,   35.431081,       57.96,
 140.216577,   35.431081,       58.08,
 140.221081,   35.431081,       58.20,
 140.225586,   35.431081,       58.39,
 140.230090,   35.431081,       58.72,
 140.234595,   35.431081,       59.04,
 140.239099,   35.431081,       59.36,
 140.243604,   35.431081,       59.68,
 140.248108,   35.431081,       60.00,
 140.252613,   35.431081,       60.31,
 140.257117,   35.431081,       60.63,
 140.261622,   35.431081,       60.94,
 140.266126,   35.431081,       61.25,
 140.270631,   35.431081,       61.55,
 140.275135,   35.431081,       61.86,
 140.279640,   35.431081,       62.16,
 140.284144,   35.431081,       62.46,
 140.288649,   35.431081,       62.75,
 140.293153,   35.431081,       63.05,
 140.297658,   35.431081,       63.34,
 140.302162,   35.431081,       63.63,
 140.306667,   35.431081,       63.92,
 140.311171,   35.431081,       64.20,
 140.315676,   35.431081,       64.49,
 140.320180,   35.431081,       64.77,
 140.324685,   35.431081,       65.05,
 140.329189,   35.431081,       65.33,
 140.333694,   35.431081,       65.60,
 140.338198,   35.431081,       65.87,
 140.342703,   35.431081,       66.14,
 140.347207,   35.431081,       66.41,
 140.351712,   35.431081,       66.68,
 140.356216,   35.431081,       66.94,
 140.360721,   35.431081,       67.20,
 140.365225,   35.431081,       67.46,
 140.369730,   35.431081,       67.71,
 140.374234,   35.431081,       67.97,
 140.378739,   35.431081,       68.22,
 140.383243,   35.431081,       68.47,
 140.387748,   35.431081,       68.72,
 139.140000,   35.435586,       38.81,
 139.144505,   35.435586,       37.76,
 139.149009,   35.435586,       36.75,
 139.153514,   35.435586,       35.76,
 139.158018,   35.435586,       34.80,
 139.162523,   35.435586,       33.87,
 139.167027,   35.435586,       32.97,
 139.171532,   35.435586,       32.10,
 139.176036,   35.435586,       31.25,
 139.180541,   35.435586,       30.44,
 139.185045,   35.435586,       29.65,
 139.189550,   35.435586,       28.89,
 139.194054,   35.435586,       28.17,
 139.198559,   35.435586,       27.47,
 139.203063,   35.435586,       26.80,
 139.207568,   35.435586,       26.15,
 139.212072,   35.435586,       25.54,
 139.216577,   35.435586,       24.96,
 139.221081,   35.435586,       24.40,
 139.225586,   35.435586,       23.87,
 139.230090,   35.435586,       23.38,
 139.234595,   35.435586,       22.91,
 139.239099,   35.435586,       22.47,
 139.243604,   35.435586,       22.06,
 139.248108,   35.435586,       21.67,
 139.252613,   35.435586,       21.32,
 139.257117,   35.435586,       21.00,
 139.261622,   35.435586,       20.70,
 139.266126,   35.435586,       20.43,
 139.270631,   35.435586,       20.19,
 139.275135,   35.435586,       19.99,
 139.279640,   35.435586,       19.80,
 139.284144,   35.435586,       19.65,
 139.288649,   35.435586,       19.53,
 139.293153,   35.435586,       19.44,
 139.297658,   35.435586,       19.37,
 139.302162,   35.435586,       19.33,
 139.306667,   35.435586,       19.33,
 139.311171,   35.435586,       19.35,
 139.315676,   35.435586,       19.40,
 139.320180,   35.435586,       19.48,
 139.324685,   35.435586,       19.58,
 139.329189,   35.435586,       19.72,
 139.333694,   35.435586,       19.89,
 139.338198,   35.435586,       20.08,
 139.342703,   35.435586,       20.30,
 139.347207,   35.435586,       20.56,
 139.351712,   35.435586,       20.84,
 139.356216,   35.435586,       21.15,
 139.360721,   35.435586,       21.48,
 139.365225,   35.435586,       21.85,
 139.369730,   35.435586,       22.25,
 139.374234,   35.435586,       22.67,
 139.378739,   35.435586,       23.13,
 139.383243,   35.435586,       23.61,
 139.387748,   35.435586,       24.12,
 139.392252,   35.435586,       24.66,
 139.396757,   35.435586,       25.23,
 139.401261,   35.435586,       25.83,
 139.405766,   35.435586,       26.45,
 139.410270,   35.435586,       27.11,
 139.414775,   35.435586,       27.79,
 139.419279,   35.435586,       28.51,
 139.423784,   35.435586,       29.25,
 139.428288,   35.435586,       30.02,
 139.432793,   35.435586,       30.82,
 139.437297,   35.435586,       31.38,
 139.441802,   35.435586,       31.02,
 139.446306,   35.435586,       30.69,
 139.450811,   35.435586,       30.46,
 139.455315,   35.435586,       30.27,
 139.459820,   35.435586,       30.08,
 139.464324,   35.435586,       29.89,
 139.468829,   35.435586,       29.70,
 139.473333,   35.435586,       29.51,
 139.477838,   35.435586,       29.31,
 139.482342,   35.435586,       29.11,
 139.486847,   35.435586,       28.91,
 139.491351,   35.435586,       28.71,
 139.495856,   35.435586,       28.50,
 139.500360,   35.435586,       28.29,
 139.504865,   35.435586,       28.08,
 139.509369,   35.435586,       27.86,
 139.513874,   35.435586,       27.64,
 139.518378,   35.435586,       27.40,
 139.522883,   35.435586,       27.16,
 139.527387,   35.435586,       26.91,
 139.531892,   35.435586,       26.65,
 139.536396,   35.435586,       26.38,
 139.540901,   35.435586,       26.10,
 139.545405,   35.435586,       25.80,
 139.549910,   35.435586,       25.49,
 139.554414,   35.435586,       25.17,
 139.558919,   35.435586,       24.83,
 139.563423,   35.435586,       24.49,
 139.567928,   35.435586,       24.15,
 139.572432,   35.435586,       23.82,
 139.576937,   35.435586,       23.57,
 139.581441,   35.435586,       23.45,
 139.585946,   35.435586,       23.64,
 139.590450,   35.435586,       24.23,
 139.594955,   35.435586,       24.83,
 139.599459,   35.435586,       25.43,
 139.603964,   35.435586,       26.03,
 139.608468,   35.435586,       26.64,
 139.612973,   35.435586,       27.24,
 139.617477,   35.435586,       27.81,
 139.621982,   35.435586,       28.36,
 139.626486,   35.435586,       29.02,
 139.630991,   35.435586,       29.81,
 139.635495,   35.435586,       30.97,
 139.640000,   35.435586,       33.22,
 139.644505,   35.435586,       33.79,
 139.649009,   35.435586,       31.46,
 139.653514,   35.435586,       30.61,
 139.658018,   35.435586,       31.65,
 139.662523,   35.435586,       34.49,
 139.667027,   35.435586,       39.81,
 139.671532,   35.435586,       47.69,
 139.676036,   35.435586,       55.76,
 139.680541,   35.435586,       57.65,
 139.685045,   35.435586,       49.96,
 139.689550,   35.435586,       43.72,
 139.694054,   35.435586,       42.90,
 139.698559,   35.435586,       43.66,
 139.703063,   35.435586,       44.69,
 139.707568,   35.435586,       45.59,
 139.712072,   35.435586,       46.38,
 139.716577,   35.435586,       47.11,
 139.721081,   35.435586,       47.91,
 139.725586,   35.435586,       48.61,
 139.730090,   35.435586,       49.31,
 139.734595,   35.435586,       49.99,
 139.739099,   35.435586,       50.60,
 139.743604,   35.435586,       51.20,
 139.748108,   35.435586,       51.81,
 139.752613,   35.435586,       52.37,
 139.757117,   35.435586,       52.86,
 139.761622,   35.435586,       53.36,
 139.766126,   35.435586,       53.86,
 139.770631,   35.435586,       54.32,
 139.775135,   35.435586,       54.75,
 139.779640,   35.435586,       55.18,
 139.784144,   35.435586,       55.59,
 139.788649,   35.435586,       55.99,
 139.793153,   35.435586,       56.40,
 139.797658,   35.435586,       56.81,
 139.802162,   35.435586,       57.22,
 139.806667,   35.435586,       57.61,
 139.811171,   35.435586,       58.01,
 139.815676,   35.435586,       58.42,
 139.820180,   35.435586,       58.84,
 139.824685,   35.435586,       59.17,
 139.829189,   35.435586,       59.48,
 139.833694,   35.435586,       59.81,
 139.838198,   35.435586,       60.07,
 139.842703,   35.435586,       60.26,
 139.847207,   35.435586,       60.45,
 139.851712,   35.435586,       60.39,
 139.856216,   35.435586,       60.28,
 139.860721,   35.435586,       59.83,
 139.865225,   35.435586,       59.14,
 139.869730,   35.435586,       58.23,
 139.874234,   35.435586,       57.06,
 139.878739,   35.435586,       56.22,
 139.883243,   35.435586,       55.64,
 139.887748,   35.435586,       55.29,
 139.892252,   35.435586,       54.96,
 139.896757,   35.435586,       54.51,
 139.901261,   35.435586,       54.29,
 139.905766,   35.435586,       52.59,
 139.910270,   35.435586,       52.47,
 139.914775,   35.435586,       52.42,
 139.919279,   35.435586,       52.40,
 139.923784,   35.435586,       52.37,
 139.928288,   35.435586,       52.33,
 139.932793,   35.435586,       52.27,
 139.937297,   35.435586,       52.20,
 139.941802,   35.435586,       53.01,
 139.946306,   35.435586,       54.44,
 139.950811,   35.435586,       55.13,
 139.955315,   35.435586,       55.51,
 139.959820,   35.435586,       55.73,
 139.964324,   35.435586,       55.86,
 139.968829,   35.435586,       55.93,
 139.973333,   35.435586,       55.95,
 139.977838,   35.435586,       55.94,
 139.982342,   35.435586,       56.06,
 139.986847,   35.435586,       56.31,
 139.991351,   35.435586,       56.60,
 139.995856,   35.435586,       56.79,
 140.000360,   35.435586,       56.88,
 140.004865,   35.435586,       56.92,
 140.009369,   35.435586,       56.91,
 140.013874,   35.435586,       56.90,
 140.018378,   35.435586,       56.88,
 140.022883,   35.435586,       56.85,
 140.027387,   35.435586,       56.82,
 140.031892,   35.435586,       56.79,
 140.036396,   35.435586,       56.75,
 140.040901,   35.435586,       56.72,
 140.045405,   35.435586,       56.68,
 140.049910,   35.435586,       56.64,
 140.054414,   35.435586,       56.60,
 140.058919,   35.435586,       56.57,
 140.063423,   35.435586,       56.53,
 140.067928,   35.435586,       56.49,
 140.072432,   35.435586,       56.46,
 140.076937,   35.435586,       56.42,
 140.081441,   35.435586,       56.39,
 140.085946,   35.435586,       56.36,
 140.090450,   35.435586,       56.34,
 140.094955,   35.435586,       56.33,
 140.099459,   35.435586,       56.33,
 140.103964,   35.435586,       56.34,
 140.108468,   35.435586,       56.36,
 140.112973,   35.435586,       56.39,
 140.117477,   35.435586,       56.43,
 140.121982,   35.435586,       56.48,
 140.126486,   35.435586,       56.54,
 140.130991,   35.435586,       56.60,
 140.135495,   35.435586,       56.67,
 140.140000,   35.435586,       56.74,
 140.144505,   35.435586,       56.81,
 140.149009,   35.435586,       56.89,
 140.153514,   35.435586,       56.97,
 140.158018,   35.435586,       57.05,
 140.162523,   35.435586,       57.13,
 140.167027,   35.435586,       57.22,
 140.171532,   35.435586,       57.31,
 140.176036,   35.435586,       57.40,
 140.180541,   35.435586,       57.49,
 140.185045,   35.435586,       57.59,
 140.189550,   35.435586,       57.69,
 140.194054,   35.435586,       57.80,
 140.198559,   35.435586,       57.90,
 140.203063,   35.435586,       58.01,
 140.207568,   35.435586,       58.13,
 140.212072,   35.435586,       58.24,
 140.216577,   35.435586,       58.36,
 140.221081,   35.435586,       58.49,
 140.225586,   35.435586,       58.82,
 140.230090,   35.435586,       59.15,
 140.234595,   35.435586,       59.47,
 140.239099,   35.435586,       59.80,
 140.243604,   35.435586,       60.12,
 140.248108,   35.435586,       60.43,
 140.252613,   35.435586,       60.75,
 140.257117,   35.435586,       61.06,
 140.261622,   35.435586,       61.38,
 140.266126,   35.435586,       61.68,
 140.270631,   35.435586,       61.99,
 140.275135,   35.435586,       62.30,
 140.279640,   35.435586,       62.60,
 140.284144,   35.435586,       62.90,
 140.288649,   35.435586,       63.20,
 140.293153,   35.435586,       63.49,
 140.297658,   35.435586,       63.79,
 140.302162,   35.435586,       64.08,
 140.306667,   35.435586,       64.37,
 140.311171,   35.435586,       64.65,
 140.315676,   35.435586,       64.94,
 140.320180,   35.435586,       65.22,
 140.324685,   35.435586,       65.50,
 140.329189,   35.435586,       65.78,
 140.333694,   35.435586,       66.05,
 140.338198,   35.435586,       66.32,
 140.342703,   35.435586,       66.60,
 140.347207,   35.435586,       66.86,
 140.351712,   35.435586,       67.13,
 140.356216,   35.435586,       67.40,
 140.360721,   35.435586,       67.66,
 140.365225,   35.435586,       67.92,
 140.369730,   35.435586,       68.17,
 140.374234,   35.435586,       68.43,
 140.378739,   35.435586,       68.68,
 140.383243,   35.435586,       68.93,
 140.387748,   35.435586,       69.18,
 139.140000,   35.440090,       37.67,
 139.144505,   35.440090,       36.62,
 139.149009,   35.440090,       35.59,
 139.153514,   35.440090,       34.59,
 139.158018,   35.440090,       33.62,
 139.162523,   35.440090,       32.67,
 139.167027,   35.440090,       31.76,
 139.171532,   35.440090,       30.87,
 139.176036,   35.440090,       30.02,
 139.180541,   35.440090,       29.19,
 139.185045,   35.440090,       28.39,
 139.189550,   35.440090,       27.62,
 139.194054,   35.440090,       26.88,
 139.198559,   35.440090,       26.17,
 139.203063,   35.440090,       25.49,
 139.207568,   35.440090,       24.84,
 139.212072,   35.440090,       24.21,
 139.216577,   35.440090,       23.61,
 139.221081,   35.440090,       23.05,
 139.225586,   35.440090,       22.51,
 139.230090,   35.440090,       22.00,
 139.234595,   35.440090,       21.52,
 139.239099,   35.440090,       21.06,
 139.243604,   35.440090,       20.64,
 139.248108,   35.440090,       20.25,
 139.252613,   35.440090,       19.88,
 139.257117,   35.440090,       19.54,
 139.261622,   35.440090,       19.24,
 139.266126,   35.440090,       18.96,
 139.270631,   35.440090,       18.71,
 139.275135,   35.440090,       18.48,
 139.279640,   35.440090,       18.29,
 139.284144,   35.440090,       18.13,
 139.288649,   35.440090,       17.99,
 139.293153,   35.440090,       17.89,
 139.297658,   35.440090,       17.81,
 139.302162,   35.440090,       17.76,
 139.306667,   35.440090,       17.74,
 139.311171,   35.440090,       17.75,
 139.315676,   35.440090,       17.79,
 139.320180,   35.440090,       17.85,
 139.324685,   35.440090,       17.95,
 139.329189,   35.440090,       18.07,
 139.333694,   35.440090,       18.23,
 139.338198,   35.440090,       18.41,
 139.342703,   35.440090,       18.62,
 139.347207,   35.440090,       18.86,
 139.351712,   35.440090,       19.13,
 139.356216,   35.440090,       19.42,
 139.360721,   35.440090,       19.75,
 139.365225,   35.440090,       20.11,
 139.369730,   35.440090,       20.49,
 139.374234,   35.440090,       20.90,
 139.378739,   35.440090,       21.34,
 139.383243,   35.440090,       21.81,
 139.387748,   35.440090,       22.31,
 139.392252,   35.440090,       22.84,
 139.396757,   35.440090,       23.40,
 139.401261,   35.440090,       23.98,
 139.405766,   35.440090,       24.60,
 139.410270,   35.440090,       25.24,
 139.414775,   35.440090,       25.91,
 139.419279,   35.440090,       26.61,
 139.423784,   35.440090,       27.34,
 139.428288,   35.440090,       28.10,
 139.432793,   35.440090,       28.89,
 139.437297,   35.440090,       29.71,
 139.441802,   35.440090,       30.55,
 139.446306,   35.440090,       30.54,
 139.450811,   35.440090,       30.19,
 139.455315,   35.440090,       29.90,
 139.459820,   35.440090,       29.70,
 139.464324,   35.440090,       29.50,
 139.468829,   35.440090,       29.31,
 139.473333,   35.440090,       29.11,
 139.477838,   35.440090,       28.91,
 139.482342,   35.440090,       28.71,
 139.486847,   35.440090,       28.50,
 139.491351,   35.440090,       28.29,
 139.495856,   35.440090,       28.08,
 139.500360,   35.440090,       27.87,
 139.504865,   35.440090,       27.65,
 139.509369,   35.440090,       27.42,
 139.513874,   35.440090,       27.19,
 139.518378,   35.440090,       26.95,
 139.522883,   35.440090,       26.71,
 139.527387,   35.440090,       26.46,
 139.531892,   35.440090,       26.19,
 139.536396,   35.440090,       25.91,
 139.540901,   35.440090,       25.62,
 139.545405,   35.440090,       25.31,
 139.549910,   35.440090,       25.00,
 139.554414,   35.440090,       24.66,
 139.558919,   35.440090,       24.31,
 139.563423,   35.440090,       23.94,
 139.567928,   35.440090,       23.56,
 139.572432,   35.440090,       23.17,
 139.576937,   35.440090,       22.78,
 139.581441,   35.440090,       22.44,
 139.585946,   35.440090,       22.20,
 139.590450,   35.440090,       22.22,
 139.594955,   35.440090,       22.74,
 139.599459,   35.440090,       23.32,
 139.603964,   35.440090,       23.90,
 139.608468,   35.440090,       24.48,
 139.612973,   35.440090,       25.03,
 139.617477,   35.440090,       25.55,
 139.621982,   35.440090,       26.00,
 139.626486,   35.440090,       26.40,
 139.630991,   35.440090,       26.96,
 139.635495,   35.440090,       27.53,
 139.640000,   35.440090,       29.41,
 139.644505,   35.440090,       29.44,
 139.649009,   35.440090,       27.03,
 139.653514,   35.440090,       25.31,
 139.658018,   35.440090,       25.28,
 139.662523,   35.440090,       26.87,
 139.667027,   35.440090,       30.89,
 139.671532,   35.440090,       36.10,
 139.676036,   35.440090,       40.92,
 139.680541,   35.440090,       45.57,
 139.685045,   35.440090,       42.47,
 139.689550,   35.440090,       40.79,
 139.694054,   35.440090,       41.08,
 139.698559,   35.440090,       42.50,
 139.703063,   35.440090,       43.95,
 139.707568,   35.440090,       44.98,
 139.712072,   35.440090,       45.94,
 139.716577,   35.440090,       46.80,
 139.721081,   35.440090,       47.63,
 139.725586,   35.440090,       48.33,
 139.730090,   35.440090,       49.01,
 139.734595,   35.440090,       49.69,
 139.739099,   35.440090,       50.32,
 139.743604,   35.440090,       50.93,
 139.748108,   35.440090,       51.54,
 139.752613,   35.440090,       52.16,
 139.757117,   35.440090,       52.66,
 139.761622,   35.440090,       53.18,
 139.766126,   35.440090,       53.69,
 139.770631,   35.440090,       54.17,
 139.775135,   35.440090,       54.63,
 139.779640,   35.440090,       55.08,
 139.784144,   35.440090,       55.53,
 139.788649,   35.440090,       55.94,
 139.793153,   35.440090,       56.34,
 139.797658,   35.440090,       56.75,
 139.802162,   35.440090,       57.18,
 139.806667,   35.440090,       57.59,
 139.811171,   35.440090,       58.00,
 139.815676,   35.440090,       58.41,
 139.820180,   35.440090,       58.83,
 139.824685,   35.440090,       59.21,
 139.829189,   35.440090,       59.56,
 139.833694,   35.440090,       59.91,
 139.838198,   35.440090,       60.20,
 139.842703,   35.440090,       60.41,
 139.847207,   35.440090,       60.61,
 139.851712,   35.440090,       60.66,
 139.856216,   35.440090,       60.54,
 139.860721,   35.440090,       60.33,
 139.865225,   35.440090,       59.77,
 139.869730,   35.440090,       58.89,
 139.874234,   35.440090,       57.79,
 139.878739,   35.440090,       56.67,
 139.883243,   35.440090,       56.03,
 139.887748,   35.440090,       55.26,
 139.892252,   35.440090,       54.55,
 139.896757,   35.440090,       53.95,
 139.901261,   35.440090,       52.90,
 139.905766,   35.440090,       51.80,
 139.910270,   35.440090,       51.47,
 139.914775,   35.440090,       51.11,
 139.919279,   35.440090,       51.37,
 139.923784,   35.440090,       51.49,
 139.928288,   35.440090,       51.50,
 139.932793,   35.440090,       51.47,
 139.937297,   35.440090,       51.40,
 139.941802,   35.440090,       51.28,
 139.946306,   35.440090,       52.45,
 139.950811,   35.440090,       54.07,
 139.955315,   35.440090,       54.86,
 139.959820,   35.440090,       55.30,
 139.964324,   35.440090,       55.57,
 139.968829,   35.440090,       55.73,
 139.973333,   35.440090,       55.81,
 139.977838,   35.440090,       55.85,
 139.982342,   35.440090,       55.91,
 139.986847,   35.440090,       56.17,
 139.991351,   35.440090,       56.51,
 139.995856,   35.440090,       56.78,
 140.000360,   35.440090,       56.93,
 140.004865,   35.440090,       57.00,
 140.009369,   35.440090,       57.01,
 140.013874,   35.440090,       57.00,
 140.018378,   35.440090,       56.99,
 140.022883,   35.440090,       56.97,
 140.027387,   35.440090,       56.94,
 140.031892,   35.440090,       56.91,
 140.036396,   35.440090,       56.88,
 140.040901,   35.440090,       56.84,
 140.045405,   35.440090,       56.81,
 140.049910,   35.440090,       56.77,
 140.054414,   35.440090,       56.73,
 140.058919,   35.440090,       56.70,
 140.063423,   35.440090,       56.66,
 140.067928,   35.440090,       56.63,
 140.072432,   35.440090,       56.59,
 140.076937,   35.440090,       56.56,
 140.081441,   35.440090,       56.53,
 140.085946,   35.440090,       56.50,
 140.090450,   35.440090,       56.49,
 140.094955,   35.440090,       56.48,
 140.099459,   35.440090,       56.49,
 140.103964,   35.440090,       56.50,
 140.108468,   35.440090,       56.52,
 140.112973,   35.440090,       56.56,
 140.117477,   35.440090,       56.61,
 140.121982,   35.440090,       56.67,
 140.126486,   35.440090,       56.73,
 140.130991,   35.440090,       56.80,
 140.135495,   35.440090,       56.88,
 140.140000,   35.440090,       56.95,
 140.144505,   35.440090,       57.03,
 140.149009,   35.440090,       57.11,
 140.153514,   35.440090,       57.19,
 140.158018,   35.440090,       57.28,
 140.162523,   35.440090,       57.36,
 140.167027,   35.440090,       57.46,
 140.171532,   35.440090,       57.55,
 140.176036,   35.440090,       57.65,
 140.180541,   35.440090,       57.75,
 140.185045,   35.440090,       57.85,
 140.189550,   35.440090,       57.95,
 140.194054,   35.440090,       58.06,
 140.198559,   35.440090,       58.17,
 140.203063,   35.440090,       58.29,
 140.207568,   35.440090,       58.41,
 140.212072,   35.440090,       58.53,
 140.216577,   35.440090,       58.65,
 140.221081,   35.440090,       58.92,
 140.225586,   35.440090,       59.26,
 140.230090,   35.440090,       59.58,
 140.234595,   35.440090,       59.91,
 140.239099,   35.440090,       60.23,
 140.243604,   35.440090,       60.55,
 140.248108,   35.440090,       60.87,
 140.252613,   35.440090,       61.19,
 140.257117,   35.440090,       61.50,
 140.261622,   35.440090,       61.82,
 140.266126,   35.440090,       62.13,
 140.270631,   35.440090,       62.43,
 140.275135,   35.440090,       62.74,
 140.279640,   35.440090,       63.04,
 140.284144,   35.440090,       63.34,
 140.288649,   35.440090,       63.64,
 140.293153,   35.440090,       63.94,
 140.297658,   35.440090,       64.23,
 140.302162,   35.440090,       64.53,
 140.306667,   35.440090,       64.81,
 140.311171,   35.440090,       65.10,
 140.315676,   35.440090,       65.39,
 140.320180,   35.440090,       65.67,
 140.324685,   35.440090,       65.95,
 140.329189,   35.440090,       66.23,
 140.333694,   35.440090,       66.51,
 140.338198,   35.440090,       66.78,
 140.342703,   35.440090,       67.05,
 140.347207,   35.440090,       67.32,
 140.351712,   35.440090,       67.59,
 140.356216,   35.440090,       67.85,
 140.360721,   35.440090,       68.12,
 140.365225,   35.440090,       68.38,
 140.369730,   35.440090,       68.64,
 140.374234,   35.440090,       68.89,
 140.378739,   35.440090,       69.15,
 140.383243,   35.440090,       69.40,
 140.387748,   35.440090,       69.65,
 139.140000,   35.444595,       36.51,
 139.144505,   35.444595,       35.44,
 139.149009,   35.444595,       34.40,
 139.153514,   35.444595,       33.38,
 139.158018,   35.444595,       32.40,
 139.162523,   35.444595,       31.45,
 139.167027,   35.444595,       30.52,
 139.171532,   35.444595,       29.62,
 139.176036,   35.444595,       28.76,
 139.180541,   35.444595,       27.92,
 139.185045,   35.444595,       27.11,
 139.189550,   35.444595,       26.32,
 139.194054,   35.444595,       25.57,
 139.198559,   35.444595,       24.85,
 139.203063,   35.444595,       24.15,
 139.207568,   35.444595,       23.49,
 139.212072,   35.444595,       22.85,
 139.216577,   35.444595,       22.24,
 139.221081,   35.444595,       21.66,
 139.225586,   35.444595,       21.11,
 139.230090,   35.444595,       20.59,
 139.234595,   35.444595,       20.10,
 139.239099,   35.444595,       19.63,
 139.243604,   35.444595,       19.20,
 139.248108,   35.444595,       18.79,
 139.252613,   35.444595,       18.41,
 139.257117,   35.444595,       18.06,
 139.261622,   35.444595,       17.74,
 139.266126,   35.444595,       17.45,
 139.270631,   35.444595,       17.19,
 139.275135,   35.444595,       16.95,
 139.279640,   35.444595,       16.75,
 139.284144,   35.444595,       16.57,
 139.288649,   35.444595,       16.43,
 139.293153,   35.444595,       16.31,
 139.297658,   35.444595,       16.22,
 139.302162,   35.444595,       16.16,
 139.306667,   35.444595,       16.12,
 139.311171,   35.444595,       16.12,
 139.315676,   35.444595,       16.15,
 139.320180,   35.444595,       16.20,
 139.324685,   35.444595,       16.28,
 139.329189,   35.444595,       16.40,
 139.333694,   35.444595,       16.54,
 139.338198,   35.444595,       16.71,
 139.342703,   35.444595,       16.91,
 139.347207,   35.444595,       17.13,
 139.351712,   35.444595,       17.39,
 139.356216,   35.444595,       17.68,
 139.360721,   35.444595,       17.99,
 139.365225,   35.444595,       18.33,
 139.369730,   35.444595,       18.70,
 139.374234,   35.444595,       19.10,
 139.378739,   35.444595,       19.53,
 139.383243,   35.444595,       19.99,
 139.387748,   35.444595,       20.48,
 139.392252,   35.444595,       20.99,
 139.396757,   35.444595,       21.54,
 139.401261,   35.444595,       22.11,
 139.405766,   35.444595,       22.72,
 139.410270,   35.444595,       23.35,
 139.414775,   35.444595,       24.01,
 139.419279,   35.444595,       24.69,
 139.423784,   35.444595,       25.41,
 139.428288,   35.444595,       26.16,
 139.432793,   35.444595,       26.93,
 139.437297,   35.444595,       27.74,
 139.441802,   35.444595,       28.57,
 139.446306,   35.444595,       29.43,
 139.450811,   35.444595,       30.07,
 139.455315,   35.444595,       29.70,
 139.459820,   35.444595,       29.37,
 139.464324,   35.444595,       29.13,
 139.468829,   35.444595,       28.93,
 139.473333,   35.444595,       28.73,
 139.477838,   35.444595,       28.53,
 139.482342,   35.444595,       28.32,
 139.486847,   35.444595,       28.11,
 139.491351,   35.444595,       27.90,
 139.495856,   35.444595,       27.68,
 139.500360,   35.444595,       27.46,
 139.504865,   35.444595,       27.24,
 139.509369,   35.444595,       27.01,
 139.513874,   35.444595,       26.77,
 139.518378,   35.444595,       26.53,
 139.522883,   35.444595,       26.28,
 139.527387,   35.444595,       26.02,
 139.531892,   35.444595,       25.75,
 139.536396,   35.444595,       25.47,
 139.540901,   35.444595,       25.18,
 139.545405,   35.444595,       24.87,
 139.549910,   35.444595,       24.54,
 139.554414,   35.444595,       24.20,
 139.558919,   35.444595,       23.84,
 139.563423,   35.444595,       23.46,
 139.567928,   35.444595,       23.06,
 139.572432,   35.444595,       22.64,
 139.576937,   35.444595,       22.21,
 139.581441,   35.444595,       21.76,
 139.585946,   35.444595,       21.34,
 139.590450,   35.444595,       20.99,
 139.594955,   35.444595,       20.85,
 139.599459,   35.444595,       21.24,
 139.603964,   35.444595,       21.80,
 139.608468,   35.444595,       22.35,
 139.612973,   35.444595,       22.87,
 139.617477,   35.444595,       23.34,
 139.621982,   35.444595,       23.73,
 139.626486,   35.444595,       23.97,
 139.630991,   35.444595,       24.23,
 139.635495,   35.444595,       24.31,
 139.640000,   35.444595,       25.71,
 139.644505,   35.444595,       25.02,
 139.649009,   35.444595,       22.66,
 139.653514,   35.444595,       20.55,
 139.658018,   35.444595,       18.79,
 139.662523,   35.444595,       18.26,
 139.667027,   35.444595,       20.32,
 139.671532,   35.444595,       19.12,
 139.676036,   35.444595,       27.22,
 139.680541,   35.444595,       38.09,
 139.685045,   35.444595,       37.66,
 139.689550,   35.444595,       37.85,
 139.694054,   35.444595,       39.59,
 139.698559,   35.444595,       41.50,
 139.703063,   35.444595,       43.12,
 139.707568,   35.444595,       44.50,
 139.712072,   35.444595,       45.56,
 139.716577,   35.444595,       46.49,
 139.721081,   35.444595,       47.29,
 139.725586,   35.444595,       48.01,
 139.730090,   35.444595,       48.70,
 139.734595,   35.444595,       49.36,
 139.739099,   35.444595,       50.01,
 139.743604,   35.444595,       50.64,
 139.748108,   35.444595,       51.25,
 139.752613,   35.444595,       51.86,
 139.757117,   35.444595,       52.42,
 139.761622,   35.444595,       52.97,
 139.766126,   35.444595,       53.52,
 139.770631,   35.444595,       54.01,
 139.775135,   35.444595,       54.47,
 139.779640,   35.444595,       54.94,
 139.784144,   35.444595,       55.40,
 139.788649,   35.444595,       55.84,
 139.793153,   35.444595,       56.28,
 139.797658,   35.444595,       56.69,
 139.802162,   35.444595,       57.12,
 139.806667,   35.444595,       57.55,
 139.811171,   35.444595,       57.97,
 139.815676,   35.444595,       58.39,
 139.820180,   35.444595,       58.81,
 139.824685,   35.444595,       59.22,
 139.829189,   35.444595,       59.59,
 139.833694,   35.444595,       59.95,
 139.838198,   35.444595,       60.27,
 139.842703,   35.444595,       60.50,
 139.847207,   35.444595,       60.75,
 139.851712,   35.444595,       60.93,
 139.856216,   35.444595,       60.85,
 139.860721,   35.444595,       60.73,
 139.865225,   35.444595,       60.49,
 139.869730,   35.444595,       59.72,
 139.874234,   35.444595,       58.76,
 139.878739,   35.444595,       57.59,
 139.883243,   35.444595,       56.69,
 139.887748,   35.444595,       55.83,
 139.892252,   35.444595,       54.80,
 139.896757,   35.444595,       53.83,
 139.901261,   35.444595,       52.94,
 139.905766,   35.444595,       52.12,
 139.910270,   35.444595,       51.76,
 139.914775,   35.444595,       51.46,
 139.919279,   35.444595,       51.22,
 139.923784,   35.444595,       51.05,
 139.928288,   35.444595,       50.87,
 139.932793,   35.444595,       50.77,
 139.937297,   35.444595,       50.65,
 139.941802,   35.444595,       50.50,
 139.946306,   35.444595,       50.33,
 139.950811,   35.444595,       51.92,
 139.955315,   35.444595,       53.85,
 139.959820,   35.444595,       54.72,
 139.964324,   35.444595,       55.19,
 139.968829,   35.444595,       55.48,
 139.973333,   35.444595,       55.65,
 139.977838,   35.444595,       55.74,
 139.982342,   35.444595,       55.79,
 139.986847,   35.444595,       55.99,
 139.991351,   35.444595,       56.37,
 139.995856,   35.444595,       56.75,
 140.000360,   35.444595,       56.97,
 140.004865,   35.444595,       57.08,
 140.009369,   35.444595,       57.11,
 140.013874,   35.444595,       57.12,
 140.018378,   35.444595,       57.11,
 140.022883,   35.444595,       57.09,
 140.027387,   35.444595,       57.06,
 140.031892,   35.444595,       57.04,
 140.036396,   35.444595,       57.00,
 140.040901,   35.444595,       56.97,
 140.045405,   35.444595,       56.94,
 140.049910,   35.444595,       56.90,
 140.054414,   35.444595,       56.87,
 140.058919,   35.444595,       56.83,
 140.063423,   35.444595,       56.80,
 140.067928,   35.444595,       56.76,
 140.072432,   35.444595,       56.73,
 140.076937,   35.444595,       56.70,
 140.081441,   35.444595,       56.67,
 140.085946,   35.444595,       56.65,
 140.090450,   35.444595,       56.64,
 140.094955,   35.444595,       56.64,
 140.099459,   35.444595,       56.64,
 140.103964,   35.444595,       56.66,
 140.108468,   35.444595,       56.69,
 140.112973,   35.444595,       56.74,
 140.117477,   35.444595,       56.79,
 140.121982,   35.444595,       56.86,
 140.126486,   35.444595,       56.93,
 140.130991,   35.444595,       57.00,
 140.135495,   35.444595,       57.08,
 140.140000,   35.444595,       57.16,
 140.144505,   35.444595,       57.24,
 140.149009,   35.444595,       57.33,
 140.153514,   35.444595,       57.42,
 140.158018,   35.444595,       57.51,
 140.162523,   35.444595,       57.60,
 140.167027,   35.444595,       57.70,
 140.171532,   35.444595,       57.80,
 140.176036,   35.444595,       57.90,
 140.180541,   35.444595,       58.00,
 140.185045,   35.444595,       58.11,
 140.189550,   35.444595,       58.22,
 140.194054,   35.444595,       58.33,
 140.198559,   35.444595,       58.45,
 140.203063,   35.444595,       58.57,
 140.207568,   35.444595,       58.69,
 140.212072,   35.444595,       58.81,
 140.216577,   35.444595,       59.03,
 140.221081,   35.444595,       59.36,
 140.225586,   35.444595,       59.69,
 140.230090,   35.444595,       60.02,
 140.234595,   35.444595,       60.35,
 140.239099,   35.444595,       60.67,
 140.243604,   35.444595,       60.99,
 140.248108,   35.444595,       61.31,
 140.252613,   35.444595,       61.63,
 140.257117,   35.444595,       61.95,
 140.261622,   35.444595,       62.26,
 140.266126,   35.444595,       62.57,
 140.270631,   35.444595,       62.88,
 140.275135,   35.444595,       63.18,
 140.279640,   35.444595,       63.49,
 140.284144,   35.444595,       63.79,
 140.288649,   35.444595,       64.09,
 140.293153,   35.444595,       64.39,
 140.297658,   35.444595,       64.68,
 140.302162,   35.444595,       64.98,
 140.306667,   35.444595,       65.27,
 140.311171,   35.444595,       65.55,
 140.315676,   35.444595,       65.84,
 140.320180,   35.444595,       66.12,
 140.324685,   35.444595,       66.41,
 140.329189,   35.444595,       66.69,
 140.333694,   35.444595,       66.96,
 140.338198,   35.444595,       67.24,
 140.342703,   35.444595,       67.51,
 140.347207,   35.444595,       67.78,
 140.351712,   35.444595,       68.05,
 140.356216,   35.444595,       68.31,
 140.360721,   35.444595,       68.58,
 140.365225,   35.444595,       68.84,
 140.369730,   35.444595,       69.10,
 140.374234,   35.444595,       69.36,
 140.378739,   35.444595,       69.61,
 140.383243,   35.444595,       69.86,
 140.387748,   35.444595,       70.11,
 139.140000,   35.449099,       35.31,
 139.144505,   35.449099,       34.23,
 139.149009,   35.449099,       33.18,
 139.153514,   35.449099,       32.15,
 139.158018,   35.449099,       31.16,
 139.162523,   35.449099,       30.19,
 139.167027,   35.449099,       29.25,
 139.171532,   35.449099,       28.34,
 139.176036,   35.449099,       27.46,
 139.180541,   35.449099,       26.61,
 139.185045,   35.449099,       25.79,
 139.189550,   35.449099,       25.00,
 139.194054,   35.449099,       24.23,
 139.198559,   35.449099,       23.50,
 139.203063,   35.449099,       22.79,
 139.207568,   35.449099,       22.11,
 139.212072,   35.449099,       21.46,
 139.216577,   35.449099,       20.84,
 139.221081,   35.449099,       20.25,
 139.225586,   35.449099,       19.69,
 139.230090,   35.449099,       19.15,
 139.234595,   35.449099,       18.65,
 139.239099,   35.449099,       18.17,
 139.243604,   35.449099,       17.72,
 139.248108,   35.449099,       17.30,
 139.252613,   35.449099,       16.91,
 139.257117,   35.449099,       16.55,
 139.261622,   35.449099,       16.22,
 139.266126,   35.449099,       15.92,
 139.270631,   35.449099,       15.64,
 139.275135,   35.449099,       15.39,
 139.279640,   35.449099,       15.18,
 139.284144,   35.449099,       14.99,
 139.288649,   35.449099,       14.83,
 139.293153,   35.449099,       14.70,
 139.297658,   35.449099,       14.60,
 139.302162,   35.449099,       14.52,
 139.306667,   35.449099,       14.48,
 139.311171,   35.449099,       14.46,
 139.315676,   35.449099,       14.48,
 139.320180,   35.449099,       14.52,
 139.324685,   35.449099,       14.59,
 139.329189,   35.449099,       14.69,
 139.333694,   35.449099,       14.82,
 139.338198,   35.449099,       14.98,
 139.342703,   35.449099,       15.16,
 139.347207,   35.449099,       15.38,
 139.351712,   35.449099,       15.62,
 139.356216,   35.449099,       15.90,
 139.360721,   35.449099,       16.20,
 139.365225,   35.449099,       16.53,
 139.369730,   35.449099,       16.89,
 139.374234,   35.449099,       17.28,
 139.378739,   35.449099,       17.69,
 139.383243,   35.449099,       18.14,
 139.387748,   35.449099,       18.62,
 139.392252,   35.449099,       19.12,
 139.396757,   35.449099,       19.65,
 139.401261,   35.449099,       20.21,
 139.405766,   35.449099,       20.80,
 139.410270,   35.449099,       21.42,
 139.414775,   35.449099,       22.07,
 139.419279,   35.449099,       22.75,
 139.423784,   35.449099,       23.45,
 139.428288,   35.449099,       24.19,
 139.432793,   35.449099,       24.95,
 139.437297,   35.449099,       25.74,
 139.441802,   35.449099,       26.56,
 139.446306,   35.449099,       27.41,
 139.450811,   35.449099,       28.29,
 139.455315,   35.449099,       29.20,
 139.459820,   35.449099,       29.22,
 139.464324,   35.449099,       28.87,
 139.468829,   35.449099,       28.57,
 139.473333,   35.449099,       28.36,
 139.477838,   35.449099,       28.16,
 139.482342,   35.449099,       27.95,
 139.486847,   35.449099,       27.73,
 139.491351,   35.449099,       27.52,
 139.495856,   35.449099,       27.30,
 139.500360,   35.449099,       27.08,
 139.504865,   35.449099,       26.85,
 139.509369,   35.449099,       26.62,
 139.513874,   35.449099,       26.38,
 139.518378,   35.449099,       26.13,
 139.522883,   35.449099,       25.88,
 139.527387,   35.449099,       25.62,
 139.531892,   35.449099,       25.34,
 139.536396,   35.449099,       25.06,
 139.540901,   35.449099,       24.76,
 139.545405,   35.449099,       24.45,
 139.549910,   35.449099,       24.12,
 139.554414,   35.449099,       23.78,
 139.558919,   35.449099,       23.41,
 139.563423,   35.449099,       23.03,
 139.567928,   35.449099,       22.62,
 139.572432,   35.449099,       22.19,
 139.576937,   35.449099,       21.74,
 139.581441,   35.449099,       21.25,
 139.585946,   35.449099,       20.75,
 139.590450,   35.449099,       20.25,
 139.594955,   35.449099,       19.80,
 139.599459,   35.449099,       19.51,
 139.603964,   35.449099,       19.72,
 139.608468,   35.449099,       20.25,
 139.612973,   35.449099,       20.75,
 139.617477,   35.449099,       21.20,
 139.621982,   35.449099,       21.54,
 139.626486,   35.449099,       21.70,
 139.630991,   35.449099,       21.62,
 139.635495,   35.449099,       21.36,
 139.640000,   35.449099,       22.09,
 139.644505,   35.449099,       20.62,
 139.649009,   35.449099,       18.32,
 139.653514,   35.449099,       16.09,
 139.658018,   35.449099,       15.09,
 139.662523,   35.449099,       15.52,
 139.667027,   35.449099,       16.10,
 139.671532,   35.449099,       17.39,
 139.676036,   35.449099,       22.83,
 139.680541,   35.449099,       30.05,
 139.685045,   35.449099,       32.78,
 139.689550,   35.449099,       34.66,
 139.694054,   35.449099,       37.74,
 139.698559,   35.449099,       40.45,
 139.703063,   35.449099,       42.39,
 139.707568,   35.449099,       43.69,
 139.712072,   35.449099,       44.94,
 139.716577,   35.449099,       45.94,
 139.721081,   35.449099,       46.83,
 139.725586,   35.449099,       47.52,
 139.730090,   35.449099,       48.30,
 139.734595,   35.449099,       48.96,
 139.739099,   35.449099,       49.65,
 139.743604,   35.449099,       50.31,
 139.748108,   35.449099,       50.93,
 139.752613,   35.449099,       51.56,
 139.757117,   35.449099,       52.14,
 139.761622,   35.449099,       52.71,
 139.766126,   35.449099,       53.28,
 139.770631,   35.449099,       53.81,
 139.775135,   35.449099,       54.30,
 139.779640,   35.449099,       54.80,
 139.784144,   35.449099,       55.26,
 139.788649,   35.449099,       55.70,
 139.793153,   35.449099,       56.13,
 139.797658,   35.449099,       56.57,
 139.802162,   35.449099,       57.00,
 139.806667,   35.449099,       57.44,
 139.811171,   35.449099,       57.89,
 139.815676,   35.449099,       58.31,
 139.820180,   35.449099,       58.75,
 139.824685,   35.449099,       59.19,
 139.829189,   35.449099,       59.57,
 139.833694,   35.449099,       59.94,
 139.838198,   35.449099,       60.26,
 139.842703,   35.449099,       60.54,
 139.847207,   35.449099,       60.83,
 139.851712,   35.449099,       61.12,
 139.856216,   35.449099,       61.22,
 139.860721,   35.449099,       61.22,
 139.865225,   35.449099,       61.05,
 139.869730,   35.449099,       60.64,
 139.874234,   35.449099,       59.82,
 139.878739,   35.449099,       58.84,
 139.883243,   35.449099,       57.93,
 139.887748,   35.449099,       56.95,
 139.892252,   35.449099,       55.95,
 139.896757,   35.449099,       54.87,
 139.901261,   35.449099,       53.80,
 139.905766,   35.449099,       53.10,
 139.910270,   35.449099,       52.29,
 139.914775,   35.449099,       52.04,
 139.919279,   35.449099,       51.59,
 139.923784,   35.449099,       51.65,
 139.928288,   35.449099,       51.61,
 139.932793,   35.449099,       51.37,
 139.937297,   35.449099,       51.02,
 139.941802,   35.449099,       50.83,
 139.946306,   35.449099,       50.68,
 139.950811,   35.449099,       50.69,
 139.955315,   35.449099,       51.97,
 139.959820,   35.449099,       53.86,
 139.964324,   35.449099,       54.68,
 139.968829,   35.449099,       55.15,
 139.973333,   35.449099,       55.44,
 139.977838,   35.449099,       55.62,
 139.982342,   35.449099,       55.72,
 139.986847,   35.449099,       55.81,
 139.991351,   35.449099,       56.18,
 139.995856,   35.449099,       56.65,
 140.000360,   35.449099,       56.99,
 140.004865,   35.449099,       57.16,
 140.009369,   35.449099,       57.23,
 140.013874,   35.449099,       57.24,
 140.018378,   35.449099,       57.23,
 140.022883,   35.449099,       57.22,
 140.027387,   35.449099,       57.19,
 140.031892,   35.449099,       57.17,
 140.036396,   35.449099,       57.14,
 140.040901,   35.449099,       57.10,
 140.045405,   35.449099,       57.07,
 140.049910,   35.449099,       57.04,
 140.054414,   35.449099,       57.00,
 140.058919,   35.449099,       56.97,
 140.063423,   35.449099,       56.94,
 140.067928,   35.449099,       56.90,
 140.072432,   35.449099,       56.87,
 140.076937,   35.449099,       56.84,
 140.081441,   35.449099,       56.82,
 140.085946,   35.449099,       56.79,
 140.090450,   35.449099,       56.78,
 140.094955,   35.449099,       56.79,
 140.099459,   35.449099,       56.80,
 140.103964,   35.449099,       56.82,
 140.108468,   35.449099,       56.86,
 140.112973,   35.449099,       56.91,
 140.117477,   35.449099,       56.98,
 140.121982,   35.449099,       57.05,
 140.126486,   35.449099,       57.13,
 140.130991,   35.449099,       57.21,
 140.135495,   35.449099,       57.29,
 140.140000,   35.449099,       57.38,
 140.144505,   35.449099,       57.46,
 140.149009,   35.449099,       57.55,
 140.153514,   35.449099,       57.65,
 140.158018,   35.449099,       57.74,
 140.162523,   35.449099,       57.84,
 140.167027,   35.449099,       57.94,
 140.171532,   35.449099,       58.05,
 140.176036,   35.449099,       58.15,
 140.180541,   35.449099,       58.26,
 140.185045,   35.449099,       58.37,
 140.189550,   35.449099,       58.49,
 140.194054,   35.449099,       58.61,
 140.198559,   35.449099,       58.73,
 140.203063,   35.449099,       58.85,
 140.207568,   35.449099,       58.98,
 140.212072,   35.449099,       59.13,
 140.216577,   35.449099,       59.46,
 140.221081,   35.449099,       59.80,
 140.225586,   35.449099,       60.13,
 140.230090,   35.449099,       60.46,
 140.234595,   35.449099,       60.79,
 140.239099,   35.449099,       61.11,
 140.243604,   35.449099,       61.43,
 140.248108,   35.449099,       61.75,
 140.252613,   35.449099,       62.07,
 140.257117,   35.449099,       62.39,
 140.261622,   35.449099,       62.70,
 140.266126,   35.449099,       63.01,
 140.270631,   35.449099,       63.32,
 140.275135,   35.449099,       63.63,
 140.279640,   35.449099,       63.94,
 140.284144,   35.449099,       64.24,
 140.288649,   35.449099,       64.54,
 140.293153,   35.449099,       64.84,
 140.297658,   35.449099,       65.13,
 140.302162,   35.449099,       65.43,
 140.306667,   35.449099,       65.72,
 140.311171,   35.449099,       66.01,
 140.315676,   35.449099,       66.30,
 140.320180,   35.449099,       66.58,
 140.324685,   35.449099,       66.86,
 140.329189,   35.449099,       67.14,
 140.333694,   35.449099,       67.42,
 140.338198,   35.449099,       67.70,
 140.342703,   35.449099,       67.97,
 140.347207,   35.449099,       68.24,
 140.351712,   35.449099,       68.51,
 140.356216,   35.449099,       68.78,
 140.360721,   35.449099,       69.04,
 140.365225,   35.449099,       69.30,
 140.369730,   35.449099,       69.56,
 140.374234,   35.449099,       69.82,
 140.378739,   35.449099,       70.08,
 140.383243,   35.449099,       70.33,
 140.387748,   35.449099,       70.58,
 139.140000,   35.453604,       34.09,
 139.144505,   35.453604,       33.00,
 139.149009,   35.453604,       31.93,
 139.153514,   35.453604,       30.89,
 139.158018,   35.453604,       29.89,
 139.162523,   35.453604,       28.91,
 139.167027,   35.453604,       27.96,
 139.171532,   35.453604,       27.04,
 139.176036,   35.453604,       26.14,
 139.180541,   35.453604,       25.28,
 139.185045,   35.453604,       24.45,
 139.189550,   35.453604,       23.64,
 139.194054,   35.453604,       22.86,
 139.198559,   35.453604,       22.11,
 139.203063,   35.453604,       21.40,
 139.207568,   35.453604,       20.70,
 139.212072,   35.453604,       20.04,
 139.216577,   35.453604,       19.41,
 139.221081,   35.453604,       18.81,
 139.225586,   35.453604,       18.23,
 139.230090,   35.453604,       17.68,
 139.234595,   35.453604,       17.17,
 139.239099,   35.453604,       16.68,
 139.243604,   35.453604,       16.22,
 139.248108,   35.453604,       15.79,
 139.252613,   35.453604,       15.39,
 139.257117,   35.453604,       15.01,
 139.261622,   35.453604,       14.67,
 139.266126,   35.453604,       14.35,
 139.270631,   35.453604,       14.06,
 139.275135,   35.453604,       13.81,
 139.279640,   35.453604,       13.58,
 139.284144,   35.453604,       13.38,
 139.288649,   35.453604,       13.21,
 139.293153,   35.453604,       13.06,
 139.297658,   35.453604,       12.95,
 139.302162,   35.453604,       12.86,
 139.306667,   35.453604,       12.81,
 139.311171,   35.453604,       12.78,
 139.315676,   35.453604,       12.78,
 139.320180,   35.453604,       12.81,
 139.324685,   35.453604,       12.87,
 139.329189,   35.453604,       12.96,
 139.333694,   35.453604,       13.07,
 139.338198,   35.453604,       13.22,
 139.342703,   35.453604,       13.39,
 139.347207,   35.453604,       13.60,
 139.351712,   35.453604,       13.83,
 139.356216,   35.453604,       14.09,
 139.360721,   35.453604,       14.38,
 139.365225,   35.453604,       14.70,
 139.369730,   35.453604,       15.05,
 139.374234,   35.453604,       15.42,
 139.378739,   35.453604,       15.83,
 139.383243,   35.453604,       16.26,
 139.387748,   35.453604,       16.72,
 139.392252,   35.453604,       17.22,
 139.396757,   35.453604,       17.74,
 139.401261,   35.453604,       18.28,
 139.405766,   35.453604,       18.86,
 139.410270,   35.453604,       19.47,
 139.414775,   35.453604,       20.10,
 139.419279,   35.453604,       20.77,
 139.423784,   35.453604,       21.46,
 139.428288,   35.453604,       22.18,
 139.432793,   35.453604,       22.94,
 139.437297,   35.453604,       23.72,
 139.441802,   35.453604,       24.52,
 139.446306,   35.453604,       25.36,
 139.450811,   35.453604,       26.23,
 139.455315,   35.453604,       27.12,
 139.459820,   35.453604,       28.05,
 139.464324,   35.453604,       28.75,
 139.468829,   35.453604,       28.38,
 139.473333,   35.453604,       28.05,
 139.477838,   35.453604,       27.80,
 139.482342,   35.453604,       27.59,
 139.486847,   35.453604,       27.37,
 139.491351,   35.453604,       27.15,
 139.495856,   35.453604,       26.93,
 139.500360,   35.453604,       26.71,
 139.504865,   35.453604,       26.48,
 139.509369,   35.453604,       26.24,
 139.513874,   35.453604,       26.00,
 139.518378,   35.453604,       25.75,
 139.522883,   35.453604,       25.49,
 139.527387,   35.453604,       25.23,
 139.531892,   35.453604,       24.96,
 139.536396,   35.453604,       24.67,
 139.540901,   35.453604,       24.38,
 139.545405,   35.453604,       24.06,
 139.549910,   35.453604,       23.74,
 139.554414,   35.453604,       23.39,
 139.558919,   35.453604,       23.02,
 139.563423,   35.453604,       22.64,
 139.567928,   35.453604,       22.23,
 139.572432,   35.453604,       21.79,
 139.576937,   35.453604,       21.33,
 139.581441,   35.453604,       20.84,
 139.585946,   35.453604,       20.31,
 139.590450,   35.453604,       19.76,
 139.594955,   35.453604,       19.19,
 139.599459,   35.453604,       18.64,
 139.603964,   35.453604,       18.20,
 139.608468,   35.453604,       18.19,
 139.612973,   35.453604,       18.68,
 139.617477,   35.453604,       19.10,
 139.621982,   35.453604,       19.43,
 139.626486,   35.453604,       19.55,
 139.630991,   35.453604,       19.29,
 139.635495,   35.453604,       18.64,
 139.640000,   35.453604,       18.46,
 139.644505,   35.453604,       16.50,
 139.649009,   35.453604,       14.49,
 139.653514,   35.453604,       14.24,
 139.658018,   35.453604,       14.59,
 139.662523,   35.453604,       15.15,
 139.667027,   35.453604,       15.98,
 139.671532,   35.453604,       18.35,
 139.676036,   35.453604,       21.86,
 139.680541,   35.453604,       25.59,
 139.685045,   35.453604,       29.01,
 139.689550,   35.453604,       30.16,
 139.694054,   35.453604,       34.29,
 139.698559,   35.453604,       39.90,
 139.703063,   35.453604,       41.28,
 139.707568,   35.453604,       42.42,
 139.712072,   35.453604,       43.80,
 139.716577,   35.453604,       44.94,
 139.721081,   35.453604,       45.94,
 139.725586,   35.453604,       46.81,
 139.730090,   35.453604,       47.65,
 139.734595,   35.453604,       48.46,
 139.739099,   35.453604,       49.17,
 139.743604,   35.453604,       49.89,
 139.748108,   35.453604,       50.56,
 139.752613,   35.453604,       51.24,
 139.757117,   35.453604,       51.86,
 139.761622,   35.453604,       52.44,
 139.766126,   35.453604,       53.03,
 139.770631,   35.453604,       53.58,
 139.775135,   35.453604,       54.09,
 139.779640,   35.453604,       54.60,
 139.784144,   35.453604,       55.08,
 139.788649,   35.453604,       55.52,
 139.793153,   35.453604,       55.96,
 139.797658,   35.453604,       56.40,
 139.802162,   35.453604,       56.84,
 139.806667,   35.453604,       57.28,
 139.811171,   35.453604,       57.73,
 139.815676,   35.453604,       58.17,
 139.820180,   35.453604,       58.61,
 139.824685,   35.453604,       59.05,
 139.829189,   35.453604,       59.48,
 139.833694,   35.453604,       59.90,
 139.838198,   35.453604,       60.25,
 139.842703,   35.453604,       60.57,
 139.847207,   35.453604,       60.90,
 139.851712,   35.453604,       61.24,
 139.856216,   35.453604,       61.47,
 139.860721,   35.453604,       61.61,
 139.865225,   35.453604,       61.65,
 139.869730,   35.453604,       61.43,
 139.874234,   35.453604,       60.92,
 139.878739,   35.453604,       60.19,
 139.883243,   35.453604,       59.33,
 139.887748,   35.453604,       58.43,
 139.892252,   35.453604,       57.48,
 139.896757,   35.453604,       56.48,
 139.901261,   35.453604,       55.50,
 139.905766,   35.453604,       54.63,
 139.910270,   35.453604,       53.93,
 139.914775,   35.453604,       53.33,
 139.919279,   35.453604,       53.03,
 139.923784,   35.453604,       52.68,
 139.928288,   35.453604,       52.55,
 139.932793,   35.453604,       52.27,
 139.937297,   35.453604,       51.89,
 139.941802,   35.453604,       51.81,
 139.946306,   35.453604,       51.59,
 139.950811,   35.453604,       51.43,
 139.955315,   35.453604,       51.92,
 139.959820,   35.453604,       52.29,
 139.964324,   35.453604,       53.92,
 139.968829,   35.453604,       54.70,
 139.973333,   35.453604,       55.16,
 139.977838,   35.453604,       55.45,
 139.982342,   35.453604,       55.62,
 139.986847,   35.453604,       55.72,
 139.991351,   35.453604,       55.96,
 139.995856,   35.453604,       56.48,
 140.000360,   35.453604,       56.97,
 140.004865,   35.453604,       57.23,
 140.009369,   35.453604,       57.34,
 140.013874,   35.453604,       57.37,
 140.018378,   35.453604,       57.37,
 140.022883,   35.453604,       57.36,
 140.027387,   35.453604,       57.33,
 140.031892,   35.453604,       57.31,
 140.036396,   35.453604,       57.27,
 140.040901,   35.453604,       57.24,
 140.045405,   35.453604,       57.21,
 140.049910,   35.453604,       57.17,
 140.054414,   35.453604,       57.14,
 140.058919,   35.453604,       57.11,
 140.063423,   35.453604,       57.08,
 140.067928,   35.453604,       57.04,
 140.072432,   35.453604,       57.01,
 140.076937,   35.453604,       56.99,
 140.081441,   35.453604,       56.96,
 140.085946,   35.453604,       56.94,
 140.090450,   35.453604,       56.93,
 140.094955,   35.453604,       56.94,
 140.099459,   35.453604,       56.96,
 140.103964,   35.453604,       56.99,
 140.108468,   35.453604,       57.03,
 140.112973,   35.453604,       57.09,
 140.117477,   35.453604,       57.16,
 140.121982,   35.453604,       57.24,
 140.126486,   35.453604,       57.33,
 140.130991,   35.453604,       57.42,
 140.135495,   35.453604,       57.50,
 140.140000,   35.453604,       57.59,
 140.144505,   35.453604,       57.69,
 140.149009,   35.453604,       57.78,
 140.153514,   35.453604,       57.88,
 140.158018,   35.453604,       57.98,
 140.162523,   35.453604,       58.08,
 140.167027,   35.453604,       58.19,
 140.171532,   35.453604,       58.30,
 140.176036,   35.453604,       58.41,
 140.180541,   35.453604,       58.53,
 140.185045,   35.453604,       58.64,
 140.189550,   35.453604,       58.76,
 140.194054,   35.453604,       58.88,
 140.198559,   35.453604,       59.01,
 140.203063,   35.453604,       59.14,
 140.207568,   35.453604,       59.27,
 140.212072,   35.453604,       59.56,
 140.216577,   35.453604,       59.90,
 140.221081,   35.453604,       60.23,
 140.225586,   35.453604,       60.57,
 140.230090,   35.453604,       60.90,
 140.234595,   35.453604,       61.23,
 140.239099,   35.453604,       61.55,
 140.243604,   35.453604,       61.88,
 140.248108,   35.453604,       62.20,
 140.252613,   35.453604,       62.52,
 140.257117,   35.453604,       62.84,
 140.261622,   35.453604,       63.15,
 140.266126,   35.453604,       63.46,
 140.270631,   35.453604,       63.77,
 140.275135,   35.453604,       64.08,
 140.279640,   35.453604,       64.39,
 140.284144,   35.453604,       64.69,
 140.288649,   35.453604,       64.99,
 140.293153,   35.453604,       65.29,
 140.297658,   35.453604,       65.59,
 140.302162,   35.453604,       65.88,
 140.306667,   35.453604,       66.18,
 140.311171,   35.453604,       66.47,
 140.315676,   35.453604,       66.75,
 140.320180,   35.453604,       67.04,
 140.324685,   35.453604,       67.32,
 140.329189,   35.453604,       67.60,
 140.333694,   35.453604,       67.88,
 140.338198,   35.453604,       68.16,
 140.342703,   35.453604,       68.43,
 140.347207,   35.453604,       68.71,
 140.351712,   35.453604,       68.98,
 140.356216,   35.453604,       69.24,
 140.360721,   35.453604,       69.51,
 140.365225,   35.453604,       69.77,
 140.369730,   35.453604,       70.03,
 140.374234,   35.453604,       70.29,
 140.378739,   35.453604,       70.55,
 140.383243,   35.453604,       70.80,
 140.387748,   35.453604,       71.05,
 139.140000,   35.458108,       32.84,
 139.144505,   35.458108,       31.73,
 139.149009,   35.458108,       30.65,
 139.153514,   35.458108,       29.61,
 139.158018,   35.458108,       28.59,
 139.162523,   35.458108,       27.59,
 139.167027,   35.458108,       26.63,
 139.171532,   35.458108,       25.70,
 139.176036,   35.458108,       24.79,
 139.180541,   35.458108,       23.92,
 139.185045,   35.458108,       23.07,
 139.189550,   35.458108,       22.25,
 139.194054,   35.458108,       21.46,
 139.198559,   35.458108,       20.70,
 139.203063,   35.458108,       19.97,
 139.207568,   35.458108,       19.27,
 139.212072,   35.458108,       18.60,
 139.216577,   35.458108,       17.95,
 139.221081,   35.458108,       17.34,
 139.225586,   35.458108,       16.75,
 139.230090,   35.458108,       16.19,
 139.234595,   35.458108,       15.66,
 139.239099,   35.458108,       15.16,
 139.243604,   35.458108,       14.69,
 139.248108,   35.458108,       14.24,
 139.252613,   35.458108,       13.83,
 139.257117,   35.458108,       13.44,
 139.261622,   35.458108,       13.09,
 139.266126,   35.458108,       12.76,
 139.270631,   35.458108,       12.46,
 139.275135,   35.458108,       12.19,
 139.279640,   35.458108,       11.95,
 139.284144,   35.458108,       11.74,
 139.288649,   35.458108,       11.55,
 139.293153,   35.458108,       11.40,
 139.297658,   35.458108,       11.27,
 139.302162,   35.458108,       11.17,
 139.306667,   35.458108,       11.10,
 139.311171,   35.458108,       11.07,
 139.315676,   35.458108,       11.05,
 139.320180,   35.458108,       11.07,
 139.324685,   35.458108,       11.12,
 139.329189,   35.458108,       11.20,
 139.333694,   35.458108,       11.30,
 139.338198,   35.458108,       11.43,
 139.342703,   35.458108,       11.60,
 139.347207,   35.458108,       11.79,
 139.351712,   35.458108,       12.01,
 139.356216,   35.458108,       12.25,
 139.360721,   35.458108,       12.53,
 139.365225,   35.458108,       12.84,
 139.369730,   35.458108,       13.17,
 139.374234,   35.458108,       13.54,
 139.378739,   35.458108,       13.93,
 139.383243,   35.458108,       14.35,
 139.387748,   35.458108,       14.80,
 139.392252,   35.458108,       15.28,
 139.396757,   35.458108,       15.79,
 139.401261,   35.458108,       16.33,
 139.405766,   35.458108,       16.89,
 139.410270,   35.458108,       17.49,
 139.414775,   35.458108,       18.11,
 139.419279,   35.458108,       18.76,
 139.423784,   35.458108,       19.44,
 139.428288,   35.458108,       20.15,
 139.432793,   35.458108,       20.89,
 139.437297,   35.458108,       21.66,
 139.441802,   35.458108,       22.46,
 139.446306,   35.458108,       23.28,
 139.450811,   35.458108,       24.14,
 139.455315,   35.458108,       25.02,
 139.459820,   35.458108,       25.93,
 139.464324,   35.458108,       26.87,
 139.468829,   35.458108,       27.84,
 139.473333,   35.458108,       27.90,
 139.477838,   35.458108,       27.55,
 139.482342,   35.458108,       27.25,
 139.486847,   35.458108,       27.02,
 139.491351,   35.458108,       26.80,
 139.495856,   35.458108,       26.58,
 139.500360,   35.458108,       26.35,
 139.504865,   35.458108,       26.12,
 139.509369,   35.458108,       25.88,
 139.513874,   35.458108,       25.64,
 139.518378,   35.458108,       25.39,
 139.522883,   35.458108,       25.13,
 139.527387,   35.458108,       24.87,
 139.531892,   35.458108,       24.59,
 139.536396,   35.458108,       24.31,
 139.540901,   35.458108,       24.01,
 139.545405,   35.458108,       23.70,
 139.549910,   35.458108,       23.37,
 139.554414,   35.458108,       23.03,
 139.558919,   35.458108,       22.66,
 139.563423,   35.458108,       22.28,
 139.567928,   35.458108,       21.87,
 139.572432,   35.458108,       21.44,
 139.576937,   35.458108,       20.97,
 139.581441,   35.458108,       20.48,
 139.585946,   35.458108,       19.95,
 139.590450,   35.458108,       19.39,
 139.594955,   35.458108,       18.78,
 139.599459,   35.458108,       18.14,
 139.603964,   35.458108,       17.50,
 139.608468,   35.458108,       16.92,
 139.612973,   35.458108,       16.67,
 139.617477,   35.458108,       17.08,
 139.621982,   35.458108,       17.39,
 139.626486,   35.458108,       17.51,
 139.630991,   35.458108,       17.20,
 139.635495,   35.458108,       16.17,
 139.640000,   35.458108,       14.43,
 139.644505,   35.458108,       13.67,
 139.649009,   35.458108,       13.61,
 139.653514,   35.458108,       13.86,
 139.658018,   35.458108,       14.25,
 139.662523,   35.458108,       15.17,
 139.667027,   35.458108,       16.44,
 139.671532,   35.458108,       18.78,
 139.676036,   35.458108,       21.53,
 139.680541,   35.458108,       24.53,
 139.685045,   35.458108,       27.41,
 139.689550,   35.458108,       30.20,
 139.694054,   35.458108,       34.00,
 139.698559,   35.458108,       39.35,
 139.703063,   35.458108,       40.14,
 139.707568,   35.458108,       41.04,
 139.712072,   35.458108,       42.29,
 139.716577,   35.458108,       43.53,
 139.721081,   35.458108,       44.60,
 139.725586,   35.458108,       45.71,
 139.730090,   35.458108,       46.67,
 139.734595,   35.458108,       47.69,
 139.739099,   35.458108,       48.54,
 139.743604,   35.458108,       49.42,
 139.748108,   35.458108,       50.14,
 139.752613,   35.458108,       50.84,
 139.757117,   35.458108,       51.51,
 139.761622,   35.458108,       52.13,
 139.766126,   35.458108,       52.75,
 139.770631,   35.458108,       53.34,
 139.775135,   35.458108,       53.85,
 139.779640,   35.458108,       54.36,
 139.784144,   35.458108,       54.84,
 139.788649,   35.458108,       55.29,
 139.793153,   35.458108,       55.76,
 139.797658,   35.458108,       56.23,
 139.802162,   35.458108,       56.65,
 139.806667,   35.458108,       57.08,
 139.811171,   35.458108,       57.54,
 139.815676,   35.458108,       58.02,
 139.820180,   35.458108,       58.45,
 139.824685,   35.458108,       58.87,
 139.829189,   35.458108,       59.32,
 139.833694,   35.458108,       59.78,
 139.838198,   35.458108,       60.23,
 139.842703,   35.458108,       60.58,
 139.847207,   35.458108,       60.93,
 139.851712,   35.458108,       61.33,
 139.856216,   35.458108,       61.67,
 139.860721,   35.458108,       61.87,
 139.865225,   35.458108,       62.09,
 139.869730,   35.458108,       62.00,
 139.874234,   35.458108,       61.71,
 139.878739,   35.458108,       61.31,
 139.883243,   35.458108,       60.74,
 139.887748,   35.458108,       60.00,
 139.892252,   35.458108,       59.22,
 139.896757,   35.458108,       58.34,
 139.901261,   35.458108,       57.48,
 139.905766,   35.458108,       56.63,
 139.910270,   35.458108,       55.91,
 139.914775,   35.458108,       55.24,
 139.919279,   35.458108,       54.82,
 139.923784,   35.458108,       54.37,
 139.928288,   35.458108,       54.00,
 139.932793,   35.458108,       53.75,
 139.937297,   35.458108,       53.45,
 139.941802,   35.458108,       53.15,
 139.946306,   35.458108,       52.92,
 139.950811,   35.458108,       52.62,
 139.955315,   35.458108,       52.92,
 139.959820,   35.458108,       53.22,
 139.964324,   35.458108,       53.47,
 139.968829,   35.458108,       54.02,
 139.973333,   35.458108,       54.79,
 139.977838,   35.458108,       55.24,
 139.982342,   35.458108,       55.51,
 139.986847,   35.458108,       55.67,
 139.991351,   35.458108,       55.76,
 139.995856,   35.458108,       56.23,
 140.000360,   35.458108,       56.86,
 140.004865,   35.458108,       57.28,
 140.009369,   35.458108,       57.46,
 140.013874,   35.458108,       57.52,
 140.018378,   35.458108,       57.52,
 140.022883,   35.458108,       57.51,
 140.027387,   35.458108,       57.48,
 140.031892,   35.458108,       57.45,
 140.036396,   35.458108,       57.42,
 140.040901,   35.458108,       57.38,
 140.045405,   35.458108,       57.35,
 140.049910,   35.458108,       57.32,
 140.054414,   35.458108,       57.28,
 140.058919,   35.458108,       57.25,
 140.063423,   35.458108,       57.22,
 140.067928,   35.458108,       57.19,
 140.072432,   35.458108,       57.16,
 140.076937,   35.458108,       57.13,
 140.081441,   35.458108,       57.11,
 140.085946,   35.458108,       57.09,
 140.090450,   35.458108,       57.09,
 140.094955,   35.458108,       57.10,
 140.099459,   35.458108,       57.12,
 140.103964,   35.458108,       57.16,
 140.108468,   35.458108,       57.21,
 140.112973,   35.458108,       57.28,
 140.117477,   35.458108,       57.35,
 140.121982,   35.458108,       57.44,
 140.126486,   35.458108,       57.53,
 140.130991,   35.458108,       57.63,
 140.135495,   35.458108,       57.72,
 140.140000,   35.458108,       57.82,
 140.144505,   35.458108,       57.91,
 140.149009,   35.458108,       58.01,
 140.153514,   35.458108,       58.12,
 140.158018,   35.458108,       58.22,
 140.162523,   35.458108,       58.33,
 140.167027,   35.458108,       58.44,
 140.171532,   35.458108,       58.56,
 140.176036,   35.458108,       58.67,
 140.180541,   35.458108,       58.79,
 140.185045,   35.458108,       58.92,
 140.189550,   35.458108,       59.04,
 140.194054,   35.458108,       59.17,
 140.198559,   35.458108,       59.30,
 140.203063,   35.458108,       59.43,
 140.207568,   35.458108,       59.66,
 140.212072,   35.458108,       60.00,
 140.216577,   35.458108,       60.34,
 140.221081,   35.458108,       60.68,
 140.225586,   35.458108,       61.01,
 140.230090,   35.458108,       61.34,
 140.234595,   35.458108,       61.67,
 140.239099,   35.458108,       62.00,
 140.243604,   35.458108,       62.32,
 140.248108,   35.458108,       62.65,
 140.252613,   35.458108,       62.97,
 140.257117,   35.458108,       63.28,
 140.261622,   35.458108,       63.60,
 140.266126,   35.458108,       63.91,
 140.270631,   35.458108,       64.22,
 140.275135,   35.458108,       64.53,
 140.279640,   35.458108,       64.84,
 140.284144,   35.458108,       65.14,
 140.288649,   35.458108,       65.45,
 140.293153,   35.458108,       65.75,
 140.297658,   35.458108,       66.04,
 140.302162,   35.458108,       66.34,
 140.306667,   35.458108,       66.63,
 140.311171,   35.458108,       66.92,
 140.315676,   35.458108,       67.21,
 140.320180,   35.458108,       67.50,
 140.324685,   35.458108,       67.78,
 140.329189,   35.458108,       68.07,
 140.333694,   35.458108,       68.35,
 140.338198,   35.458108,       68.62,
 140.342703,   35.458108,       68.90,
 140.347207,   35.458108,       69.17,
 140.351712,   35.458108,       69.44,
 140.356216,   35.458108,       69.71,
 140.360721,   35.458108,       69.98,
 140.365225,   35.458108,       70.24,
 140.369730,   35.458108,       70.50,
 140.374234,   35.458108,       70.76,
 140.378739,   35.458108,       71.02,
 140.383243,   35.458108,       71.28,
 140.387748,   35.458108,       71.53,
 139.140000,   35.462613,       31.56,
 139.144505,   35.462613,       30.44,
 139.149009,   35.462613,       29.35,
 139.153514,   35.462613,       28.29,
 139.158018,   35.462613,       27.26,
 139.162523,   35.462613,       26.25,
 139.167027,   35.462613,       25.28,
 139.171532,   35.462613,       24.33,
 139.176036,   35.462613,       23.42,
 139.180541,   35.462613,       22.53,
 139.185045,   35.462613,       21.67,
 139.189550,   35.462613,       20.84,
 139.194054,   35.462613,       20.04,
 139.198559,   35.462613,       19.27,
 139.203063,   35.462613,       18.52,
 139.207568,   35.462613,       17.81,
 139.212072,   35.462613,       17.12,
 139.216577,   35.462613,       16.46,
 139.221081,   35.462613,       15.84,
 139.225586,   35.462613,       15.24,
 139.230090,   35.462613,       14.67,
 139.234595,   35.462613,       14.12,
 139.239099,   35.462613,       13.61,
 139.243604,   35.462613,       13.13,
 139.248108,   35.462613,       12.67,
 139.252613,   35.462613,       12.24,
 139.257117,   35.462613,       11.85,
 139.261622,   35.462613,       11.48,
 139.266126,   35.462613,       11.14,
 139.270631,   35.462613,       10.83,
 139.275135,   35.462613,       10.54,
 139.279640,   35.462613,       10.29,
 139.284144,   35.462613,       10.07,
 139.288649,   35.462613,        9.87,
 139.293153,   35.462613,        9.70,
 139.297658,   35.462613,        9.56,
 139.302162,   35.462613,        9.45,
 139.306667,   35.462613,        9.37,
 139.311171,   35.462613,        9.32,
 139.315676,   35.462613,        9.30,
 139.320180,   35.462613,        9.31,
 139.324685,   35.462613,        9.34,
 139.329189,   35.462613,        9.40,
 139.333694,   35.462613,        9.50,
 139.338198,   35.462613,        9.62,
 139.342703,   35.462613,        9.77,
 139.347207,   35.462613,        9.95,
 139.351712,   35.462613,       10.15,
 139.356216,   35.462613,       10.39,
 139.360721,   35.462613,       10.66,
 139.365225,   35.462613,       10.95,
 139.369730,   35.462613,       11.27,
 139.374234,   35.462613,       11.62,
 139.378739,   35.462613,       12.01,
 139.383243,   35.462613,       12.41,
 139.387748,   35.462613,       12.85,
 139.392252,   35.462613,       13.32,
 139.396757,   35.462613,       13.82,
 139.401261,   35.462613,       14.34,
 139.405766,   35.462613,       14.89,
 139.410270,   35.462613,       15.48,
 139.414775,   35.462613,       16.09,
 139.419279,   35.462613,       16.73,
 139.423784,   35.462613,       17.40,
 139.428288,   35.462613,       18.10,
 139.432793,   35.462613,       18.82,
 139.437297,   35.462613,       19.58,
 139.441802,   35.462613,       20.36,
 139.446306,   35.462613,       21.17,
 139.450811,   35.462613,       22.02,
 139.455315,   35.462613,       22.89,
 139.459820,   35.462613,       23.79,
 139.464324,   35.462613,       24.72,
 139.468829,   35.462613,       25.67,
 139.473333,   35.462613,       26.66,
 139.477838,   35.462613,       27.43,
 139.482342,   35.462613,       27.06,
 139.486847,   35.462613,       26.72,
 139.491351,   35.462613,       26.47,
 139.495856,   35.462613,       26.24,
 139.500360,   35.462613,       26.01,
 139.504865,   35.462613,       25.78,
 139.509369,   35.462613,       25.54,
 139.513874,   35.462613,       25.29,
 139.518378,   35.462613,       25.04,
 139.522883,   35.462613,       24.78,
 139.527387,   35.462613,       24.52,
 139.531892,   35.462613,       24.24,
 139.536396,   35.462613,       23.96,
 139.540901,   35.462613,       23.66,
 139.545405,   35.462613,       23.35,
 139.549910,   35.462613,       23.03,
 139.554414,   35.462613,       22.69,
 139.558919,   35.462613,       22.33,
 139.563423,   35.462613,       21.95,
 139.567928,   35.462613,       21.54,
 139.572432,   35.462613,       21.11,
 139.576937,   35.462613,       20.66,
 139.581441,   35.462613,       20.17,
 139.585946,   35.462613,       19.64,
 139.590450,   35.462613,       19.08,
 139.594955,   35.462613,       18.47,
 139.599459,   35.462613,       17.81,
 139.603964,   35.462613,       17.10,
 139.608468,   35.462613,       16.37,
 139.612973,   35.462613,       15.66,
 139.617477,   35.462613,       15.18,
 139.621982,   35.462613,       15.44,
 139.626486,   35.462613,       15.58,
 139.630991,   35.462613,       15.31,
 139.635495,   35.462613,       14.10,
 139.640000,   35.462613,       13.17,
 139.644505,   35.462613,       13.16,
 139.649009,   35.462613,       13.09,
 139.653514,   35.462613,       13.26,
 139.658018,   35.462613,       13.70,
 139.662523,   35.462613,       14.52,
 139.667027,   35.462613,       16.26,
 139.671532,   35.462613,       18.43,
 139.676036,   35.462613,       21.25,
 139.680541,   35.462613,       25.89,
 139.685045,   35.462613,       30.05,
 139.689550,   35.462613,       33.21,
 139.694054,   35.462613,       36.06,
 139.698559,   35.462613,       39.77,
 139.703063,   35.462613,       39.21,
 139.707568,   35.462613,       39.63,
 139.712072,   35.462613,       40.55,
 139.716577,   35.462613,       41.79,
 139.721081,   35.462613,       43.04,
 139.725586,   35.462613,       44.23,
 139.730090,   35.462613,       45.45,
 139.734595,   35.462613,       46.61,
 139.739099,   35.462613,       47.64,
 139.743604,   35.462613,       48.63,
 139.748108,   35.462613,       49.56,
 139.752613,   35.462613,       50.38,
 139.757117,   35.462613,       51.12,
 139.761622,   35.462613,       51.77,
 139.766126,   35.462613,       52.41,
 139.770631,   35.462613,       53.01,
 139.775135,   35.462613,       53.56,
 139.779640,   35.462613,       54.12,
 139.784144,   35.462613,       54.57,
 139.788649,   35.462613,       55.01,
 139.793153,   35.462613,       55.47,
 139.797658,   35.462613,       55.93,
 139.802162,   35.462613,       56.39,
 139.806667,   35.462613,       56.83,
 139.811171,   35.462613,       57.29,
 139.815676,   35.462613,       57.77,
 139.820180,   35.462613,       58.23,
 139.824685,   35.462613,       58.67,
 139.829189,   35.462613,       59.11,
 139.833694,   35.462613,       59.56,
 139.838198,   35.462613,       60.03,
 139.842703,   35.462613,       60.47,
 139.847207,   35.462613,       60.87,
 139.851712,   35.462613,       61.27,
 139.856216,   35.462613,       61.66,
 139.860721,   35.462613,       62.00,
 139.865225,   35.462613,       62.21,
 139.869730,   35.462613,       62.27,
 139.874234,   35.462613,       62.32,
 139.878739,   35.462613,       62.10,
 139.883243,   35.462613,       61.96,
 139.887748,   35.462613,       61.38,
 139.892252,   35.462613,       60.96,
 139.896757,   35.462613,       60.27,
 139.901261,   35.462613,       59.58,
 139.905766,   35.462613,       58.83,
 139.910270,   35.462613,       58.12,
 139.914775,   35.462613,       57.49,
 139.919279,   35.462613,       56.88,
 139.923784,   35.462613,       56.38,
 139.928288,   35.462613,       55.95,
 139.932793,   35.462613,       55.56,
 139.937297,   35.462613,       55.23,
 139.941802,   35.462613,       54.89,
 139.946306,   35.462613,       54.68,
 139.950811,   35.462613,       54.39,
 139.955315,   35.462613,       54.53,
 139.959820,   35.462613,       54.60,
 139.964324,   35.462613,       54.63,
 139.968829,   35.462613,       54.83,
 139.973333,   35.462613,       54.54,
 139.977838,   35.462613,       54.91,
 139.982342,   35.462613,       55.35,
 139.986847,   35.462613,       55.59,
 139.991351,   35.462613,       55.74,
 139.995856,   35.462613,       55.92,
 140.000360,   35.462613,       56.61,
 140.004865,   35.462613,       57.26,
 140.009369,   35.462613,       57.57,
 140.013874,   35.462613,       57.68,
 140.018378,   35.462613,       57.69,
 140.022883,   35.462613,       57.67,
 140.027387,   35.462613,       57.64,
 140.031892,   35.462613,       57.61,
 140.036396,   35.462613,       57.57,
 140.040901,   35.462613,       57.53,
 140.045405,   35.462613,       57.50,
 140.049910,   35.462613,       57.46,
 140.054414,   35.462613,       57.43,
 140.058919,   35.462613,       57.39,
 140.063423,   35.462613,       57.36,
 140.067928,   35.462613,       57.33,
 140.072432,   35.462613,       57.31,
 140.076937,   35.462613,       57.28,
 140.081441,   35.462613,       57.26,
 140.085946,   35.462613,       57.24,
 140.090450,   35.462613,       57.24,
 140.094955,   35.462613,       57.26,
 140.099459,   35.462613,       57.29,
 140.103964,   35.462613,       57.33,
 140.108468,   35.462613,       57.39,
 140.112973,   35.462613,       57.46,
 140.117477,   35.462613,       57.55,
 140.121982,   35.462613,       57.64,
 140.126486,   35.462613,       57.74,
 140.130991,   35.462613,       57.84,
 140.135495,   35.462613,       57.94,
 140.140000,   35.462613,       58.04,
 140.144505,   35.462613,       58.14,
 140.149009,   35.462613,       58.25,
 140.153514,   35.462613,       58.36,
 140.158018,   35.462613,       58.47,
 140.162523,   35.462613,       58.59,
 140.167027,   35.462613,       58.70,
 140.171532,   35.462613,       58.82,
 140.176036,   35.462613,       58.94,
 140.180541,   35.462613,       59.07,
 140.185045,   35.462613,       59.19,
 140.189550,   35.462613,       59.32,
 140.194054,   35.462613,       59.46,
 140.198559,   35.462613,       59.59,
 140.203063,   35.462613,       59.76,
 140.207568,   35.462613,       60.10,
 140.212072,   35.462613,       60.44,
 140.216577,   35.462613,       60.78,
 140.221081,   35.462613,       61.12,
 140.225586,   35.462613,       61.45,
 140.230090,   35.462613,       61.79,
 140.234595,   35.462613,       62.12,
 140.239099,   35.462613,       62.44,
 140.243604,   35.462613,       62.77,
 140.248108,   35.462613,       63.09,
 140.252613,   35.462613,       63.42,
 140.257117,   35.462613,       63.73,
 140.261622,   35.462613,       64.05,
 140.266126,   35.462613,       64.37,
 140.270631,   35.462613,       64.68,
 140.275135,   35.462613,       64.99,
 140.279640,   35.462613,       65.29,
 140.284144,   35.462613,       65.60,
 140.288649,   35.462613,       65.90,
 140.293153,   35.462613,       66.20,
 140.297658,   35.462613,       66.50,
 140.302162,   35.462613,       66.80,
 140.306667,   35.462613,       67.09,
 140.311171,   35.462613,       67.39,
 140.315676,   35.462613,       67.68,
 140.320180,   35.462613,       67.96,
 140.324685,   35.462613,       68.25,
 140.329189,   35.462613,       68.53,
 140.333694,   35.462613,       68.81,
 140.338198,   35.462613,       69.09,
 140.342703,   35.462613,       69.37,
 140.347207,   35.462613,       69.64,
 140.351712,   35.462613,       69.91,
 140.356216,   35.462613,       70.18,
 140.360721,   35.462613,       70.45,
 140.365225,   35.462613,       70.71,
 140.369730,   35.462613,       70.98,
 140.374234,   35.462613,       71.24,
 140.378739,   35.462613,       71.49,
 140.383243,   35.462613,       71.75,
 140.387748,   35.462613,       72.00,
 139.140000,   35.467117,       30.25,
 139.144505,   35.467117,       29.12,
 139.149009,   35.467117,       28.01,
 139.153514,   35.467117,       26.94,
 139.158018,   35.467117,       25.90,
 139.162523,   35.467117,       24.88,
 139.167027,   35.467117,       23.90,
 139.171532,   35.467117,       22.94,
 139.176036,   35.467117,       22.01,
 139.180541,   35.467117,       21.11,
 139.185045,   35.467117,       20.24,
 139.189550,   35.467117,       19.40,
 139.194054,   35.467117,       18.58,
 139.198559,   35.467117,       17.80,
 139.203063,   35.467117,       17.04,
 139.207568,   35.467117,       16.32,
 139.212072,   35.467117,       15.62,
 139.216577,   35.467117,       14.95,
 139.221081,   35.467117,       14.31,
 139.225586,   35.467117,       13.70,
 139.230090,   35.467117,       13.11,
 139.234595,   35.467117,       12.56,
 139.239099,   35.467117,       12.03,
 139.243604,   35.467117,       11.54,
 139.248108,   35.467117,       11.07,
 139.252613,   35.467117,       10.63,
 139.257117,   35.467117,       10.22,
 139.261622,   35.467117,        9.84,
 139.266126,   35.467117,        9.49,
 139.270631,   35.467117,        9.16,
 139.275135,   35.467117,        8.87,
 139.279640,   35.467117,        8.60,
 139.284144,   35.467117,        8.37,
 139.288649,   35.467117,        8.16,
 139.293153,   35.467117,        7.98,
 139.297658,   35.467117,        7.83,
 139.302162,   35.467117,        7.71,
 139.306667,   35.467117,        7.61,
 139.311171,   35.467117,        7.55,
 139.315676,   35.467117,        7.52,
 139.320180,   35.467117,        7.51,
 139.324685,   35.467117,        7.53,
 139.329189,   35.467117,        7.58,
 139.333694,   35.467117,        7.66,
 139.338198,   35.467117,        7.77,
 139.342703,   35.467117,        7.91,
 139.347207,   35.467117,        8.08,
 139.351712,   35.467117,        8.27,
 139.356216,   35.467117,        8.50,
 139.360721,   35.467117,        8.75,
 139.365225,   35.467117,        9.03,
 139.369730,   35.467117,        9.34,
 139.374234,   35.467117,        9.68,
 139.378739,   35.467117,       10.05,
 139.383243,   35.467117,       10.45,
 139.387748,   35.467117,       10.87,
 139.392252,   35.467117,       11.33,
 139.396757,   35.467117,       11.81,
 139.401261,   35.467117,       12.33,
 139.405766,   35.467117,       12.87,
 139.410270,   35.467117,       13.44,
 139.414775,   35.467117,       14.04,
 139.419279,   35.467117,       14.66,
 139.423784,   35.467117,       15.32,
 139.428288,   35.467117,       16.01,
 139.432793,   35.467117,       16.72,
 139.437297,   35.467117,       17.46,
 139.441802,   35.467117,       18.24,
 139.446306,   35.467117,       19.04,
 139.450811,   35.467117,       19.87,
 139.455315,   35.467117,       20.73,
 139.459820,   35.467117,       21.61,
 139.464324,   35.467117,       22.53,
 139.468829,   35.467117,       23.48,
 139.473333,   35.467117,       24.45,
 139.477838,   35.467117,       25.45,
 139.482342,   35.467117,       26.48,
 139.486847,   35.467117,       26.58,
 139.491351,   35.467117,       26.22,
 139.495856,   35.467117,       25.92,
 139.500360,   35.467117,       25.68,
 139.504865,   35.467117,       25.45,
 139.509369,   35.467117,       25.21,
 139.513874,   35.467117,       24.96,
 139.518378,   35.467117,       24.71,
 139.522883,   35.467117,       24.45,
 139.527387,   35.467117,       24.19,
 139.531892,   35.467117,       23.91,
 139.536396,   35.467117,       23.63,
 139.540901,   35.467117,       23.33,
 139.545405,   35.467117,       23.03,
 139.549910,   35.467117,       22.71,
 139.554414,   35.467117,       22.37,
 139.558919,   35.467117,       22.02,
 139.563423,   35.467117,       21.64,
 139.567928,   35.467117,       21.24,
 139.572432,   35.467117,       20.82,
 139.576937,   35.467117,       20.37,
 139.581441,   35.467117,       19.89,
 139.585946,   35.467117,       19.37,
 139.590450,   35.467117,       18.81,
 139.594955,   35.467117,       18.21,
 139.599459,   35.467117,       17.56,
 139.603964,   35.467117,       16.85,
 139.608468,   35.467117,       16.08,
 139.612973,   35.467117,       15.27,
 139.617477,   35.467117,       14.44,
 139.621982,   35.467117,       13.73,
 139.626486,   35.467117,       13.78,
 139.630991,   35.467117,       13.63,
 139.635495,   35.467117,       12.74,
 139.640000,   35.467117,       12.41,
 139.644505,   35.467117,       12.41,
 139.649009,   35.467117,       12.33,
 139.653514,   35.467117,       12.48,
 139.658018,   35.467117,       12.94,
 139.662523,   35.467117,       13.59,
 139.667027,   35.467117,       15.34,
 139.671532,   35.467117,       17.57,
 139.676036,   35.467117,       22.86,
 139.680541,   35.467117,       28.70,
 139.685045,   35.467117,       33.52,
 139.689550,   35.467117,       36.78,
 139.694054,   35.467117,       38.47,
 139.698559,   35.467117,       39.32,
 139.703063,   35.467117,       38.13,
 139.707568,   35.467117,       37.69,
 139.712072,   35.467117,       38.64,
 139.716577,   35.467117,       40.15,
 139.721081,   35.467117,       41.44,
 139.725586,   35.467117,       42.60,
 139.730090,   35.467117,       43.90,
 139.734595,   35.467117,       45.18,
 139.739099,   35.467117,       46.45,
 139.743604,   35.467117,       47.61,
 139.748108,   35.467117,       48.63,
 139.752613,   35.467117,       49.55,
 139.757117,   35.467117,       50.43,
 139.761622,   35.467117,       51.27,
 139.766126,   35.467117,       52.00,
 139.770631,   35.467117,       52.62,
 139.775135,   35.467117,       53.14,
 139.779640,   35.467117,       53.68,
 139.784144,   35.467117,       54.21,
 139.788649,   35.467117,       54.68,
 139.793153,   35.467117,       55.13,
 139.797658,   35.467117,       55.59,
 139.802162,   35.467117,       56.07,
 139.806667,   35.467117,       56.54,
 139.811171,   35.467117,       57.00,
 139.815676,   35.467117,       57.48,
 139.820180,   35.467117,       57.96,
 139.824685,   35.467117,       58.43,
 139.829189,   35.467117,       58.88,
 139.833694,   35.467117,       59.34,
 139.838198,   35.467117,       59.82,
 139.842703,   35.467117,       60.29,
 139.847207,   35.467117,       60.73,
 139.851712,   35.467117,       61.13,
 139.856216,   35.467117,       61.54,
 139.860721,   35.467117,       61.95,
 139.865225,   35.467117,       62.31,
 139.869730,   35.467117,       62.47,
 139.874234,   35.467117,       62.68,
 139.878739,   35.467117,       62.65,
 139.883243,   35.467117,       62.65,
 139.887748,   35.467117,       62.47,
 139.892252,   35.467117,       62.19,
 139.896757,   35.467117,       61.94,
 139.901261,   35.467117,       61.48,
 139.905766,   35.467117,       60.90,
 139.910270,   35.467117,       60.29,
 139.914775,   35.467117,       59.67,
 139.919279,   35.467117,       59.03,
 139.923784,   35.467117,       58.47,
 139.928288,   35.467117,       57.98,
 139.932793,   35.467117,       57.59,
 139.937297,   35.467117,       57.25,
 139.941802,   35.467117,       57.00,
 139.946306,   35.467117,       56.86,
 139.950811,   35.467117,       56.70,
 139.955315,   35.467117,       56.78,
 139.959820,   35.467117,       56.67,
 139.964324,   35.467117,       56.34,
 139.968829,   35.467117,       56.20,
 139.973333,   35.467117,       55.85,
 139.977838,   35.467117,       55.25,
 139.982342,   35.467117,       54.96,
 139.986847,   35.467117,       55.38,
 139.991351,   35.467117,       55.65,
 139.995856,   35.467117,       55.80,
 140.000360,   35.467117,       56.22,
 140.004865,   35.467117,       57.09,
 140.009369,   35.467117,       57.65,
 140.013874,   35.467117,       57.85,
 140.018378,   35.467117,       57.89,
 140.022883,   35.467117,       57.86,
 140.027387,   35.467117,       57.82,
 140.031892,   35.467117,       57.78,
 140.036396,   35.467117,       57.73,
 140.040901,   35.467117,       57.69,
 140.045405,   35.467117,       57.65,
 140.049910,   35.467117,       57.61,
 140.054414,   35.467117,       57.58,
 140.058919,   35.467117,       57.55,
 140.063423,   35.467117,       57.51,
 140.067928,   35.467117,       57.49,
 140.072432,   35.467117,       57.46,
 140.076937,   35.467117,       57.43,
 140.081441,   35.467117,       57.41,
 140.085946,   35.467117,       57.40,
 140.090450,   35.467117,       57.40,
 140.094955,   35.467117,       57.42,
 140.099459,   35.467117,       57.45,
 140.103964,   35.467117,       57.50,
 140.108468,   35.467117,       57.57,
 140.112973,   35.467117,       57.65,
 140.117477,   35.467117,       57.75,
 140.121982,   35.467117,       57.85,
 140.126486,   35.467117,       57.95,
 140.130991,   35.467117,       58.06,
 140.135495,   35.467117,       58.16,
 140.140000,   35.467117,       58.27,
 140.144505,   35.467117,       58.38,
 140.149009,   35.467117,       58.49,
 140.153514,   35.467117,       58.61,
 140.158018,   35.467117,       58.72,
 140.162523,   35.467117,       58.84,
 140.167027,   35.467117,       58.96,
 140.171532,   35.467117,       59.09,
 140.176036,   35.467117,       59.22,
 140.180541,   35.467117,       59.35,
 140.185045,   35.467117,       59.48,
 140.189550,   35.467117,       59.61,
 140.194054,   35.467117,       59.75,
 140.198559,   35.467117,       59.89,
 140.203063,   35.467117,       60.20,
 140.207568,   35.467117,       60.55,
 140.212072,   35.467117,       60.89,
 140.216577,   35.467117,       61.23,
 140.221081,   35.467117,       61.57,
 140.225586,   35.467117,       61.90,
 140.230090,   35.467117,       62.23,
 140.234595,   35.467117,       62.57,
 140.239099,   35.467117,       62.89,
 140.243604,   35.467117,       63.22,
 140.248108,   35.467117,       63.54,
 140.252613,   35.467117,       63.87,
 140.257117,   35.467117,       64.19,
 140.261622,   35.467117,       64.50,
 140.266126,   35.467117,       64.82,
 140.270631,   35.467117,       65.13,
 140.275135,   35.467117,       65.44,
 140.279640,   35.467117,       65.75,
 140.284144,   35.467117,       66.06,
 140.288649,   35.467117,       66.36,
 140.293153,   35.467117,       66.66,
 140.297658,   35.467117,       66.96,
 140.302162,   35.467117,       67.26,
 140.306667,   35.467117,       67.56,
 140.311171,   35.467117,       67.85,
 140.315676,   35.467117,       68.14,
 140.320180,   35.467117,       68.43,
 140.324685,   35.467117,       68.71,
 140.329189,   35.467117,       69.00,
 140.333694,   35.467117,       69.28,
 140.338198,   35.467117,       69.56,
 140.342703,   35.467117,       69.84,
 140.347207,   35.467117,       70.11,
 140.351712,   35.467117,       70.38,
 140.356216,   35.467117,       70.65,
 140.360721,   35.467117,       70.92,
 140.365225,   35.467117,       71.19,
 140.369730,   35.467117,       71.45,
 140.374234,   35.467117,       71.71,
 140.378739,   35.467117,       71.97,
 140.383243,   35.467117,       72.23,
 140.387748,   35.467117,       72.48,
 139.140000,   35.471622,       28.91,
 139.144505,   35.471622,       27.77,
 139.149009,   35.471622,       26.65,
 139.153514,   35.471622,       25.57,
 139.158018,   35.471622,       24.51,
 139.162523,   35.471622,       23.48,
 139.167027,   35.471622,       22.48,
 139.171532,   35.471622,       21.51,
 139.176036,   35.471622,       20.57,
 139.180541,   35.471622,       19.66,
 139.185045,   35.471622,       18.78,
 139.189550,   35.471622,       17.92,
 139.194054,   35.471622,       17.10,
 139.198559,   35.471622,       16.30,
 139.203063,   35.471622,       15.53,
 139.207568,   35.471622,       14.79,
 139.212072,   35.471622,       14.08,
 139.216577,   35.471622,       13.40,
 139.221081,   35.471622,       12.75,
 139.225586,   35.471622,       12.13,
 139.230090,   35.471622,       11.53,
 139.234595,   35.471622,       10.96,
 139.239099,   35.471622,       10.43,
 139.243604,   35.471622,        9.92,
 139.248108,   35.471622,        9.44,
 139.252613,   35.471622,        8.99,
 139.257117,   35.471622,        8.57,
 139.261622,   35.471622,        8.17,
 139.266126,   35.471622,        7.81,
 139.270631,   35.471622,        7.47,
 139.275135,   35.471622,        7.17,
 139.279640,   35.471622,        6.89,
 139.284144,   35.471622,        6.64,
 139.288649,   35.471622,        6.42,
 139.293153,   35.471622,        6.23,
 139.297658,   35.471622,        6.06,
 139.302162,   35.471622,        5.93,
 139.306667,   35.471622,        5.83,
 139.311171,   35.471622,        5.75,
 139.315676,   35.471622,        5.70,
 139.320180,   35.471622,        5.68,
 139.324685,   35.471622,        5.69,
 139.329189,   35.471622,        5.73,
 139.333694,   35.471622,        5.80,
 139.338198,   35.471622,        5.90,
 139.342703,   35.471622,        6.02,
 139.347207,   35.471622,        6.18,
 139.351712,   35.471622,        6.36,
 139.356216,   35.471622,        6.57,
 139.360721,   35.471622,        6.82,
 139.365225,   35.471622,        7.09,
 139.369730,   35.471622,        7.38,
 139.374234,   35.471622,        7.71,
 139.378739,   35.471622,        8.07,
 139.383243,   35.471622,        8.45,
 139.387748,   35.471622,        8.87,
 139.392252,   35.471622,        9.31,
 139.396757,   35.471622,        9.78,
 139.401261,   35.471622,       10.28,
 139.405766,   35.471622,       10.81,
 139.410270,   35.471622,       11.37,
 139.414775,   35.471622,       11.96,
 139.419279,   35.471622,       12.57,
 139.423784,   35.471622,       13.22,
 139.428288,   35.471622,       13.89,
 139.432793,   35.471622,       14.59,
 139.437297,   35.471622,       15.32,
 139.441802,   35.471622,       16.08,
 139.446306,   35.471622,       16.87,
 139.450811,   35.471622,       17.69,
 139.455315,   35.471622,       18.54,
 139.459820,   35.471622,       19.41,
 139.464324,   35.471622,       20.32,
 139.468829,   35.471622,       21.25,
 139.473333,   35.471622,       22.21,
 139.477838,   35.471622,       23.20,
 139.482342,   35.471622,       24.22,
 139.486847,   35.471622,       25.27,
 139.491351,   35.471622,       26.11,
 139.495856,   35.471622,       25.74,
 139.500360,   35.471622,       25.40,
 139.504865,   35.471622,       25.13,
 139.509369,   35.471622,       24.89,
 139.513874,   35.471622,       24.64,
 139.518378,   35.471622,       24.39,
 139.522883,   35.471622,       24.13,
 139.527387,   35.471622,       23.87,
 139.531892,   35.471622,       23.60,
 139.536396,   35.471622,       23.31,
 139.540901,   35.471622,       23.02,
 139.545405,   35.471622,       22.72,
 139.549910,   35.471622,       22.40,
 139.554414,   35.471622,       22.07,
 139.558919,   35.471622,       21.72,
 139.563423,   35.471622,       21.35,
 139.567928,   35.471622,       20.96,
 139.572432,   35.471622,       20.55,
 139.576937,   35.471622,       20.11,
 139.581441,   35.471622,       19.63,
 139.585946,   35.471622,       19.13,
 139.590450,   35.471622,       18.59,
 139.594955,   35.471622,       18.00,
 139.599459,   35.471622,       17.36,
 139.603964,   35.471622,       16.67,
 139.608468,   35.471622,       15.91,
 139.612973,   35.471622,       15.08,
 139.617477,   35.471622,       14.19,
 139.621982,   35.471622,       13.25,
 139.626486,   35.471622,       12.34,
 139.630991,   35.471622,       12.12,
 139.635495,   35.471622,       11.71,
 139.640000,   35.471622,       11.44,
 139.644505,   35.471622,       11.20,
 139.649009,   35.471622,       11.20,
 139.653514,   35.471622,       11.45,
 139.658018,   35.471622,       11.75,
 139.662523,   35.471622,       11.96,
 139.667027,   35.471622,       13.53,
 139.671532,   35.471622,       17.63,
 139.676036,   35.471622,       24.30,
 139.680541,   35.471622,       30.87,
 139.685045,   35.471622,       37.04,
 139.689550,   35.471622,       41.17,
 139.694054,   35.471622,       40.99,
 139.698559,   35.471622,       37.94,
 139.703063,   35.471622,       36.53,
 139.707568,   35.471622,       35.29,
 139.712072,   35.471622,       36.35,
 139.716577,   35.471622,       38.36,
 139.721081,   35.471622,       40.23,
 139.725586,   35.471622,       41.44,
 139.730090,   35.471622,       42.61,
 139.734595,   35.471622,       43.65,
 139.739099,   35.471622,       45.03,
 139.743604,   35.471622,       46.26,
 139.748108,   35.471622,       47.36,
 139.752613,   35.471622,       48.51,
 139.757117,   35.471622,       49.55,
 139.761622,   35.471622,       50.54,
 139.766126,   35.471622,       51.27,
 139.770631,   35.471622,       51.98,
 139.775135,   35.471622,       52.60,
 139.779640,   35.471622,       53.14,
 139.784144,   35.471622,       53.70,
 139.788649,   35.471622,       54.27,
 139.793153,   35.471622,       54.76,
 139.797658,   35.471622,       55.21,
 139.802162,   35.471622,       55.70,
 139.806667,   35.471622,       56.22,
 139.811171,   35.471622,       56.68,
 139.815676,   35.471622,       57.14,
 139.820180,   35.471622,       57.64,
 139.824685,   35.471622,       58.15,
 139.829189,   35.471622,       58.63,
 139.833694,   35.471622,       59.08,
 139.838198,   35.471622,       59.55,
 139.842703,   35.471622,       60.06,
 139.847207,   35.471622,       60.57,
 139.851712,   35.471622,       60.99,
 139.856216,   35.471622,       61.39,
 139.860721,   35.471622,       61.80,
 139.865225,   35.471622,       62.20,
 139.869730,   35.471622,       62.49,
 139.874234,   35.471622,       62.78,
 139.878739,   35.471622,       62.99,
 139.883243,   35.471622,       63.05,
 139.887748,   35.471622,       63.20,
 139.892252,   35.471622,       63.16,
 139.896757,   35.471622,       63.05,
 139.901261,   35.471622,       62.77,
 139.905766,   35.471622,       62.33,
 139.910270,   35.471622,       61.87,
 139.914775,   35.471622,       61.31,
 139.919279,   35.471622,       60.79,
 139.923784,   35.471622,       60.32,
 139.928288,   35.471622,       59.87,
 139.932793,   35.471622,       59.51,
 139.937297,   35.471622,       59.18,
 139.941802,   35.471622,       58.97,
 139.946306,   35.471622,       58.83,
 139.950811,   35.471622,       58.77,
 139.955315,   35.471622,       58.75,
 139.959820,   35.471622,       58.80,
 139.964324,   35.471622,       58.41,
 139.968829,   35.471622,       57.96,
 139.973333,   35.471622,       57.36,
 139.977838,   35.471622,       56.70,
 139.982342,   35.471622,       55.93,
 139.986847,   35.471622,       55.42,
 139.991351,   35.471622,       55.46,
 139.995856,   35.471622,       55.73,
 140.000360,   35.471622,       55.88,
 140.004865,   35.471622,       56.65,
 140.009369,   35.471622,       57.62,
 140.013874,   35.471622,       58.02,
 140.018378,   35.471622,       58.11,
 140.022883,   35.471622,       58.08,
 140.027387,   35.471622,       58.03,
 140.031892,   35.471622,       57.97,
 140.036396,   35.471622,       57.91,
 140.040901,   35.471622,       57.86,
 140.045405,   35.471622,       57.82,
 140.049910,   35.471622,       57.78,
 140.054414,   35.471622,       57.74,
 140.058919,   35.471622,       57.70,
 140.063423,   35.471622,       57.67,
 140.067928,   35.471622,       57.64,
 140.072432,   35.471622,       57.62,
 140.076937,   35.471622,       57.59,
 140.081441,   35.471622,       57.57,
 140.085946,   35.471622,       57.55,
 140.090450,   35.471622,       57.56,
 140.094955,   35.471622,       57.59,
 140.099459,   35.471622,       57.62,
 140.103964,   35.471622,       57.68,
 140.108468,   35.471622,       57.75,
 140.112973,   35.471622,       57.85,
 140.117477,   35.471622,       57.95,
 140.121982,   35.471622,       58.06,
 140.126486,   35.471622,       58.17,
 140.130991,   35.471622,       58.28,
 140.135495,   35.471622,       58.39,
 140.140000,   35.471622,       58.50,
 140.144505,   35.471622,       58.62,
 140.149009,   35.471622,       58.74,
 140.153514,   35.471622,       58.86,
 140.158018,   35.471622,       58.98,
 140.162523,   35.471622,       59.10,
 140.167027,   35.471622,       59.23,
 140.171532,   35.471622,       59.36,
 140.176036,   35.471622,       59.50,
 140.180541,   35.471622,       59.63,
 140.185045,   35.471622,       59.77,
 140.189550,   35.471622,       59.91,
 140.194054,   35.471622,       60.05,
 140.198559,   35.471622,       60.30,
 140.203063,   35.471622,       60.65,
 140.207568,   35.471622,       60.99,
 140.212072,   35.471622,       61.33,
 140.216577,   35.471622,       61.67,
 140.221081,   35.471622,       62.01,
 140.225586,   35.471622,       62.35,
 140.230090,   35.471622,       62.68,
 140.234595,   35.471622,       63.02,
 140.239099,   35.471622,       63.35,
 140.243604,   35.471622,       63.67,
 140.248108,   35.471622,       64.00,
 140.252613,   35.471622,       64.32,
 140.257117,   35.471622,       64.64,
 140.261622,   35.471622,       64.96,
 140.266126,   35.471622,       65.28,
 140.270631,   35.471622,       65.59,
 140.275135,   35.471622,       65.90,
 140.279640,   35.471622,       66.21,
 140.284144,   35.471622,       66.52,
 140.288649,   35.471622,       66.82,
 140.293153,   35.471622,       67.13,
 140.297658,   35.471622,       67.43,
 140.302162,   35.471622,       67.72,
 140.306667,   35.471622,       68.02,
 140.311171,   35.471622,       68.31,
 140.315676,   35.471622,       68.61,
 140.320180,   35.471622,       68.90,
 140.324685,   35.471622,       69.18,
 140.329189,   35.471622,       69.47,
 140.333694,   35.471622,       69.75,
 140.338198,   35.471622,       70.03,
 140.342703,   35.471622,       70.31,
 140.347207,   35.471622,       70.58,
 140.351712,   35.471622,       70.86,
 140.356216,   35.471622,       71.13,
 140.360721,   35.471622,       71.40,
 140.365225,   35.471622,       71.66,
 140.369730,   35.471622,       71.93,
 140.374234,   35.471622,       72.19,
 140.378739,   35.471622,       72.45,
 140.383243,   35.471622,       72.71,
 140.387748,   35.471622,       72.96,
 139.140000,   35.476126,       27.54,
 139.144505,   35.476126,       26.39,
 139.149009,   35.476126,       25.26,
 139.153514,   35.476126,       24.16,
 139.158018,   35.476126,       23.09,
 139.162523,   35.476126,       22.06,
 139.167027,   35.476126,       21.04,
 139.171532,   35.476126,       20.06,
 139.176036,   35.476126,       19.11,
 139.180541,   35.476126,       18.18,
 139.185045,   35.476126,       17.29,
 139.189550,   35.476126,       16.42,
 139.194054,   35.476126,       15.58,
 139.198559,   35.476126,       14.78,
 139.203063,   35.476126,       14.00,
 139.207568,   35.476126,       13.24,
 139.212072,   35.476126,       12.52,
 139.216577,   35.476126,       11.83,
 139.221081,   35.476126,       11.16,
 139.225586,   35.476126,       10.53,
 139.230090,   35.476126,        9.92,
 139.234595,   35.476126,        9.34,
 139.239099,   35.476126,        8.79,
 139.243604,   35.476126,        8.27,
 139.248108,   35.476126,        7.78,
 139.252613,   35.476126,        7.32,
 139.257117,   35.476126,        6.88,
 139.261622,   35.476126,        6.48,
 139.266126,   35.476126,        6.10,
 139.270631,   35.476126,        5.75,
 139.275135,   35.476126,        5.43,
 139.279640,   35.476126,        5.14,
 139.284144,   35.476126,        4.88,
 139.288649,   35.476126,        4.65,
 139.293153,   35.476126,        4.45,
 139.297658,   35.476126,        4.27,
 139.302162,   35.476126,        4.13,
 139.306667,   35.476126,        4.01,
 139.311171,   35.476126,        3.92,
 139.315676,   35.476126,        3.86,
 139.320180,   35.476126,        3.83,
 139.324685,   35.476126,        3.83,
 139.329189,   35.476126,        3.86,
 139.333694,   35.476126,        3.91,
 139.338198,   35.476126,        4.00,
 139.342703,   35.476126,        4.11,
 139.347207,   35.476126,        4.25,
 139.351712,   35.476126,        4.42,
 139.356216,   35.476126,        4.62,
 139.360721,   35.476126,        4.85,
 139.365225,   35.476126,        5.11,
 139.369730,   35.476126,        5.40,
 139.374234,   35.476126,        5.71,
 139.378739,   35.476126,        6.06,
 139.383243,   35.476126,        6.43,
 139.387748,   35.476126,        6.83,
 139.392252,   35.476126,        7.26,
 139.396757,   35.476126,        7.72,
 139.401261,   35.476126,        8.21,
 139.405766,   35.476126,        8.73,
 139.410270,   35.476126,        9.27,
 139.414775,   35.476126,        9.85,
 139.419279,   35.476126,       10.45,
 139.423784,   35.476126,       11.08,
 139.428288,   35.476126,       11.74,
 139.432793,   35.476126,       12.43,
 139.437297,   35.476126,       13.15,
 139.441802,   35.476126,       13.90,
 139.446306,   35.476126,       14.68,
 139.450811,   35.476126,       15.48,
 139.455315,   35.476126,       16.32,
 139.459820,   35.476126,       17.18,
 139.464324,   35.476126,       18.07,
 139.468829,   35.476126,       18.99,
 139.473333,   35.476126,       19.94,
 139.477838,   35.476126,       20.92,
 139.482342,   35.476126,       21.93,
 139.486847,   35.476126,       22.96,
 139.491351,   35.476126,       24.03,
 139.495856,   35.476126,       25.12,
 139.500360,   35.476126,       25.26,
 139.504865,   35.476126,       24.90,
 139.509369,   35.476126,       24.58,
 139.513874,   35.476126,       24.34,
 139.518378,   35.476126,       24.08,
 139.522883,   35.476126,       23.83,
 139.527387,   35.476126,       23.56,
 139.531892,   35.476126,       23.29,
 139.536396,   35.476126,       23.01,
 139.540901,   35.476126,       22.72,
 139.545405,   35.476126,       22.42,
 139.549910,   35.476126,       22.11,
 139.554414,   35.476126,       21.78,
 139.558919,   35.476126,       21.44,
 139.563423,   35.476126,       21.08,
 139.567928,   35.476126,       20.70,
 139.572432,   35.476126,       20.29,
 139.576937,   35.476126,       19.86,
 139.581441,   35.476126,       19.40,
 139.585946,   35.476126,       18.91,
 139.590450,   35.476126,       18.38,
 139.594955,   35.476126,       17.81,
 139.599459,   35.476126,       17.20,
 139.603964,   35.476126,       16.53,
 139.608468,   35.476126,       15.80,
 139.612973,   35.476126,       15.00,
 139.617477,   35.476126,       14.12,
 139.621982,   35.476126,       13.15,
 139.626486,   35.476126,       12.12,
 139.630991,   35.476126,       11.07,
 139.635495,   35.476126,       10.71,
 139.640000,   35.476126,       10.43,
 139.644505,   35.476126,        9.97,
 139.649009,   35.476126,        9.59,
 139.653514,   35.476126,        9.54,
 139.658018,   35.476126,        7.99,
 139.662523,   35.476126,        7.67,
 139.667027,   35.476126,       10.11,
 139.671532,   35.476126,       16.66,
 139.676036,   35.476126,       23.48,
 139.680541,   35.476126,       29.25,
 139.685045,   35.476126,       34.67,
 139.689550,   35.476126,       40.13,
 139.694054,   35.476126,       41.10,
 139.698559,   35.476126,       36.82,
 139.703063,   35.476126,       34.85,
 139.707568,   35.476126,       35.24,
 139.712072,   35.476126,       36.17,
 139.716577,   35.476126,       37.18,
 139.721081,   35.476126,       38.28,
 139.725586,   35.476126,       39.53,
 139.730090,   35.476126,       41.07,
 139.734595,   35.476126,       42.52,
 139.739099,   35.476126,       43.71,
 139.743604,   35.476126,       44.78,
 139.748108,   35.476126,       45.91,
 139.752613,   35.476126,       47.08,
 139.757117,   35.476126,       48.30,
 139.761622,   35.476126,       49.29,
 139.766126,   35.476126,       50.39,
 139.770631,   35.476126,       51.09,
 139.775135,   35.476126,       51.89,
 139.779640,   35.476126,       52.52,
 139.784144,   35.476126,       53.06,
 139.788649,   35.476126,       53.63,
 139.793153,   35.476126,       54.24,
 139.797658,   35.476126,       54.75,
 139.802162,   35.476126,       55.23,
 139.806667,   35.476126,       55.74,
 139.811171,   35.476126,       56.27,
 139.815676,   35.476126,       56.75,
 139.820180,   35.476126,       57.25,
 139.824685,   35.476126,       57.76,
 139.829189,   35.476126,       58.26,
 139.833694,   35.476126,       58.74,
 139.838198,   35.476126,       59.22,
 139.842703,   35.476126,       59.73,
 139.847207,   35.476126,       60.25,
 139.851712,   35.476126,       60.74,
 139.856216,   35.476126,       61.17,
 139.860721,   35.476126,       61.60,
 139.865225,   35.476126,       62.07,
 139.869730,   35.476126,       62.39,
 139.874234,   35.476126,       62.70,
 139.878739,   35.476126,       63.02,
 139.883243,   35.476126,       63.19,
 139.887748,   35.476126,       63.35,
 139.892252,   35.476126,       63.54,
 139.896757,   35.476126,       63.52,
 139.901261,   35.476126,       63.35,
 139.905766,   35.476126,       63.09,
 139.910270,   35.476126,       62.74,
 139.914775,   35.476126,       62.49,
 139.919279,   35.476126,       62.07,
 139.923784,   35.476126,       61.79,
 139.928288,   35.476126,       61.46,
 139.932793,   35.476126,       61.11,
 139.937297,   35.476126,       60.90,
 139.941802,   35.476126,       60.67,
 139.946306,   35.476126,       60.46,
 139.950811,   35.476126,       60.36,
 139.955315,   35.476126,       60.39,
 139.959820,   35.476126,       60.15,
 139.964324,   35.476126,       59.67,
 139.968829,   35.476126,       59.12,
 139.973333,   35.476126,       58.75,
 139.977838,   35.476126,       58.35,
 139.982342,   35.476126,       57.28,
 139.986847,   35.476126,       56.31,
 139.991351,   35.476126,       55.98,
 139.995856,   35.476126,       55.75,
 140.000360,   35.476126,       55.87,
 140.004865,   35.476126,       56.03,
 140.009369,   35.476126,       57.26,
 140.013874,   35.476126,       58.16,
 140.018378,   35.476126,       58.38,
 140.022883,   35.476126,       58.37,
 140.027387,   35.476126,       58.28,
 140.031892,   35.476126,       58.19,
 140.036396,   35.476126,       58.12,
 140.040901,   35.476126,       58.05,
 140.045405,   35.476126,       58.00,
 140.049910,   35.476126,       57.95,
 140.054414,   35.476126,       57.91,
 140.058919,   35.476126,       57.87,
 140.063423,   35.476126,       57.84,
 140.067928,   35.476126,       57.81,
 140.072432,   35.476126,       57.78,
 140.076937,   35.476126,       57.75,
 140.081441,   35.476126,       57.73,
 140.085946,   35.476126,       57.71,
 140.090450,   35.476126,       57.72,
 140.094955,   35.476126,       57.75,
 140.099459,   35.476126,       57.79,
 140.103964,   35.476126,       57.86,
 140.108468,   35.476126,       57.94,
 140.112973,   35.476126,       58.04,
 140.117477,   35.476126,       58.15,
 140.121982,   35.476126,       58.27,
 140.126486,   35.476126,       58.39,
 140.130991,   35.476126,       58.50,
 140.135495,   35.476126,       58.62,
 140.140000,   35.476126,       58.74,
 140.144505,   35.476126,       58.86,
 140.149009,   35.476126,       58.99,
 140.153514,   35.476126,       59.11,
 140.158018,   35.476126,       59.24,
 140.162523,   35.476126,       59.37,
 140.167027,   35.476126,       59.51,
 140.171532,   35.476126,       59.64,
 140.176036,   35.476126,       59.78,
 140.180541,   35.476126,       59.92,
 140.185045,   35.476126,       60.06,
 140.189550,   35.476126,       60.21,
 140.194054,   35.476126,       60.39,
 140.198559,   35.476126,       60.74,
 140.203063,   35.476126,       61.09,
 140.207568,   35.476126,       61.44,
 140.212072,   35.476126,       61.78,
 140.216577,   35.476126,       62.12,
 140.221081,   35.476126,       62.46,
 140.225586,   35.476126,       62.80,
 140.230090,   35.476126,       63.14,
 140.234595,   35.476126,       63.47,
 140.239099,   35.476126,       63.80,
 140.243604,   35.476126,       64.13,
 140.248108,   35.476126,       64.45,
 140.252613,   35.476126,       64.78,
 140.257117,   35.476126,       65.10,
 140.261622,   35.476126,       65.42,
 140.266126,   35.476126,       65.74,
 140.270631,   35.476126,       66.05,
 140.275135,   35.476126,       66.36,
 140.279640,   35.476126,       66.67,
 140.284144,   35.476126,       66.98,
 140.288649,   35.476126,       67.29,
 140.293153,   35.476126,       67.59,
 140.297658,   35.476126,       67.89,
 140.302162,   35.476126,       68.19,
 140.306667,   35.476126,       68.49,
 140.311171,   35.476126,       68.78,
 140.315676,   35.476126,       69.07,
 140.320180,   35.476126,       69.36,
 140.324685,   35.476126,       69.65,
 140.329189,   35.476126,       69.94,
 140.333694,   35.476126,       70.22,
 140.338198,   35.476126,       70.50,
 140.342703,   35.476126,       70.78,
 140.347207,   35.476126,       71.06,
 140.351712,   35.476126,       71.33,
 140.356216,   35.476126,       71.60,
 140.360721,   35.476126,       71.87,
 140.365225,   35.476126,       72.14,
 140.369730,   35.476126,       72.41,
 140.374234,   35.476126,       72.67,
 140.378739,   35.476126,       72.93,
 140.383243,   35.476126,       73.19,
 140.387748,   35.476126,       73.45,
 139.140000,   35.480631,       26.15,
 139.144505,   35.480631,       24.98,
 139.149009,   35.480631,       23.84,
 139.153514,   35.480631,       22.73,
 139.158018,   35.480631,       21.65,
 139.162523,   35.480631,       20.60,
 139.167027,   35.480631,       19.58,
 139.171532,   35.480631,       18.58,
 139.176036,   35.480631,       17.62,
 139.180541,   35.480631,       16.68,
 139.185045,   35.480631,       15.77,
 139.189550,   35.480631,       14.89,
 139.194054,   35.480631,       14.04,
 139.198559,   35.480631,       13.22,
 139.203063,   35.480631,       12.43,
 139.207568,   35.480631,       11.67,
 139.212072,   35.480631,       10.93,
 139.216577,   35.480631,       10.23,
 139.221081,   35.480631,        9.55,
 139.225586,   35.480631,        8.90,
 139.230090,   35.480631,        8.28,
 139.234595,   35.480631,        7.69,
 139.239099,   35.480631,        7.13,
 139.243604,   35.480631,        6.60,
 139.248108,   35.480631,        6.09,
 139.252613,   35.480631,        5.62,
 139.257117,   35.480631,        5.17,
 139.261622,   35.480631,        4.75,
 139.266126,   35.480631,        4.36,
 139.270631,   35.480631,        4.00,
 139.275135,   35.480631,        3.67,
 139.279640,   35.480631,        3.37,
 139.284144,   35.480631,        3.10,
 139.288649,   35.480631,        2.85,
 139.293153,   35.480631,        2.64,
 139.297658,   35.480631,        2.45,
 139.302162,   35.480631,        2.29,
 139.306667,   35.480631,        2.16,
 139.311171,   35.480631,        2.06,
 139.315676,   35.480631,        1.99,
 139.320180,   35.480631,        1.95,
 139.324685,   35.480631,        1.93,
 139.329189,   35.480631,        1.95,
 139.333694,   35.480631,        1.99,
 139.338198,   35.480631,        2.07,
 139.342703,   35.480631,        2.17,
 139.347207,   35.480631,        2.30,
 139.351712,   35.480631,        2.46,
 139.356216,   35.480631,        2.64,
 139.360721,   35.480631,        2.86,
 139.365225,   35.480631,        3.11,
 139.369730,   35.480631,        3.38,
 139.374234,   35.480631,        3.68,
 139.378739,   35.480631,        4.02,
 139.383243,   35.480631,        4.38,
 139.387748,   35.480631,        4.77,
 139.392252,   35.480631,        5.18,
 139.396757,   35.480631,        5.63,
 139.401261,   35.480631,        6.11,
 139.405766,   35.480631,        6.61,
 139.410270,   35.480631,        7.15,
 139.414775,   35.480631,        7.71,
 139.419279,   35.480631,        8.30,
 139.423784,   35.480631,        8.92,
 139.428288,   35.480631,        9.57,
 139.432793,   35.480631,       10.25,
 139.437297,   35.480631,       10.95,
 139.441802,   35.480631,       11.69,
 139.446306,   35.480631,       12.45,
 139.450811,   35.480631,       13.25,
 139.455315,   35.480631,       14.07,
 139.459820,   35.480631,       14.92,
 139.464324,   35.480631,       15.80,
 139.468829,   35.480631,       16.71,
 139.473333,   35.480631,       17.65,
 139.477838,   35.480631,       18.61,
 139.482342,   35.480631,       19.61,
 139.486847,   35.480631,       20.63,
 139.491351,   35.480631,       21.69,
 139.495856,   35.480631,       22.77,
 139.500360,   35.480631,       23.88,
 139.504865,   35.480631,       24.80,
 139.509369,   35.480631,       24.41,
 139.513874,   35.480631,       24.07,
 139.518378,   35.480631,       23.79,
 139.522883,   35.480631,       23.53,
 139.527387,   35.480631,       23.27,
 139.531892,   35.480631,       23.00,
 139.536396,   35.480631,       22.72,
 139.540901,   35.480631,       22.43,
 139.545405,   35.480631,       22.14,
 139.549910,   35.480631,       21.83,
 139.554414,   35.480631,       21.50,
 139.558919,   35.480631,       21.17,
 139.563423,   35.480631,       20.81,
 139.567928,   35.480631,       20.44,
 139.572432,   35.480631,       20.05,
 139.576937,   35.480631,       19.63,
 139.581441,   35.480631,       19.19,
 139.585946,   35.480631,       18.71,
 139.590450,   35.480631,       18.20,
 139.594955,   35.480631,       17.65,
 139.599459,   35.480631,       17.06,
 139.603964,   35.480631,       16.42,
 139.608468,   35.480631,       15.72,
 139.612973,   35.480631,       14.96,
 139.617477,   35.480631,       14.12,
 139.621982,   35.480631,       13.20,
 139.626486,   35.480631,       12.18,
 139.630991,   35.480631,       11.11,
 139.635495,   35.480631,       10.04,
 139.640000,   35.480631,        9.51,
 139.644505,   35.480631,        8.61,
 139.649009,   35.480631,        7.30,
 139.653514,   35.480631,        6.22,
 139.658018,   35.480631,        3.33,
 139.662523,   35.480631,        0.17,
 139.667027,   35.480631,        5.94,
 139.671532,   35.480631,       11.09,
 139.676036,   35.480631,       15.79,
 139.680541,   35.480631,       20.29,
 139.685045,   35.480631,       24.54,
 139.689550,   35.480631,       28.14,
 139.694054,   35.480631,       30.79,
 139.698559,   35.480631,       32.52,
 139.703063,   35.480631,       33.47,
 139.707568,   35.480631,       34.43,
 139.712072,   35.480631,       35.12,
 139.716577,   35.480631,       35.78,
 139.721081,   35.480631,       36.71,
 139.725586,   35.480631,       37.77,
 139.730090,   35.480631,       38.80,
 139.734595,   35.480631,       40.07,
 139.739099,   35.480631,       41.82,
 139.743604,   35.480631,       43.05,
 139.748108,   35.480631,       44.16,
 139.752613,   35.480631,       45.33,
 139.757117,   35.480631,       46.53,
 139.761622,   35.480631,       47.70,
 139.766126,   35.480631,       48.88,
 139.770631,   35.480631,       49.97,
 139.775135,   35.480631,       50.74,
 139.779640,   35.480631,       51.57,
 139.784144,   35.480631,       52.30,
 139.788649,   35.480631,       52.91,
 139.793153,   35.480631,       53.56,
 139.797658,   35.480631,       54.19,
 139.802162,   35.480631,       54.71,
 139.806667,   35.480631,       55.23,
 139.811171,   35.480631,       55.79,
 139.815676,   35.480631,       56.30,
 139.820180,   35.480631,       56.81,
 139.824685,   35.480631,       57.31,
 139.829189,   35.480631,       57.83,
 139.833694,   35.480631,       58.33,
 139.838198,   35.480631,       58.83,
 139.842703,   35.480631,       59.34,
 139.847207,   35.480631,       59.87,
 139.851712,   35.480631,       60.41,
 139.856216,   35.480631,       60.89,
 139.860721,   35.480631,       61.34,
 139.865225,   35.480631,       61.78,
 139.869730,   35.480631,       62.15,
 139.874234,   35.480631,       62.48,
 139.878739,   35.480631,       62.85,
 139.883243,   35.480631,       63.18,
 139.887748,   35.480631,       63.34,
 139.892252,   35.480631,       63.51,
 139.896757,   35.480631,       63.60,
 139.901261,   35.480631,       63.62,
 139.905766,   35.480631,       63.60,
 139.910270,   35.480631,       63.34,
 139.914775,   35.480631,       63.18,
 139.919279,   35.480631,       62.95,
 139.923784,   35.480631,       62.69,
 139.928288,   35.480631,       62.55,
 139.932793,   35.480631,       62.35,
 139.937297,   35.480631,       62.15,
 139.941802,   35.480631,       61.94,
 139.946306,   35.480631,       61.75,
 139.950811,   35.480631,       61.64,
 139.955315,   35.480631,       61.54,
 139.959820,   35.480631,       61.19,
 139.964324,   35.480631,       60.58,
 139.968829,   35.480631,       59.92,
 139.973333,   35.480631,       59.24,
 139.977838,   35.480631,       58.33,
 139.982342,   35.480631,       57.56,
 139.986847,   35.480631,       57.03,
 139.991351,   35.480631,       56.73,
 139.995856,   35.480631,       56.52,
 140.000360,   35.480631,       56.22,
 140.004865,   35.480631,       56.16,
 140.009369,   35.480631,       56.46,
 140.013874,   35.480631,       58.07,
 140.018378,   35.480631,       58.70,
 140.022883,   35.480631,       58.74,
 140.027387,   35.480631,       58.61,
 140.031892,   35.480631,       58.47,
 140.036396,   35.480631,       58.36,
 140.040901,   35.480631,       58.28,
 140.045405,   35.480631,       58.21,
 140.049910,   35.480631,       58.15,
 140.054414,   35.480631,       58.10,
 140.058919,   35.480631,       58.05,
 140.063423,   35.480631,       58.02,
 140.067928,   35.480631,       57.98,
 140.072432,   35.480631,       57.95,
 140.076937,   35.480631,       57.92,
 140.081441,   35.480631,       57.90,
 140.085946,   35.480631,       57.88,
 140.090450,   35.480631,       57.89,
 140.094955,   35.480631,       57.92,
 140.099459,   35.480631,       57.97,
 140.103964,   35.480631,       58.04,
 140.108468,   35.480631,       58.13,
 140.112973,   35.480631,       58.24,
 140.117477,   35.480631,       58.36,
 140.121982,   35.480631,       58.49,
 140.126486,   35.480631,       58.61,
 140.130991,   35.480631,       58.73,
 140.135495,   35.480631,       58.86,
 140.140000,   35.480631,       58.98,
 140.144505,   35.480631,       59.11,
 140.149009,   35.480631,       59.24,
 140.153514,   35.480631,       59.37,
 140.158018,   35.480631,       59.51,
 140.162523,   35.480631,       59.65,
 140.167027,   35.480631,       59.78,
 140.171532,   35.480631,       59.93,
 140.176036,   35.480631,       60.07,
 140.180541,   35.480631,       60.21,
 140.185045,   35.480631,       60.36,
 140.189550,   35.480631,       60.51,
 140.194054,   35.480631,       60.84,
 140.198559,   35.480631,       61.19,
 140.203063,   35.480631,       61.54,
 140.207568,   35.480631,       61.89,
 140.212072,   35.480631,       62.23,
 140.216577,   35.480631,       62.58,
 140.221081,   35.480631,       62.92,
 140.225586,   35.480631,       63.25,
 140.230090,   35.480631,       63.59,
 140.234595,   35.480631,       63.92,
 140.239099,   35.480631,       64.26,
 140.243604,   35.480631,       64.58,
 140.248108,   35.480631,       64.91,
 140.252613,   35.480631,       65.24,
 140.257117,   35.480631,       65.56,
 140.261622,   35.480631,       65.88,
 140.266126,   35.480631,       66.20,
 140.270631,   35.480631,       66.51,
 140.275135,   35.480631,       66.83,
 140.279640,   35.480631,       67.14,
 140.284144,   35.480631,       67.45,
 140.288649,   35.480631,       67.75,
 140.293153,   35.480631,       68.06,
 140.297658,   35.480631,       68.36,
 140.302162,   35.480631,       68.66,
 140.306667,   35.480631,       68.96,
 140.311171,   35.480631,       69.25,
 140.315676,   35.480631,       69.55,
 140.320180,   35.480631,       69.84,
 140.324685,   35.480631,       70.13,
 140.329189,   35.480631,       70.41,
 140.333694,   35.480631,       70.70,
 140.338198,   35.480631,       70.98,
 140.342703,   35.480631,       71.26,
 140.347207,   35.480631,       71.54,
 140.351712,   35.480631,       71.81,
 140.356216,   35.480631,       72.08,
 140.360721,   35.480631,       72.35,
 140.365225,   35.480631,       72.62,
 140.369730,   35.480631,       72.89,
 140.374234,   35.480631,       73.15,
 140.378739,   35.480631,       73.41,
 140.383243,   35.480631,       73.67,
 140.387748,   35.480631,       73.93,
 139.140000,   35.485135,       24.72,
 139.144505,   35.485135,       23.54,
 139.149009,   35.485135,       22.39,
 139.153514,   35.485135,       21.27,
 139.158018,   35.485135,       20.18,
 139.162523,   35.485135,       19.11,
 139.167027,   35.485135,       18.08,
 139.171532,   35.485135,       17.07,
 139.176036,   35.485135,       16.09,
 139.180541,   35.485135,       15.14,
 139.185045,   35.485135,       14.23,
 139.189550,   35.485135,       13.33,
 139.194054,   35.485135,       12.47,
 139.198559,   35.485135,       11.64,
 139.203063,   35.485135,       10.83,
 139.207568,   35.485135,       10.06,
 139.212072,   35.485135,        9.31,
 139.216577,   35.485135,        8.59,
 139.221081,   35.485135,        7.90,
 139.225586,   35.485135,        7.24,
 139.230090,   35.485135,        6.61,
 139.234595,   35.485135,        6.01,
 139.239099,   35.485135,        5.44,
 139.243604,   35.485135,        4.89,
 139.248108,   35.485135,        4.37,
 139.252613,   35.485135,        3.89,
 139.257117,   35.485135,        3.43,
 139.261622,   35.485135,        3.00,
 139.266126,   35.485135,        2.60,
 139.270631,   35.485135,        2.23,
 139.275135,   35.485135,        1.88,
 139.279640,   35.485135,        1.57,
 139.284144,   35.485135,        1.28,
 139.288649,   35.485135,        1.03,
 139.293153,   35.485135,        0.80,
 139.297658,   35.485135,        0.60,
 139.302162,   35.485135,        0.43,
 139.306667,   35.485135,        0.29,
 139.311171,   35.485135,        0.18,
 139.315676,   35.485135,        0.09,
 139.320180,   35.485135,        0.04,
 139.324685,   35.485135,        0.01,
 139.329189,   35.485135,        0.01,
 139.333694,   35.485135,        0.04,
 139.338198,   35.485135,        0.10,
 139.342703,   35.485135,        0.19,
 139.347207,   35.485135,        0.31,
 139.351712,   35.485135,        0.46,
 139.356216,   35.485135,        0.63,
 139.360721,   35.485135,        0.84,
 139.365225,   35.485135,        1.07,
 139.369730,   35.485135,        1.33,
 139.374234,   35.485135,        1.63,
 139.378739,   35.485135,        1.95,
 139.383243,   35.485135,        2.29,
 139.387748,   35.485135,        2.67,
 139.392252,   35.485135,        3.08,
 139.396757,   35.485135,        3.51,
 139.401261,   35.485135,        3.98,
 139.405766,   35.485135,        4.47,
 139.410270,   35.485135,        4.99,
 139.414775,   35.485135,        5.54,
 139.419279,   35.485135,        6.12,
 139.423784,   35.485135,        6.73,
 139.428288,   35.485135,        7.37,
 139.432793,   35.485135,        8.03,
 139.437297,   35.485135,        8.73,
 139.441802,   35.485135,        9.45,
 139.446306,   35.485135,       10.20,
 139.450811,   35.485135,       10.98,
 139.455315,   35.485135,       11.79,
 139.459820,   35.485135,       12.63,
 139.464324,   35.485135,       13.50,
 139.468829,   35.485135,       14.40,
 139.473333,   35.485135,       15.32,
 139.477838,   35.485135,       16.28,
 139.482342,   35.485135,       17.26,
 139.486847,   35.485135,       18.27,
 139.491351,   35.485135,       19.31,
 139.495856,   35.485135,       20.38,
 139.500360,   35.485135,       21.48,
 139.504865,   35.485135,       22.61,
 139.509369,   35.485135,       23.76,
 139.513874,   35.485135,       23.94,
 139.518378,   35.485135,       23.57,
 139.522883,   35.485135,       23.25,
 139.527387,   35.485135,       22.99,
 139.531892,   35.485135,       22.72,
 139.536396,   35.485135,       22.44,
 139.540901,   35.485135,       22.16,
 139.545405,   35.485135,       21.86,
 139.549910,   35.485135,       21.56,
 139.554414,   35.485135,       21.24,
 139.558919,   35.485135,       20.91,
 139.563423,   35.485135,       20.56,
 139.567928,   35.485135,       20.20,
 139.572432,   35.485135,       19.82,
 139.576937,   35.485135,       19.41,
 139.581441,   35.485135,       18.98,
 139.585946,   35.485135,       18.52,
 139.590450,   35.485135,       18.03,
 139.594955,   35.485135,       17.51,
 139.599459,   35.485135,       16.94,
 139.603964,   35.485135,       16.33,
 139.608468,   35.485135,       15.67,
 139.612973,   35.485135,       14.96,
 139.617477,   35.485135,       14.17,
 139.621982,   35.485135,       13.32,
 139.626486,   35.485135,       12.38,
 139.630991,   35.485135,       11.39,
 139.635495,   35.485135,       10.37,
 139.640000,   35.485135,        9.27,
 139.644505,   35.485135,        8.65,
 139.649009,   35.485135,        7.46,
 139.653514,   35.485135,        5.99,
 139.658018,   35.485135,        5.44,
 139.662523,   35.485135,        6.67,
 139.667027,   35.485135,        8.97,
 139.671532,   35.485135,       11.86,
 139.676036,   35.485135,       14.96,
 139.680541,   35.485135,       18.07,
 139.685045,   35.485135,       21.05,
 139.689550,   35.485135,       23.81,
 139.694054,   35.485135,       26.29,
 139.698559,   35.485135,       28.37,
 139.703063,   35.485135,       30.13,
 139.707568,   35.485135,       31.55,
 139.712072,   35.485135,       32.80,
 139.716577,   35.485135,       34.04,
 139.721081,   35.485135,       34.73,
 139.725586,   35.485135,       35.43,
 139.730090,   35.485135,       36.46,
 139.734595,   35.485135,       37.63,
 139.739099,   35.485135,       38.92,
 139.743604,   35.485135,       41.06,
 139.748108,   35.485135,       42.59,
 139.752613,   35.485135,       43.62,
 139.757117,   35.485135,       44.79,
 139.761622,   35.485135,       46.00,
 139.766126,   35.485135,       47.19,
 139.770631,   35.485135,       48.37,
 139.775135,   35.485135,       49.51,
 139.779640,   35.485135,       50.35,
 139.784144,   35.485135,       51.22,
 139.788649,   35.485135,       52.06,
 139.793153,   35.485135,       52.72,
 139.797658,   35.485135,       53.44,
 139.802162,   35.485135,       54.07,
 139.806667,   35.485135,       54.61,
 139.811171,   35.485135,       55.21,
 139.815676,   35.485135,       55.84,
 139.820180,   35.485135,       56.31,
 139.824685,   35.485135,       56.82,
 139.829189,   35.485135,       57.37,
 139.833694,   35.485135,       57.91,
 139.838198,   35.485135,       58.42,
 139.842703,   35.485135,       58.94,
 139.847207,   35.485135,       59.48,
 139.851712,   35.485135,       60.04,
 139.856216,   35.485135,       60.57,
 139.860721,   35.485135,       60.99,
 139.865225,   35.485135,       61.39,
 139.869730,   35.485135,       61.78,
 139.874234,   35.485135,       62.14,
 139.878739,   35.485135,       62.49,
 139.883243,   35.485135,       62.83,
 139.887748,   35.485135,       63.14,
 139.892252,   35.485135,       63.37,
 139.896757,   35.485135,       63.46,
 139.901261,   35.485135,       63.54,
 139.905766,   35.485135,       63.60,
 139.910270,   35.485135,       63.53,
 139.914775,   35.485135,       63.44,
 139.919279,   35.485135,       63.44,
 139.923784,   35.485135,       63.30,
 139.928288,   35.485135,       63.10,
 139.932793,   35.485135,       62.97,
 139.937297,   35.485135,       62.87,
 139.941802,   35.485135,       62.72,
 139.946306,   35.485135,       62.57,
 139.950811,   35.485135,       62.45,
 139.955315,   35.485135,       62.36,
 139.959820,   35.485135,       62.15,
 139.964324,   35.485135,       61.55,
 139.968829,   35.485135,       60.91,
 139.973333,   35.485135,       60.20,
 139.977838,   35.485135,       59.31,
 139.982342,   35.485135,       58.74,
 139.986847,   35.485135,       58.38,
 139.991351,   35.485135,       58.06,
 139.995856,   35.485135,       57.83,
 140.000360,   35.485135,       57.73,
 140.004865,   35.485135,       57.68,
 140.009369,   35.485135,       57.68,
 140.013874,   35.485135,       58.16,
 140.018378,   35.485135,       59.23,
 140.022883,   35.485135,       59.28,
 140.027387,   35.485135,       59.09,
 140.031892,   35.485135,       58.85,
 140.036396,   35.485135,       58.68,
 140.040901,   35.485135,       58.55,
 140.045405,   35.485135,       58.45,
 140.049910,   35.485135,       58.37,
 140.054414,   35.485135,       58.31,
 140.058919,   35.485135,       58.25,
 140.063423,   35.485135,       58.21,
 140.067928,   35.485135,       58.16,
 140.072432,   35.485135,       58.13,
 140.076937,   35.485135,       58.10,
 140.081441,   35.485135,       58.07,
 140.085946,   35.485135,       58.05,
 140.090450,   35.485135,       58.06,
 140.094955,   35.485135,       58.10,
 140.099459,   35.485135,       58.15,
 140.103964,   35.485135,       58.23,
 140.108468,   35.485135,       58.33,
 140.112973,   35.485135,       58.45,
 140.117477,   35.485135,       58.58,
 140.121982,   35.485135,       58.71,
 140.126486,   35.485135,       58.84,
 140.130991,   35.485135,       58.97,
 140.135495,   35.485135,       59.10,
 140.140000,   35.485135,       59.23,
 140.144505,   35.485135,       59.37,
 140.149009,   35.485135,       59.50,
 140.153514,   35.485135,       59.64,
 140.158018,   35.485135,       59.78,
 140.162523,   35.485135,       59.92,
 140.167027,   35.485135,       60.07,
 140.171532,   35.485135,       60.21,
 140.176036,   35.485135,       60.36,
 140.180541,   35.485135,       60.52,
 140.185045,   35.485135,       60.67,
 140.189550,   35.485135,       60.93,
 140.194054,   35.485135,       61.29,
 140.198559,   35.485135,       61.64,
 140.203063,   35.485135,       61.99,
 140.207568,   35.485135,       62.34,
 140.212072,   35.485135,       62.69,
 140.216577,   35.485135,       63.03,
 140.221081,   35.485135,       63.37,
 140.225586,   35.485135,       63.71,
 140.230090,   35.485135,       64.05,
 140.234595,   35.485135,       64.38,
 140.239099,   35.485135,       64.71,
 140.243604,   35.485135,       65.04,
 140.248108,   35.485135,       65.37,
 140.252613,   35.485135,       65.70,
 140.257117,   35.485135,       66.02,
 140.261622,   35.485135,       66.34,
 140.266126,   35.485135,       66.66,
 140.270631,   35.485135,       66.98,
 140.275135,   35.485135,       67.29,
 140.279640,   35.485135,       67.60,
 140.284144,   35.485135,       67.91,
 140.288649,   35.485135,       68.22,
 140.293153,   35.485135,       68.53,
 140.297658,   35.485135,       68.83,
 140.302162,   35.485135,       69.13,
 140.306667,   35.485135,       69.43,
 140.311171,   35.485135,       69.72,
 140.315676,   35.485135,       70.02,
 140.320180,   35.485135,       70.31,
 140.324685,   35.485135,       70.60,
 140.329189,   35.485135,       70.89,
 140.333694,   35.485135,       71.17,
 140.338198,   35.485135,       71.46,
 140.342703,   35.485135,       71.74,
 140.347207,   35.485135,       72.01,
 140.351712,   35.485135,       72.29,
 140.356216,   35.485135,       72.56,
 140.360721,   35.485135,       72.84,
 140.365225,   35.485135,       73.11,
 140.369730,   35.485135,       73.37,
 140.374234,   35.485135,       73.64,
 140.378739,   35.485135,       73.90,
 140.383243,   35.485135,       74.16,
 140.387748,   35.485135,       74.42,
 139.140000,   35.489640,       23.27,
 139.144505,   35.489640,       22.08,
 139.149009,   35.489640,       20.91,
 139.153514,   35.489640,       19.78,
 139.158018,   35.489640,       18.67,
 139.162523,   35.489640,       17.60,
 139.167027,   35.489640,       16.55,
 139.171532,   35.489640,       15.53,
 139.176036,   35.489640,       14.54,
 139.180541,   35.489640,       13.58,
 139.185045,   35.489640,       12.65,
 139.189550,   35.489640,       11.75,
 139.194054,   35.489640,       10.87,
 139.198559,   35.489640,       10.03,
 139.203063,   35.489640,        9.21,
 139.207568,   35.489640,        8.42,
 139.212072,   35.489640,        7.66,
 139.216577,   35.489640,        6.93,
 139.221081,   35.489640,        6.23,
 139.225586,   35.489640,        5.56,
 139.230090,   35.489640,        4.92,
 139.234595,   35.489640,        4.30,
 139.239099,   35.489640,        3.71,
 139.243604,   35.489640,        3.16,
 139.248108,   35.489640,        2.63,
 139.252613,   35.489640,        2.13,
 139.257117,   35.489640,        1.66,
 139.261622,   35.489640,        1.22,
 139.266126,   35.489640,        0.80,
 139.270631,   35.489640,        0.42,
 139.275135,   35.489640,        0.06,
 139.279640,   35.489640,       -0.26,
 139.284144,   35.489640,       -0.56,
 139.288649,   35.489640,       -0.83,
 139.293153,   35.489640,       -1.07,
 139.297658,   35.489640,       -1.28,
 139.302162,   35.489640,       -1.46,
 139.306667,   35.489640,       -1.62,
 139.311171,   35.489640,       -1.74,
 139.315676,   35.489640,       -1.84,
 139.320180,   35.489640,       -1.90,
 139.324685,   35.489640,       -1.94,
 139.329189,   35.489640,       -1.95,
 139.333694,   35.489640,       -1.93,
 139.338198,   35.489640,       -1.88,
 139.342703,   35.489640,       -1.81,
 139.347207,   35.489640,       -1.70,
 139.351712,   35.489640,       -1.57,
 139.356216,   35.489640,       -1.40,
 139.360721,   35.489640,       -1.21,
 139.365225,   35.489640,       -0.99,
 139.369730,   35.489640,       -0.74,
 139.374234,   35.489640,       -0.46,
 139.378739,   35.489640,       -0.15,
 139.383243,   35.489640,        0.18,
 139.387748,   35.489640,        0.55,
 139.392252,   35.489640,        0.94,
 139.396757,   35.489640,        1.37,
 139.401261,   35.489640,        1.82,
 139.405766,   35.489640,        2.30,
 139.410270,   35.489640,        2.81,
 139.414775,   35.489640,        3.35,
 139.419279,   35.489640,        3.91,
 139.423784,   35.489640,        4.51,
 139.428288,   35.489640,        5.13,
 139.432793,   35.489640,        5.79,
 139.437297,   35.489640,        6.47,
 139.441802,   35.489640,        7.18,
 139.446306,   35.489640,        7.92,
 139.450811,   35.489640,        8.69,
 139.455315,   35.489640,        9.49,
 139.459820,   35.489640,       10.32,
 139.464324,   35.489640,       11.17,
 139.468829,   35.489640,       12.06,
 139.473333,   35.489640,       12.97,
 139.477838,   35.489640,       13.91,
 139.482342,   35.489640,       14.88,
 139.486847,   35.489640,       15.88,
 139.491351,   35.489640,       16.91,
 139.495856,   35.489640,       17.97,
 139.500360,   35.489640,       19.05,
 139.504865,   35.489640,       20.17,
 139.509369,   35.489640,       21.31,
 139.513874,   35.489640,       22.48,
 139.518378,   35.489640,       23.48,
 139.522883,   35.489640,       23.09,
 139.527387,   35.489640,       22.73,
 139.531892,   35.489640,       22.44,
 139.536396,   35.489640,       22.17,
 139.540901,   35.489640,       21.89,
 139.545405,   35.489640,       21.60,
 139.549910,   35.489640,       21.30,
 139.554414,   35.489640,       20.98,
 139.558919,   35.489640,       20.66,
 139.563423,   35.489640,       20.32,
 139.567928,   35.489640,       19.97,
 139.572432,   35.489640,       19.60,
 139.576937,   35.489640,       19.21,
 139.581441,   35.489640,       18.79,
 139.585946,   35.489640,       18.35,
 139.590450,   35.489640,       17.88,
 139.594955,   35.489640,       17.38,
 139.599459,   35.489640,       16.84,
 139.603964,   35.489640,       16.26,
 139.608468,   35.489640,       15.64,
 139.612973,   35.489640,       14.97,
 139.617477,   35.489640,       14.24,
 139.621982,   35.489640,       13.45,
 139.626486,   35.489640,       12.60,
 139.630991,   35.489640,       11.71,
 139.635495,   35.489640,       10.77,
 139.640000,   35.489640,        9.78,
 139.644505,   35.489640,        8.97,
 139.649009,   35.489640,        8.75,
 139.653514,   35.489640,        8.56,
 139.658018,   35.489640,        8.78,
 139.662523,   35.489640,        9.52,
 139.667027,   35.489640,       10.82,
 139.671532,   35.489640,       12.52,
 139.676036,   35.489640,       14.49,
 139.680541,   35.489640,       16.68,
 139.685045,   35.489640,       19.04,
 139.689550,   35.489640,       21.34,
 139.694054,   35.489640,       23.48,
 139.698559,   35.489640,       25.38,
 139.703063,   35.489640,       27.09,
 139.707568,   35.489640,       28.69,
 139.712072,   35.489640,       30.21,
 139.716577,   35.489640,       31.62,
 139.721081,   35.489640,       32.96,
 139.725586,   35.489640,       33.92,
 139.730090,   35.489640,       34.63,
 139.734595,   35.489640,       35.69,
 139.739099,   35.489640,       37.15,
 139.743604,   35.489640,       39.29,
 139.748108,   35.489640,       41.30,
 139.752613,   35.489640,       42.15,
 139.757117,   35.489640,       43.31,
 139.761622,   35.489640,       44.36,
 139.766126,   35.489640,       45.50,
 139.770631,   35.489640,       46.68,
 139.775135,   35.489640,       47.83,
 139.779640,   35.489640,       48.93,
 139.784144,   35.489640,       49.90,
 139.788649,   35.489640,       50.93,
 139.793153,   35.489640,       51.73,
 139.797658,   35.489640,       52.49,
 139.802162,   35.489640,       53.23,
 139.806667,   35.489640,       53.85,
 139.811171,   35.489640,       54.49,
 139.815676,   35.489640,       55.16,
 139.820180,   35.489640,       55.73,
 139.824685,   35.489640,       56.27,
 139.829189,   35.489640,       56.83,
 139.833694,   35.489640,       57.42,
 139.838198,   35.489640,       57.97,
 139.842703,   35.489640,       58.48,
 139.847207,   35.489640,       59.01,
 139.851712,   35.489640,       59.56,
 139.856216,   35.489640,       60.07,
 139.860721,   35.489640,       60.51,
 139.865225,   35.489640,       60.94,
 139.869730,   35.489640,       61.39,
 139.874234,   35.489640,       61.77,
 139.878739,   35.489640,       62.10,
 139.883243,   35.489640,       62.42,
 139.887748,   35.489640,       62.76,
 139.892252,   35.489640,       63.11,
 139.896757,   35.489640,       63.21,
 139.901261,   35.489640,       63.32,
 139.905766,   35.489640,       63.43,
 139.910270,   35.489640,       63.43,
 139.914775,   35.489640,       63.40,
 139.919279,   35.489640,       63.42,
 139.923784,   35.489640,       63.47,
 139.928288,   35.489640,       63.42,
 139.932793,   35.489640,       63.31,
 139.937297,   35.489640,       63.21,
 139.941802,   35.489640,       63.12,
 139.946306,   35.489640,       63.06,
 139.950811,   35.489640,       63.07,
 139.955315,   35.489640,       62.96,
 139.959820,   35.489640,       62.82,
 139.964324,   35.489640,       62.41,
 139.968829,   35.489640,       61.97,
 139.973333,   35.489640,       61.41,
 139.977838,   35.489640,       60.86,
 139.982342,   35.489640,       60.34,
 139.986847,   35.489640,       59.99,
 139.991351,   35.489640,       59.69,
 139.995856,   35.489640,       59.58,
 140.000360,   35.489640,       59.49,
 140.004865,   35.489640,       59.51,
 140.009369,   35.489640,       59.51,
 140.013874,   35.489640,       59.54,
 140.018378,   35.489640,       60.16,
 140.022883,   35.489640,       60.63,
 140.027387,   35.489640,       60.02,
 140.031892,   35.489640,       59.49,
 140.036396,   35.489640,       59.13,
 140.040901,   35.489640,       58.90,
 140.045405,   35.489640,       58.75,
 140.049910,   35.489640,       58.63,
 140.054414,   35.489640,       58.54,
 140.058919,   35.489640,       58.47,
 140.063423,   35.489640,       58.41,
 140.067928,   35.489640,       58.36,
 140.072432,   35.489640,       58.32,
 140.076937,   35.489640,       58.28,
 140.081441,   35.489640,       58.25,
 140.085946,   35.489640,       58.23,
 140.090450,   35.489640,       58.24,
 140.094955,   35.489640,       58.28,
 140.099459,   35.489640,       58.33,
 140.103964,   35.489640,       58.42,
 140.108468,   35.489640,       58.53,
 140.112973,   35.489640,       58.66,
 140.117477,   35.489640,       58.80,
 140.121982,   35.489640,       58.94,
 140.126486,   35.489640,       59.07,
 140.130991,   35.489640,       59.21,
 140.135495,   35.489640,       59.35,
 140.140000,   35.489640,       59.49,
 140.144505,   35.489640,       59.63,
 140.149009,   35.489640,       59.77,
 140.153514,   35.489640,       59.91,
 140.158018,   35.489640,       60.06,
 140.162523,   35.489640,       60.21,
 140.167027,   35.489640,       60.36,
 140.171532,   35.489640,       60.51,
 140.176036,   35.489640,       60.66,
 140.180541,   35.489640,       60.82,
 140.185045,   35.489640,       61.03,
 140.189550,   35.489640,       61.39,
 140.194054,   35.489640,       61.74,
 140.198559,   35.489640,       62.09,
 140.203063,   35.489640,       62.45,
 140.207568,   35.489640,       62.79,
 140.212072,   35.489640,       63.14,
 140.216577,   35.489640,       63.49,
 140.221081,   35.489640,       63.83,
 140.225586,   35.489640,       64.17,
 140.230090,   35.489640,       64.51,
 140.234595,   35.489640,       64.84,
 140.239099,   35.489640,       65.17,
 140.243604,   35.489640,       65.51,
 140.248108,   35.489640,       65.83,
 140.252613,   35.489640,       66.16,
 140.257117,   35.489640,       66.48,
 140.261622,   35.489640,       66.81,
 140.266126,   35.489640,       67.13,
 140.270631,   35.489640,       67.44,
 140.275135,   35.489640,       67.76,
 140.279640,   35.489640,       68.07,
 140.284144,   35.489640,       68.38,
 140.288649,   35.489640,       68.69,
 140.293153,   35.489640,       69.00,
 140.297658,   35.489640,       69.30,
 140.302162,   35.489640,       69.60,
 140.306667,   35.489640,       69.90,
 140.311171,   35.489640,       70.20,
 140.315676,   35.489640,       70.49,
 140.320180,   35.489640,       70.79,
 140.324685,   35.489640,       71.08,
 140.329189,   35.489640,       71.37,
 140.333694,   35.489640,       71.65,
 140.338198,   35.489640,       71.94,
 140.342703,   35.489640,       72.22,
 140.347207,   35.489640,       72.50,
 140.351712,   35.489640,       72.77,
 140.356216,   35.489640,       73.05,
 140.360721,   35.489640,       73.32,
 140.365225,   35.489640,       73.59,
 140.369730,   35.489640,       73.86,
 140.374234,   35.489640,       74.12,
 140.378739,   35.489640,       74.39,
 140.383243,   35.489640,       74.65,
 140.387748,   35.489640,       74.91,
 139.140000,   35.494144,       21.78,
 139.144505,   35.494144,       20.58,
 139.149009,   35.494144,       19.41,
 139.153514,   35.494144,       18.26,
 139.158018,   35.494144,       17.14,
 139.162523,   35.494144,       16.05,
 139.167027,   35.494144,       15.00,
 139.171532,   35.494144,       13.96,
 139.176036,   35.494144,       12.96,
 139.180541,   35.494144,       11.99,
 139.185045,   35.494144,       11.05,
 139.189550,   35.494144,       10.13,
 139.194054,   35.494144,        9.24,
 139.198559,   35.494144,        8.39,
 139.203063,   35.494144,        7.56,
 139.207568,   35.494144,        6.76,
 139.212072,   35.494144,        5.99,
 139.216577,   35.494144,        5.24,
 139.221081,   35.494144,        4.53,
 139.225586,   35.494144,        3.85,
 139.230090,   35.494144,        3.19,
 139.234595,   35.494144,        2.56,
 139.239099,   35.494144,        1.96,
 139.243604,   35.494144,        1.40,
 139.248108,   35.494144,        0.85,
 139.252613,   35.494144,        0.34,
 139.257117,   35.494144,       -0.14,
 139.261622,   35.494144,       -0.59,
 139.266126,   35.494144,       -1.02,
 139.270631,   35.494144,       -1.42,
 139.275135,   35.494144,       -1.78,
 139.279640,   35.494144,       -2.12,
 139.284144,   35.494144,       -2.43,
 139.288649,   35.494144,       -2.71,
 139.293153,   35.494144,       -2.97,
 139.297658,   35.494144,       -3.19,
 139.302162,   35.494144,       -3.38,
 139.306667,   35.494144,       -3.55,
 139.311171,   35.494144,       -3.69,
 139.315676,   35.494144,       -3.79,
 139.320180,   35.494144,       -3.87,
 139.324685,   35.494144,       -3.92,
 139.329189,   35.494144,       -3.95,
 139.333694,   35.494144,       -3.94,
 139.338198,   35.494144,       -3.90,
 139.342703,   35.494144,       -3.84,
 139.347207,   35.494144,       -3.74,
 139.351712,   35.494144,       -3.62,
 139.356216,   35.494144,       -3.47,
 139.360721,   35.494144,       -3.29,
 139.365225,   35.494144,       -3.08,
 139.369730,   35.494144,       -2.84,
 139.374234,   35.494144,       -2.58,
 139.378739,   35.494144,       -2.28,
 139.383243,   35.494144,       -1.96,
 139.387748,   35.494144,       -1.60,
 139.392252,   35.494144,       -1.22,
 139.396757,   35.494144,       -0.81,
 139.401261,   35.494144,       -0.37,
 139.405766,   35.494144,        0.10,
 139.410270,   35.494144,        0.60,
 139.414775,   35.494144,        1.12,
 139.419279,   35.494144,        1.68,
 139.423784,   35.494144,        2.26,
 139.428288,   35.494144,        2.87,
 139.432793,   35.494144,        3.52,
 139.437297,   35.494144,        4.19,
 139.441802,   35.494144,        4.88,
 139.446306,   35.494144,        5.61,
 139.450811,   35.494144,        6.37,
 139.455315,   35.494144,        7.15,
 139.459820,   35.494144,        7.97,
 139.464324,   35.494144,        8.81,
 139.468829,   35.494144,        9.68,
 139.473333,   35.494144,       10.59,
 139.477838,   35.494144,       11.52,
 139.482342,   35.494144,       12.47,
 139.486847,   35.494144,       13.46,
 139.491351,   35.494144,       14.48,
 139.495856,   35.494144,       15.52,
 139.500360,   35.494144,       16.60,
 139.504865,   35.494144,       17.70,
 139.509369,   35.494144,       18.83,
 139.513874,   35.494144,       19.99,
 139.518378,   35.494144,       21.18,
 139.522883,   35.494144,       22.40,
 139.527387,   35.494144,       22.62,
 139.531892,   35.494144,       22.24,
 139.536396,   35.494144,       21.91,
 139.540901,   35.494144,       21.63,
 139.545405,   35.494144,       21.34,
 139.549910,   35.494144,       21.05,
 139.554414,   35.494144,       20.74,
 139.558919,   35.494144,       20.42,
 139.563423,   35.494144,       20.09,
 139.567928,   35.494144,       19.75,
 139.572432,   35.494144,       19.38,
 139.576937,   35.494144,       19.01,
 139.581441,   35.494144,       18.61,
 139.585946,   35.494144,       18.18,
 139.590450,   35.494144,       17.74,
 139.594955,   35.494144,       17.26,
 139.599459,   35.494144,       16.74,
 139.603964,   35.494144,       16.20,
 139.608468,   35.494144,       15.61,
 139.612973,   35.494144,       14.98,
 139.617477,   35.494144,       14.30,
 139.621982,   35.494144,       13.57,
 139.626486,   35.494144,       12.80,
 139.630991,   35.494144,       12.00,
 139.635495,   35.494144,       11.14,
 139.640000,   35.494144,       10.24,
 139.644505,   35.494144,        9.44,
 139.649009,   35.494144,        8.86,
 139.653514,   35.494144,        9.25,
 139.658018,   35.494144,        9.93,
 139.662523,   35.494144,       10.80,
 139.667027,   35.494144,       11.89,
 139.671532,   35.494144,       13.13,
 139.676036,   35.494144,       14.53,
 139.680541,   35.494144,       16.09,
 139.685045,   35.494144,       17.77,
 139.689550,   35.494144,       19.55,
 139.694054,   35.494144,       21.41,
 139.698559,   35.494144,       23.18,
 139.703063,   35.494144,       24.84,
 139.707568,   35.494144,       26.40,
 139.712072,   35.494144,       27.89,
 139.716577,   35.494144,       29.36,
 139.721081,   35.494144,       30.81,
 139.725586,   35.494144,       32.14,
 139.730090,   35.494144,       33.16,
 139.734595,   35.494144,       33.92,
 139.739099,   35.494144,       35.07,
 139.743604,   35.494144,       36.93,
 139.748108,   35.494144,       39.60,
 139.752613,   35.494144,       41.79,
 139.757117,   35.494144,       42.42,
 139.761622,   35.494144,       43.29,
 139.766126,   35.494144,       44.11,
 139.770631,   35.494144,       45.26,
 139.775135,   35.494144,       46.19,
 139.779640,   35.494144,       47.32,
 139.784144,   35.494144,       48.47,
 139.788649,   35.494144,       49.56,
 139.793153,   35.494144,       50.60,
 139.797658,   35.494144,       51.45,
 139.802162,   35.494144,       52.36,
 139.806667,   35.494144,       53.03,
 139.811171,   35.494144,       53.72,
 139.815676,   35.494144,       54.45,
 139.820180,   35.494144,       55.09,
 139.824685,   35.494144,       55.65,
 139.829189,   35.494144,       56.22,
 139.833694,   35.494144,       56.79,
 139.838198,   35.494144,       57.36,
 139.842703,   35.494144,       57.91,
 139.847207,   35.494144,       58.45,
 139.851712,   35.494144,       58.99,
 139.856216,   35.494144,       59.49,
 139.860721,   35.494144,       59.94,
 139.865225,   35.494144,       60.40,
 139.869730,   35.494144,       60.87,
 139.874234,   35.494144,       61.30,
 139.878739,   35.494144,       61.63,
 139.883243,   35.494144,       61.96,
 139.887748,   35.494144,       62.30,
 139.892252,   35.494144,       62.59,
 139.896757,   35.494144,       62.79,
 139.901261,   35.494144,       62.97,
 139.905766,   35.494144,       63.17,
 139.910270,   35.494144,       63.32,
 139.914775,   35.494144,       63.31,
 139.919279,   35.494144,       63.33,
 139.923784,   35.494144,       63.39,
 139.928288,   35.494144,       63.47,
 139.932793,   35.494144,       63.40,
 139.937297,   35.494144,       63.34,
 139.941802,   35.494144,       63.28,
 139.946306,   35.494144,       63.23,
 139.950811,   35.494144,       63.21,
 139.955315,   35.494144,       63.20,
 139.959820,   35.494144,       63.11,
 139.964324,   35.494144,       62.85,
 139.968829,   35.494144,       62.57,
 139.973333,   35.494144,       62.27,
 139.977838,   35.494144,       62.06,
 139.982342,   35.494144,       61.70,
 139.986847,   35.494144,       61.56,
 139.991351,   35.494144,       61.35,
 139.995856,   35.494144,       61.36,
 140.000360,   35.494144,       61.34,
 140.004865,   35.494144,       61.46,
 140.009369,   35.494144,       61.49,
 140.013874,   35.494144,       61.39,
 140.018378,   35.494144,       61.59,
 140.022883,   35.494144,       62.15,
 140.027387,   35.494144,       61.64,
 140.031892,   35.494144,       60.55,
 140.036396,   35.494144,       59.85,
 140.040901,   35.494144,       59.43,
 140.045405,   35.494144,       59.16,
 140.049910,   35.494144,       58.97,
 140.054414,   35.494144,       58.83,
 140.058919,   35.494144,       58.72,
 140.063423,   35.494144,       58.64,
 140.067928,   35.494144,       58.58,
 140.072432,   35.494144,       58.52,
 140.076937,   35.494144,       58.48,
 140.081441,   35.494144,       58.44,
 140.085946,   35.494144,       58.41,
 140.090450,   35.494144,       58.42,
 140.094955,   35.494144,       58.46,
 140.099459,   35.494144,       58.52,
 140.103964,   35.494144,       58.61,
 140.108468,   35.494144,       58.74,
 140.112973,   35.494144,       58.88,
 140.117477,   35.494144,       59.03,
 140.121982,   35.494144,       59.17,
 140.126486,   35.494144,       59.31,
 140.130991,   35.494144,       59.45,
 140.135495,   35.494144,       59.60,
 140.140000,   35.494144,       59.74,
 140.144505,   35.494144,       59.89,
 140.149009,   35.494144,       60.04,
 140.153514,   35.494144,       60.19,
 140.158018,   35.494144,       60.34,
 140.162523,   35.494144,       60.50,
 140.167027,   35.494144,       60.65,
 140.171532,   35.494144,       60.81,
 140.176036,   35.494144,       60.97,
 140.180541,   35.494144,       61.14,
 140.185045,   35.494144,       61.48,
 140.189550,   35.494144,       61.84,
 140.194054,   35.494144,       62.19,
 140.198559,   35.494144,       62.55,
 140.203063,   35.494144,       62.90,
 140.207568,   35.494144,       63.25,
 140.212072,   35.494144,       63.60,
 140.216577,   35.494144,       63.94,
 140.221081,   35.494144,       64.29,
 140.225586,   35.494144,       64.63,
 140.230090,   35.494144,       64.97,
 140.234595,   35.494144,       65.30,
 140.239099,   35.494144,       65.64,
 140.243604,   35.494144,       65.97,
 140.248108,   35.494144,       66.30,
 140.252613,   35.494144,       66.63,
 140.257117,   35.494144,       66.95,
 140.261622,   35.494144,       67.27,
 140.266126,   35.494144,       67.59,
 140.270631,   35.494144,       67.91,
 140.275135,   35.494144,       68.23,
 140.279640,   35.494144,       68.54,
 140.284144,   35.494144,       68.85,
 140.288649,   35.494144,       69.16,
 140.293153,   35.494144,       69.47,
 140.297658,   35.494144,       69.78,
 140.302162,   35.494144,       70.08,
 140.306667,   35.494144,       70.38,
 140.311171,   35.494144,       70.68,
 140.315676,   35.494144,       70.97,
 140.320180,   35.494144,       71.27,
 140.324685,   35.494144,       71.56,
 140.329189,   35.494144,       71.85,
 140.333694,   35.494144,       72.13,
 140.338198,   35.494144,       72.42,
 140.342703,   35.494144,       72.70,
 140.347207,   35.494144,       72.98,
 140.351712,   35.494144,       73.26,
 140.356216,   35.494144,       73.53,
 140.360721,   35.494144,       73.81,
 140.365225,   35.494144,       74.08,
 140.369730,   35.494144,       74.35,
 140.374234,   35.494144,       74.61,
 140.378739,   35.494144,       74.88,
 140.383243,   35.494144,       75.14,
 140.387748,   35.494144,       75.40,
 139.140000,   35.498649,       20.27,
 139.144505,   35.498649,       19.06,
 139.149009,   35.498649,       17.87,
 139.153514,   35.498649,       16.71,
 139.158018,   35.498649,       15.58,
 139.162523,   35.498649,       14.48,
 139.167027,   35.498649,       13.41,
 139.171532,   35.498649,       12.37,
 139.176036,   35.498649,       11.35,
 139.180541,   35.498649,       10.37,
 139.185045,   35.498649,        9.41,
 139.189550,   35.498649,        8.48,
 139.194054,   35.498649,        7.59,
 139.198559,   35.498649,        6.72,
 139.203063,   35.498649,        5.88,
 139.207568,   35.498649,        5.06,
 139.212072,   35.498649,        4.28,
 139.216577,   35.498649,        3.53,
 139.221081,   35.498649,        2.80,
 139.225586,   35.498649,        2.10,
 139.230090,   35.498649,        1.44,
 139.234595,   35.498649,        0.80,
 139.239099,   35.498649,        0.19,
 139.243604,   35.498649,       -0.40,
 139.248108,   35.498649,       -0.95,
 139.252613,   35.498649,       -1.47,
 139.257117,   35.498649,       -1.97,
 139.261622,   35.498649,       -2.43,
 139.266126,   35.498649,       -2.87,
 139.270631,   35.498649,       -3.28,
 139.275135,   35.498649,       -3.66,
 139.279640,   35.498649,       -4.01,
 139.284144,   35.498649,       -4.33,
 139.288649,   35.498649,       -4.63,
 139.293153,   35.498649,       -4.89,
 139.297658,   35.498649,       -5.13,
 139.302162,   35.498649,       -5.33,
 139.306667,   35.498649,       -5.51,
 139.311171,   35.498649,       -5.66,
 139.315676,   35.498649,       -5.78,
 139.320180,   35.498649,       -5.87,
 139.324685,   35.498649,       -5.93,
 139.329189,   35.498649,       -5.97,
 139.333694,   35.498649,       -5.97,
 139.338198,   35.498649,       -5.95,
 139.342703,   35.498649,       -5.90,
 139.347207,   35.498649,       -5.81,
 139.351712,   35.498649,       -5.70,
 139.356216,   35.498649,       -5.56,
 139.360721,   35.498649,       -5.40,
 139.365225,   35.498649,       -5.20,
 139.369730,   35.498649,       -4.97,
 139.374234,   35.498649,       -4.72,
 139.378739,   35.498649,       -4.44,
 139.383243,   35.498649,       -4.12,
 139.387748,   35.498649,       -3.78,
 139.392252,   35.498649,       -3.41,
 139.396757,   35.498649,       -3.01,
 139.401261,   35.498649,       -2.59,
 139.405766,   35.498649,       -2.13,
 139.410270,   35.498649,       -1.65,
 139.414775,   35.498649,       -1.13,
 139.419279,   35.498649,       -0.59,
 139.423784,   35.498649,       -0.02,
 139.428288,   35.498649,        0.58,
 139.432793,   35.498649,        1.21,
 139.437297,   35.498649,        1.87,
 139.441802,   35.498649,        2.56,
 139.446306,   35.498649,        3.27,
 139.450811,   35.498649,        4.02,
 139.455315,   35.498649,        4.79,
 139.459820,   35.498649,        5.59,
 139.464324,   35.498649,        6.43,
 139.468829,   35.498649,        7.29,
 139.473333,   35.498649,        8.17,
 139.477838,   35.498649,        9.09,
 139.482342,   35.498649,       10.04,
 139.486847,   35.498649,       11.01,
 139.491351,   35.498649,       12.02,
 139.495856,   35.498649,       13.05,
 139.500360,   35.498649,       14.11,
 139.504865,   35.498649,       15.20,
 139.509369,   35.498649,       16.32,
 139.513874,   35.498649,       17.47,
 139.518378,   35.498649,       18.65,
 139.522883,   35.498649,       19.85,
 139.527387,   35.498649,       21.09,
 139.531892,   35.498649,       22.16,
 139.536396,   35.498649,       21.76,
 139.540901,   35.498649,       21.40,
 139.545405,   35.498649,       21.10,
 139.549910,   35.498649,       20.80,
 139.554414,   35.498649,       20.50,
 139.558919,   35.498649,       20.19,
 139.563423,   35.498649,       19.87,
 139.567928,   35.498649,       19.53,
 139.572432,   35.498649,       19.18,
 139.576937,   35.498649,       18.81,
 139.581441,   35.498649,       18.43,
 139.585946,   35.498649,       18.02,
 139.590450,   35.498649,       17.59,
 139.594955,   35.498649,       17.14,
 139.599459,   35.498649,       16.65,
 139.603964,   35.498649,       16.13,
 139.608468,   35.498649,       15.57,
 139.612973,   35.498649,       14.98,
 139.617477,   35.498649,       14.34,
 139.621982,   35.498649,       13.67,
 139.626486,   35.498649,       12.98,
 139.630991,   35.498649,       12.24,
 139.635495,   35.498649,       11.47,
 139.640000,   35.498649,       10.65,
 139.644505,   35.498649,        9.90,
 139.649009,   35.498649,        9.29,
 139.653514,   35.498649,        8.96,
 139.658018,   35.498649,        9.84,
 139.662523,   35.498649,       10.94,
 139.667027,   35.498649,       12.06,
 139.671532,   35.498649,       13.27,
 139.676036,   35.498649,       14.53,
 139.680541,   35.498649,       15.79,
 139.685045,   35.498649,       17.11,
 139.689550,   35.498649,       18.51,
 139.694054,   35.498649,       19.97,
 139.698559,   35.498649,       21.48,
 139.703063,   35.498649,       23.05,
 139.707568,   35.498649,       24.56,
 139.712072,   35.498649,       26.00,
 139.716577,   35.498649,       27.39,
 139.721081,   35.498649,       28.77,
 139.725586,   35.498649,       30.17,
 139.730090,   35.498649,       31.39,
 139.734595,   35.498649,       32.34,
 139.739099,   35.498649,       33.14,
 139.743604,   35.498649,       34.49,
 139.748108,   35.498649,       36.92,
 139.752613,   35.498649,       40.38,
 139.757117,   35.498649,       42.43,
 139.761622,   35.498649,       42.92,
 139.766126,   35.498649,       43.49,
 139.770631,   35.498649,       44.07,
 139.775135,   35.498649,       44.93,
 139.779640,   35.498649,       45.96,
 139.784144,   35.498649,       47.01,
 139.788649,   35.498649,       48.11,
 139.793153,   35.498649,       49.27,
 139.797658,   35.498649,       50.21,
 139.802162,   35.498649,       51.23,
 139.806667,   35.498649,       52.16,
 139.811171,   35.498649,       52.90,
 139.815676,   35.498649,       53.68,
 139.820180,   35.498649,       54.42,
 139.824685,   35.498649,       55.00,
 139.829189,   35.498649,       55.58,
 139.833694,   35.498649,       56.15,
 139.838198,   35.498649,       56.73,
 139.842703,   35.498649,       57.29,
 139.847207,   35.498649,       57.85,
 139.851712,   35.498649,       58.41,
 139.856216,   35.498649,       58.89,
 139.860721,   35.498649,       59.33,
 139.865225,   35.498649,       59.78,
 139.869730,   35.498649,       60.23,
 139.874234,   35.498649,       60.66,
 139.878739,   35.498649,       61.05,
 139.883243,   35.498649,       61.43,
 139.887748,   35.498649,       61.80,
 139.892252,   35.498649,       62.09,
 139.896757,   35.498649,       62.31,
 139.901261,   35.498649,       62.52,
 139.905766,   35.498649,       62.74,
 139.910270,   35.498649,       62.96,
 139.914775,   35.498649,       63.06,
 139.919279,   35.498649,       63.13,
 139.923784,   35.498649,       63.21,
 139.928288,   35.498649,       63.24,
 139.932793,   35.498649,       63.26,
 139.937297,   35.498649,       63.27,
 139.941802,   35.498649,       63.33,
 139.946306,   35.498649,       63.32,
 139.950811,   35.498649,       63.27,
 139.955315,   35.498649,       63.24,
 139.959820,   35.498649,       63.22,
 139.964324,   35.498649,       63.11,
 139.968829,   35.498649,       63.02,
 139.973333,   35.498649,       62.83,
 139.977838,   35.498649,       62.70,
 139.982342,   35.498649,       62.56,
 139.986847,   35.498649,       62.51,
 139.991351,   35.498649,       62.55,
 139.995856,   35.498649,       62.57,
 140.000360,   35.498649,       62.69,
 140.004865,   35.498649,       62.83,
 140.009369,   35.498649,       63.06,
 140.013874,   35.498649,       63.09,
 140.018378,   35.498649,       63.19,
 140.022883,   35.498649,       63.61,
 140.027387,   35.498649,       64.12,
 140.031892,   35.498649,       62.18,
 140.036396,   35.498649,       60.90,
 140.040901,   35.498649,       60.12,
 140.045405,   35.498649,       59.67,
 140.049910,   35.498649,       59.37,
 140.054414,   35.498649,       59.17,
 140.058919,   35.498649,       59.02,
 140.063423,   35.498649,       58.91,
 140.067928,   35.498649,       58.82,
 140.072432,   35.498649,       58.75,
 140.076937,   35.498649,       58.69,
 140.081441,   35.498649,       58.64,
 140.085946,   35.498649,       58.60,
 140.090450,   35.498649,       58.60,
 140.094955,   35.498649,       58.65,
 140.099459,   35.498649,       58.71,
 140.103964,   35.498649,       58.81,
 140.108468,   35.498649,       58.95,
 140.112973,   35.498649,       59.10,
 140.117477,   35.498649,       59.26,
 140.121982,   35.498649,       59.41,
 140.126486,   35.498649,       59.55,
 140.130991,   35.498649,       59.70,
 140.135495,   35.498649,       59.85,
 140.140000,   35.498649,       60.01,
 140.144505,   35.498649,       60.16,
 140.149009,   35.498649,       60.31,
 140.153514,   35.498649,       60.47,
 140.158018,   35.498649,       60.63,
 140.162523,   35.498649,       60.79,
 140.167027,   35.498649,       60.95,
 140.171532,   35.498649,       61.12,
 140.176036,   35.498649,       61.29,
 140.180541,   35.498649,       61.57,
 140.185045,   35.498649,       61.93,
 140.189550,   35.498649,       62.29,
 140.194054,   35.498649,       62.65,
 140.198559,   35.498649,       63.01,
 140.203063,   35.498649,       63.36,
 140.207568,   35.498649,       63.71,
 140.212072,   35.498649,       64.06,
 140.216577,   35.498649,       64.40,
 140.221081,   35.498649,       64.75,
 140.225586,   35.498649,       65.09,
 140.230090,   35.498649,       65.43,
 140.234595,   35.498649,       65.77,
 140.239099,   35.498649,       66.10,
 140.243604,   35.498649,       66.43,
 140.248108,   35.498649,       66.77,
 140.252613,   35.498649,       67.09,
 140.257117,   35.498649,       67.42,
 140.261622,   35.498649,       67.74,
 140.266126,   35.498649,       68.06,
 140.270631,   35.498649,       68.38,
 140.275135,   35.498649,       68.70,
 140.279640,   35.498649,       69.02,
 140.284144,   35.498649,       69.33,
 140.288649,   35.498649,       69.64,
 140.293153,   35.498649,       69.95,
 140.297658,   35.498649,       70.25,
 140.302162,   35.498649,       70.56,
 140.306667,   35.498649,       70.86,
 140.311171,   35.498649,       71.16,
 140.315676,   35.498649,       71.45,
 140.320180,   35.498649,       71.75,
 140.324685,   35.498649,       72.04,
 140.329189,   35.498649,       72.33,
 140.333694,   35.498649,       72.62,
 140.338198,   35.498649,       72.90,
 140.342703,   35.498649,       73.19,
 140.347207,   35.498649,       73.47,
 140.351712,   35.498649,       73.75,
 140.356216,   35.498649,       74.02,
 140.360721,   35.498649,       74.30,
 140.365225,   35.498649,       74.57,
 140.369730,   35.498649,       74.84,
 140.374234,   35.498649,       75.11,
 140.378739,   35.498649,       75.37,
 140.383243,   35.498649,       75.63,
 140.387748,   35.498649,       75.89,
 139.140000,   35.503153,       18.73,
 139.144505,   35.503153,       17.50,
 139.149009,   35.503153,       16.31,
 139.153514,   35.503153,       15.14,
 139.158018,   35.503153,       13.99,
 139.162523,   35.503153,       12.88,
 139.167027,   35.503153,       11.80,
 139.171532,   35.503153,       10.74,
 139.176036,   35.503153,        9.72,
 139.180541,   35.503153,        8.72,
 139.185045,   35.503153,        7.75,
 139.189550,   35.503153,        6.81,
 139.194054,   35.503153,        5.90,
 139.198559,   35.503153,        5.02,
 139.203063,   35.503153,        4.16,
 139.207568,   35.503153,        3.34,
 139.212072,   35.503153,        2.55,
 139.216577,   35.503153,        1.78,
 139.221081,   35.503153,        1.04,
 139.225586,   35.503153,        0.33,
 139.230090,   35.503153,       -0.35,
 139.234595,   35.503153,       -1.00,
 139.239099,   35.503153,       -1.62,
 139.243604,   35.503153,       -2.22,
 139.248108,   35.503153,       -2.78,
 139.252613,   35.503153,       -3.32,
 139.257117,   35.503153,       -3.82,
 139.261622,   35.503153,       -4.30,
 139.266126,   35.503153,       -4.75,
 139.270631,   35.503153,       -5.17,
 139.275135,   35.503153,       -5.56,
 139.279640,   35.503153,       -5.93,
 139.284144,   35.503153,       -6.26,
 139.288649,   35.503153,       -6.57,
 139.293153,   35.503153,       -6.84,
 139.297658,   35.503153,       -7.09,
 139.302162,   35.503153,       -7.31,
 139.306667,   35.503153,       -7.50,
 139.311171,   35.503153,       -7.66,
 139.315676,   35.503153,       -7.79,
 139.320180,   35.503153,       -7.90,
 139.324685,   35.503153,       -7.97,
 139.329189,   35.503153,       -8.02,
 139.333694,   35.503153,       -8.04,
 139.338198,   35.503153,       -8.02,
 139.342703,   35.503153,       -7.98,
 139.347207,   35.503153,       -7.91,
 139.351712,   35.503153,       -7.82,
 139.356216,   35.503153,       -7.69,
 139.360721,   35.503153,       -7.53,
 139.365225,   35.503153,       -7.35,
 139.369730,   35.503153,       -7.13,
 139.374234,   35.503153,       -6.89,
 139.378739,   35.503153,       -6.62,
 139.383243,   35.503153,       -6.32,
 139.387748,   35.503153,       -5.99,
 139.392252,   35.503153,       -5.63,
 139.396757,   35.503153,       -5.25,
 139.401261,   35.503153,       -4.83,
 139.405766,   35.503153,       -4.39,
 139.410270,   35.503153,       -3.92,
 139.414775,   35.503153,       -3.41,
 139.419279,   35.503153,       -2.88,
 139.423784,   35.503153,       -2.32,
 139.428288,   35.503153,       -1.73,
 139.432793,   35.503153,       -1.12,
 139.437297,   35.503153,       -0.47,
 139.441802,   35.503153,        0.20,
 139.446306,   35.503153,        0.91,
 139.450811,   35.503153,        1.64,
 139.455315,   35.503153,        2.40,
 139.459820,   35.503153,        3.19,
 139.464324,   35.503153,        4.01,
 139.468829,   35.503153,        4.86,
 139.473333,   35.503153,        5.73,
 139.477838,   35.503153,        6.64,
 139.482342,   35.503153,        7.57,
 139.486847,   35.503153,        8.54,
 139.491351,   35.503153,        9.53,
 139.495856,   35.503153,       10.55,
 139.500360,   35.503153,       11.60,
 139.504865,   35.503153,       12.68,
 139.509369,   35.503153,       13.78,
 139.513874,   35.503153,       14.92,
 139.518378,   35.503153,       16.09,
 139.522883,   35.503153,       17.28,
 139.527387,   35.503153,       18.50,
 139.531892,   35.503153,       19.75,
 139.536396,   35.503153,       21.03,
 139.540901,   35.503153,       21.30,
 139.545405,   35.503153,       20.91,
 139.549910,   35.503153,       20.57,
 139.554414,   35.503153,       20.27,
 139.558919,   35.503153,       19.97,
 139.563423,   35.503153,       19.65,
 139.567928,   35.503153,       19.32,
 139.572432,   35.503153,       18.98,
 139.576937,   35.503153,       18.62,
 139.581441,   35.503153,       18.25,
 139.585946,   35.503153,       17.86,
 139.590450,   35.503153,       17.45,
 139.594955,   35.503153,       17.01,
 139.599459,   35.503153,       16.55,
 139.603964,   35.503153,       16.06,
 139.608468,   35.503153,       15.53,
 139.612973,   35.503153,       14.97,
 139.617477,   35.503153,       14.38,
 139.621982,   35.503153,       13.76,
 139.626486,   35.503153,       13.12,
 139.630991,   35.503153,       12.45,
 139.635495,   35.503153,       11.74,
 139.640000,   35.503153,       11.00,
 139.644505,   35.503153,       10.31,
 139.649009,   35.503153,        9.72,
 139.653514,   35.503153,        9.24,
 139.658018,   35.503153,        9.17,
 139.662523,   35.503153,       10.37,
 139.667027,   35.503153,       11.68,
 139.671532,   35.503153,       12.93,
 139.676036,   35.503153,       14.19,
 139.680541,   35.503153,       15.45,
 139.685045,   35.503153,       16.68,
 139.689550,   35.503153,       17.85,
 139.694054,   35.503153,       19.06,
 139.698559,   35.503153,       20.33,
 139.703063,   35.503153,       21.64,
 139.707568,   35.503153,       23.02,
 139.712072,   35.503153,       24.40,
 139.716577,   35.503153,       25.72,
 139.721081,   35.503153,       26.99,
 139.725586,   35.503153,       28.27,
 139.730090,   35.503153,       29.53,
 139.734595,   35.503153,       30.59,
 139.739099,   35.503153,       31.41,
 139.743604,   35.503153,       32.28,
 139.748108,   35.503153,       34.09,
 139.752613,   35.503153,       37.42,
 139.757117,   35.503153,       41.77,
 139.761622,   35.503153,       43.20,
 139.766126,   35.503153,       43.55,
 139.770631,   35.503153,       43.72,
 139.775135,   35.503153,       44.03,
 139.779640,   35.503153,       44.86,
 139.784144,   35.503153,       45.65,
 139.788649,   35.503153,       46.61,
 139.793153,   35.503153,       47.83,
 139.797658,   35.503153,       48.93,
 139.802162,   35.503153,       50.06,
 139.806667,   35.503153,       51.15,
 139.811171,   35.503153,       51.99,
 139.815676,   35.503153,       52.82,
 139.820180,   35.503153,       53.62,
 139.824685,   35.503153,       54.28,
 139.829189,   35.503153,       54.91,
 139.833694,   35.503153,       55.52,
 139.838198,   35.503153,       56.08,
 139.842703,   35.503153,       56.62,
 139.847207,   35.503153,       57.18,
 139.851712,   35.503153,       57.74,
 139.856216,   35.503153,       58.23,
 139.860721,   35.503153,       58.68,
 139.865225,   35.503153,       59.14,
 139.869730,   35.503153,       59.58,
 139.874234,   35.503153,       60.01,
 139.878739,   35.503153,       60.43,
 139.883243,   35.503153,       60.84,
 139.887748,   35.503153,       61.26,
 139.892252,   35.503153,       61.58,
 139.896757,   35.503153,       61.81,
 139.901261,   35.503153,       62.04,
 139.905766,   35.503153,       62.26,
 139.910270,   35.503153,       62.47,
 139.914775,   35.503153,       62.65,
 139.919279,   35.503153,       62.81,
 139.923784,   35.503153,       62.95,
 139.928288,   35.503153,       63.02,
 139.932793,   35.503153,       63.04,
 139.937297,   35.503153,       63.07,
 139.941802,   35.503153,       63.10,
 139.946306,   35.503153,       63.15,
 139.950811,   35.503153,       63.17,
 139.955315,   35.503153,       63.20,
 139.959820,   35.503153,       63.17,
 139.964324,   35.503153,       63.14,
 139.968829,   35.503153,       63.11,
 139.973333,   35.503153,       63.08,
 139.977838,   35.503153,       63.04,
 139.982342,   35.503153,       63.12,
 139.986847,   35.503153,       63.16,
 139.991351,   35.503153,       63.29,
 139.995856,   35.503153,       63.39,
 140.000360,   35.503153,       63.55,
 140.004865,   35.503153,       63.74,
 140.009369,   35.503153,       63.97,
 140.013874,   35.503153,       64.00,
 140.018378,   35.503153,       64.08,
 140.022883,   35.503153,       64.14,
 140.027387,   35.503153,       64.42,
 140.031892,   35.503153,       64.37,
 140.036396,   35.503153,       62.46,
 140.040901,   35.503153,       61.11,
 140.045405,   35.503153,       60.30,
 140.049910,   35.503153,       59.84,
 140.054414,   35.503153,       59.54,
 140.058919,   35.503153,       59.33,
 140.063423,   35.503153,       59.18,
 140.067928,   35.503153,       59.07,
 140.072432,   35.503153,       58.97,
 140.076937,   35.503153,       58.90,
 140.081441,   35.503153,       58.84,
 140.085946,   35.503153,       58.80,
 140.090450,   35.503153,       58.79,
 140.094955,   35.503153,       58.83,
 140.099459,   35.503153,       58.90,
 140.103964,   35.503153,       59.01,
 140.108468,   35.503153,       59.16,
 140.112973,   35.503153,       59.32,
 140.117477,   35.503153,       59.48,
 140.121982,   35.503153,       59.64,
 140.126486,   35.503153,       59.80,
 140.130991,   35.503153,       59.95,
 140.135495,   35.503153,       60.11,
 140.140000,   35.503153,       60.27,
 140.144505,   35.503153,       60.43,
 140.149009,   35.503153,       60.59,
 140.153514,   35.503153,       60.76,
 140.158018,   35.503153,       60.92,
 140.162523,   35.503153,       61.09,
 140.167027,   35.503153,       61.26,
 140.171532,   35.503153,       61.44,
 140.176036,   35.503153,       61.66,
 140.180541,   35.503153,       62.03,
 140.185045,   35.503153,       62.39,
 140.189550,   35.503153,       62.75,
 140.194054,   35.503153,       63.11,
 140.198559,   35.503153,       63.47,
 140.203063,   35.503153,       63.82,
 140.207568,   35.503153,       64.17,
 140.212072,   35.503153,       64.52,
 140.216577,   35.503153,       64.87,
 140.221081,   35.503153,       65.21,
 140.225586,   35.503153,       65.55,
 140.230090,   35.503153,       65.90,
 140.234595,   35.503153,       66.23,
 140.239099,   35.503153,       66.57,
 140.243604,   35.503153,       66.90,
 140.248108,   35.503153,       67.23,
 140.252613,   35.503153,       67.56,
 140.257117,   35.503153,       67.89,
 140.261622,   35.503153,       68.21,
 140.266126,   35.503153,       68.54,
 140.270631,   35.503153,       68.86,
 140.275135,   35.503153,       69.17,
 140.279640,   35.503153,       69.49,
 140.284144,   35.503153,       69.80,
 140.288649,   35.503153,       70.12,
 140.293153,   35.503153,       70.42,
 140.297658,   35.503153,       70.73,
 140.302162,   35.503153,       71.03,
 140.306667,   35.503153,       71.34,
 140.311171,   35.503153,       71.64,
 140.315676,   35.503153,       71.93,
 140.320180,   35.503153,       72.23,
 140.324685,   35.503153,       72.52,
 140.329189,   35.503153,       72.81,
 140.333694,   35.503153,       73.10,
 140.338198,   35.503153,       73.39,
 140.342703,   35.503153,       73.67,
 140.347207,   35.503153,       73.95,
 140.351712,   35.503153,       74.23,
 140.356216,   35.503153,       74.51,
 140.360721,   35.503153,       74.79,
 140.365225,   35.503153,       75.06,
 140.369730,   35.503153,       75.33,
 140.374234,   35.503153,       75.60,
 140.378739,   35.503153,       75.86,
 140.383243,   35.503153,       76.13,
 140.387748,   35.503153,       76.39,
 139.140000,   35.507658,       17.16,
 139.144505,   35.507658,       15.92,
 139.149009,   35.507658,       14.71,
 139.153514,   35.507658,       13.53,
 139.158018,   35.507658,       12.38,
 139.162523,   35.507658,       11.25,
 139.167027,   35.507658,       10.16,
 139.171532,   35.507658,        9.09,
 139.176036,   35.507658,        8.05,
 139.180541,   35.507658,        7.04,
 139.185045,   35.507658,        6.06,
 139.189550,   35.507658,        5.11,
 139.194054,   35.507658,        4.19,
 139.198559,   35.507658,        3.29,
 139.203063,   35.507658,        2.43,
 139.207568,   35.507658,        1.59,
 139.212072,   35.507658,        0.78,
 139.216577,   35.507658,        0.00,
 139.221081,   35.507658,       -0.75,
 139.225586,   35.507658,       -1.47,
 139.230090,   35.507658,       -2.16,
 139.234595,   35.507658,       -2.82,
 139.239099,   35.507658,       -3.46,
 139.243604,   35.507658,       -4.06,
 139.248108,   35.507658,       -4.64,
 139.252613,   35.507658,       -5.19,
 139.257117,   35.507658,       -5.71,
 139.261622,   35.507658,       -6.20,
 139.266126,   35.507658,       -6.66,
 139.270631,   35.507658,       -7.09,
 139.275135,   35.507658,       -7.50,
 139.279640,   35.507658,       -7.87,
 139.284144,   35.507658,       -8.22,
 139.288649,   35.507658,       -8.54,
 139.293153,   35.507658,       -8.83,
 139.297658,   35.507658,       -9.09,
 139.302162,   35.507658,       -9.32,
 139.306667,   35.507658,       -9.52,
 139.311171,   35.507658,       -9.69,
 139.315676,   35.507658,       -9.84,
 139.320180,   35.507658,       -9.95,
 139.324685,   35.507658,      -10.04,
 139.329189,   35.507658,      -10.10,
 139.333694,   35.507658,      -10.13,
 139.338198,   35.507658,      -10.13,
 139.342703,   35.507658,      -10.10,
 139.347207,   35.507658,      -10.04,
 139.351712,   35.507658,       -9.96,
 139.356216,   35.507658,       -9.84,
 139.360721,   35.507658,       -9.70,
 139.365225,   35.507658,       -9.53,
 139.369730,   35.507658,       -9.32,
 139.374234,   35.507658,       -9.09,
 139.378739,   35.507658,       -8.83,
 139.383243,   35.507658,       -8.55,
 139.387748,   35.507658,       -8.23,
 139.392252,   35.507658,       -7.88,
 139.396757,   35.507658,       -7.51,
 139.401261,   35.507658,       -7.11,
 139.405766,   35.507658,       -6.67,
 139.410270,   35.507658,       -6.21,
 139.414775,   35.507658,       -5.72,
 139.419279,   35.507658,       -5.21,
 139.423784,   35.507658,       -4.66,
 139.428288,   35.507658,       -4.08,
 139.432793,   35.507658,       -3.48,
 139.437297,   35.507658,       -2.84,
 139.441802,   35.507658,       -2.18,
 139.446306,   35.507658,       -1.49,
 139.450811,   35.507658,       -0.77,
 139.455315,   35.507658,       -0.02,
 139.459820,   35.507658,        0.76,
 139.464324,   35.507658,        1.56,
 139.468829,   35.507658,        2.40,
 139.473333,   35.507658,        3.26,
 139.477838,   35.507658,        4.16,
 139.482342,   35.507658,        5.08,
 139.486847,   35.507658,        6.03,
 139.491351,   35.507658,        7.01,
 139.495856,   35.507658,        8.02,
 139.500360,   35.507658,        9.06,
 139.504865,   35.507658,       10.12,
 139.509369,   35.507658,       11.22,
 139.513874,   35.507658,       12.34,
 139.518378,   35.507658,       13.49,
 139.522883,   35.507658,       14.68,
 139.527387,   35.507658,       15.89,
 139.531892,   35.507658,       17.13,
 139.536396,   35.507658,       18.39,
 139.540901,   35.507658,       19.69,
 139.545405,   35.507658,       20.84,
 139.549910,   35.507658,       20.44,
 139.554414,   35.507658,       20.06,
 139.558919,   35.507658,       19.75,
 139.563423,   35.507658,       19.44,
 139.567928,   35.507658,       19.12,
 139.572432,   35.507658,       18.78,
 139.576937,   35.507658,       18.44,
 139.581441,   35.507658,       18.07,
 139.585946,   35.507658,       17.70,
 139.590450,   35.507658,       17.30,
 139.594955,   35.507658,       16.88,
 139.599459,   35.507658,       16.44,
 139.603964,   35.507658,       15.98,
 139.608468,   35.507658,       15.48,
 139.612973,   35.507658,       14.96,
 139.617477,   35.507658,       14.41,
 139.621982,   35.507658,       13.84,
 139.626486,   35.507658,       13.24,
 139.630991,   35.507658,       12.61,
 139.635495,   35.507658,       11.96,
 139.640000,   35.507658,       11.30,
 139.644505,   35.507658,       10.66,
 139.649009,   35.507658,       10.10,
 139.653514,   35.507658,        9.59,
 139.658018,   35.507658,        9.24,
 139.662523,   35.507658,        9.42,
 139.667027,   35.507658,       10.84,
 139.671532,   35.507658,       12.28,
 139.676036,   35.507658,       13.60,
 139.680541,   35.507658,       14.88,
 139.685045,   35.507658,       16.14,
 139.689550,   35.507658,       17.34,
 139.694054,   35.507658,       18.46,
 139.698559,   35.507658,       19.54,
 139.703063,   35.507658,       20.66,
 139.707568,   35.507658,       21.82,
 139.712072,   35.507658,       23.03,
 139.716577,   35.507658,       24.28,
 139.721081,   35.507658,       25.46,
 139.725586,   35.507658,       26.60,
 139.730090,   35.507658,       27.74,
 139.734595,   35.507658,       28.78,
 139.739099,   35.507658,       29.62,
 139.743604,   35.507658,       30.26,
 139.748108,   35.507658,       31.40,
 139.752613,   35.507658,       34.18,
 139.757117,   35.507658,       38.86,
 139.761622,   35.507658,       43.58,
 139.766126,   35.507658,       43.68,
 139.770631,   35.507658,       43.42,
 139.775135,   35.507658,       43.21,
 139.779640,   35.507658,       43.51,
 139.784144,   35.507658,       44.14,
 139.788649,   35.507658,       45.32,
 139.793153,   35.507658,       46.52,
 139.797658,   35.507658,       47.67,
 139.802162,   35.507658,       48.84,
 139.806667,   35.507658,       50.01,
 139.811171,   35.507658,       51.02,
 139.815676,   35.507658,       51.96,
 139.820180,   35.507658,       52.77,
 139.824685,   35.507658,       53.48,
 139.829189,   35.507658,       54.17,
 139.833694,   35.507658,       54.85,
 139.838198,   35.507658,       55.38,
 139.842703,   35.507658,       55.90,
 139.847207,   35.507658,       56.43,
 139.851712,   35.507658,       56.96,
 139.856216,   35.507658,       57.47,
 139.860721,   35.507658,       57.97,
 139.865225,   35.507658,       58.46,
 139.869730,   35.507658,       58.94,
 139.874234,   35.507658,       59.36,
 139.878739,   35.507658,       59.77,
 139.883243,   35.507658,       60.19,
 139.887748,   35.507658,       60.60,
 139.892252,   35.507658,       60.96,
 139.896757,   35.507658,       61.25,
 139.901261,   35.507658,       61.52,
 139.905766,   35.507658,       61.77,
 139.910270,   35.507658,       61.98,
 139.914775,   35.507658,       62.18,
 139.919279,   35.507658,       62.38,
 139.923784,   35.507658,       62.58,
 139.928288,   35.507658,       62.72,
 139.932793,   35.507658,       62.76,
 139.937297,   35.507658,       62.81,
 139.941802,   35.507658,       62.84,
 139.946306,   35.507658,       62.90,
 139.950811,   35.507658,       62.97,
 139.955315,   35.507658,       63.04,
 139.959820,   35.507658,       63.09,
 139.964324,   35.507658,       63.05,
 139.968829,   35.507658,       63.06,
 139.973333,   35.507658,       63.07,
 139.977838,   35.507658,       63.11,
 139.982342,   35.507658,       63.27,
 139.986847,   35.507658,       63.48,
 139.991351,   35.507658,       63.58,
 139.995856,   35.507658,       63.78,
 140.000360,   35.507658,       63.91,
 140.004865,   35.507658,       64.15,
 140.009369,   35.507658,       64.16,
 140.013874,   35.507658,       64.04,
 140.018378,   35.507658,       63.90,
 140.022883,   35.507658,       63.78,
 140.027387,   35.507658,       63.91,
 140.031892,   35.507658,       64.12,
 140.036396,   35.507658,       63.63,
 140.040901,   35.507658,       62.51,
 140.045405,   35.507658,       61.17,
 140.049910,   35.507658,       60.39,
 140.054414,   35.507658,       59.95,
 140.058919,   35.507658,       59.66,
 140.063423,   35.507658,       59.46,
 140.067928,   35.507658,       59.31,
 140.072432,   35.507658,       59.20,
 140.076937,   35.507658,       59.11,
 140.081441,   35.507658,       59.04,
 140.085946,   35.507658,       58.99,
 140.090450,   35.507658,       58.96,
 140.094955,   35.507658,       59.01,
 140.099459,   35.507658,       59.08,
 140.103964,   35.507658,       59.21,
 140.108468,   35.507658,       59.36,
 140.112973,   35.507658,       59.54,
 140.117477,   35.507658,       59.71,
 140.121982,   35.507658,       59.88,
 140.126486,   35.507658,       60.04,
 140.130991,   35.507658,       60.21,
 140.135495,   35.507658,       60.37,
 140.140000,   35.507658,       60.54,
 140.144505,   35.507658,       60.71,
 140.149009,   35.507658,       60.88,
 140.153514,   35.507658,       61.05,
 140.158018,   35.507658,       61.22,
 140.162523,   35.507658,       61.40,
 140.167027,   35.507658,       61.58,
 140.171532,   35.507658,       61.76,
 140.176036,   35.507658,       62.12,
 140.180541,   35.507658,       62.49,
 140.185045,   35.507658,       62.85,
 140.189550,   35.507658,       63.21,
 140.194054,   35.507658,       63.57,
 140.198559,   35.507658,       63.93,
 140.203063,   35.507658,       64.28,
 140.207568,   35.507658,       64.63,
 140.212072,   35.507658,       64.98,
 140.216577,   35.507658,       65.33,
 140.221081,   35.507658,       65.68,
 140.225586,   35.507658,       66.02,
 140.230090,   35.507658,       66.36,
 140.234595,   35.507658,       66.70,
 140.239099,   35.507658,       67.04,
 140.243604,   35.507658,       67.37,
 140.248108,   35.507658,       67.71,
 140.252613,   35.507658,       68.04,
 140.257117,   35.507658,       68.36,
 140.261622,   35.507658,       68.69,
 140.266126,   35.507658,       69.01,
 140.270631,   35.507658,       69.33,
 140.275135,   35.507658,       69.65,
 140.279640,   35.507658,       69.97,
 140.284144,   35.507658,       70.28,
 140.288649,   35.507658,       70.59,
 140.293153,   35.507658,       70.90,
 140.297658,   35.507658,       71.21,
 140.302162,   35.507658,       71.52,
 140.306667,   35.507658,       71.82,
 140.311171,   35.507658,       72.12,
 140.315676,   35.507658,       72.42,
 140.320180,   35.507658,       72.72,
 140.324685,   35.507658,       73.01,
 140.329189,   35.507658,       73.30,
 140.333694,   35.507658,       73.59,
 140.338198,   35.507658,       73.88,
 140.342703,   35.507658,       74.16,
 140.347207,   35.507658,       74.45,
 140.351712,   35.507658,       74.73,
 140.356216,   35.507658,       75.00,
 140.360721,   35.507658,       75.28,
 140.365225,   35.507658,       75.55,
 140.369730,   35.507658,       75.83,
 140.374234,   35.507658,       76.09,
 140.378739,   35.507658,       76.36,
 140.383243,   35.507658,       76.63,
 140.387748,   35.507658,       76.89,
 139.140000,   35.512162,       15.57,
 139.144505,   35.512162,       14.31,
 139.149009,   35.512162,       13.09,
 139.153514,   35.512162,       11.90,
 139.158018,   35.512162,       10.73,
 139.162523,   35.512162,        9.59,
 139.167027,   35.512162,        8.48,
 139.171532,   35.512162,        7.41,
 139.176036,   35.512162,        6.35,
 139.180541,   35.512162,        5.33,
 139.185045,   35.512162,        4.34,
 139.189550,   35.512162,        3.38,
 139.194054,   35.512162,        2.44,
 139.198559,   35.512162,        1.53,
 139.203063,   35.512162,        0.66,
 139.207568,   35.512162,       -0.19,
 139.212072,   35.512162,       -1.01,
 139.216577,   35.512162,       -1.80,
 139.221081,   35.512162,       -2.56,
 139.225586,   35.512162,       -3.30,
 139.230090,   35.512162,       -4.00,
 139.234595,   35.512162,       -4.68,
 139.239099,   35.512162,       -5.32,
 139.243604,   35.512162,       -5.94,
 139.248108,   35.512162,       -6.53,
 139.252613,   35.512162,       -7.09,
 139.257117,   35.512162,       -7.62,
 139.261622,   35.512162,       -8.13,
 139.266126,   35.512162,       -8.60,
 139.270631,   35.512162,       -9.05,
 139.275135,   35.512162,       -9.46,
 139.279640,   35.512162,       -9.85,
 139.284144,   35.512162,      -10.21,
 139.288649,   35.512162,      -10.54,
 139.293153,   35.512162,      -10.84,
 139.297658,   35.512162,      -11.11,
 139.302162,   35.512162,      -11.35,
 139.306667,   35.512162,      -11.57,
 139.311171,   35.512162,      -11.75,
 139.315676,   35.512162,      -11.91,
 139.320180,   35.512162,      -12.04,
 139.324685,   35.512162,      -12.14,
 139.329189,   35.512162,      -12.21,
 139.333694,   35.512162,      -12.25,
 139.338198,   35.512162,      -12.26,
 139.342703,   35.512162,      -12.24,
 139.347207,   35.512162,      -12.20,
 139.351712,   35.512162,      -12.13,
 139.356216,   35.512162,      -12.02,
 139.360721,   35.512162,      -11.89,
 139.365225,   35.512162,      -11.73,
 139.369730,   35.512162,      -11.54,
 139.374234,   35.512162,      -11.32,
 139.378739,   35.512162,      -11.08,
 139.383243,   35.512162,      -10.80,
 139.387748,   35.512162,      -10.50,
 139.392252,   35.512162,      -10.16,
 139.396757,   35.512162,       -9.80,
 139.401261,   35.512162,       -9.41,
 139.405766,   35.512162,       -8.99,
 139.410270,   35.512162,       -8.54,
 139.414775,   35.512162,       -8.06,
 139.419279,   35.512162,       -7.56,
 139.423784,   35.512162,       -7.02,
 139.428288,   35.512162,       -6.46,
 139.432793,   35.512162,       -5.87,
 139.437297,   35.512162,       -5.24,
 139.441802,   35.512162,       -4.59,
 139.446306,   35.512162,       -3.91,
 139.450811,   35.512162,       -3.21,
 139.455315,   35.512162,       -2.47,
 139.459820,   35.512162,       -1.70,
 139.464324,   35.512162,       -0.91,
 139.468829,   35.512162,       -0.09,
 139.473333,   35.512162,        0.77,
 139.477838,   35.512162,        1.65,
 139.482342,   35.512162,        2.56,
 139.486847,   35.512162,        3.50,
 139.491351,   35.512162,        4.46,
 139.495856,   35.512162,        5.46,
 139.500360,   35.512162,        6.49,
 139.504865,   35.512162,        7.54,
 139.509369,   35.512162,        8.62,
 139.513874,   35.512162,        9.73,
 139.518378,   35.512162,       10.88,
 139.522883,   35.512162,       12.04,
 139.527387,   35.512162,       13.24,
 139.531892,   35.512162,       14.47,
 139.536396,   35.512162,       15.73,
 139.540901,   35.512162,       17.01,
 139.545405,   35.512162,       18.32,
 139.549910,   35.512162,       19.67,
 139.554414,   35.512162,       19.98,
 139.558919,   35.512162,       19.58,
 139.563423,   35.512162,       19.23,
 139.567928,   35.512162,       18.92,
 139.572432,   35.512162,       18.59,
 139.576937,   35.512162,       18.25,
 139.581441,   35.512162,       17.90,
 139.585946,   35.512162,       17.54,
 139.590450,   35.512162,       17.15,
 139.594955,   35.512162,       16.75,
 139.599459,   35.512162,       16.33,
 139.603964,   35.512162,       15.89,
 139.608468,   35.512162,       15.43,
 139.612973,   35.512162,       14.94,
 139.617477,   35.512162,       14.42,
 139.621982,   35.512162,       13.89,
 139.626486,   35.512162,       13.33,
 139.630991,   35.512162,       12.74,
 139.635495,   35.512162,       12.14,
 139.640000,   35.512162,       11.53,
 139.644505,   35.512162,       10.94,
 139.649009,   35.512162,       10.41,
 139.653514,   35.512162,        9.91,
 139.658018,   35.512162,        9.48,
 139.662523,   35.512162,        9.25,
 139.667027,   35.512162,        9.71,
 139.671532,   35.512162,       11.28,
 139.676036,   35.512162,       12.78,
 139.680541,   35.512162,       14.16,
 139.685045,   35.512162,       15.44,
 139.689550,   35.512162,       16.70,
 139.694054,   35.512162,       17.89,
 139.698559,   35.512162,       18.98,
 139.703063,   35.512162,       19.96,
 139.707568,   35.512162,       20.95,
 139.712072,   35.512162,       21.97,
 139.716577,   35.512162,       23.04,
 139.721081,   35.512162,       24.13,
 139.725586,   35.512162,       25.15,
 139.730090,   35.512162,       26.13,
 139.734595,   35.512162,       27.05,
 139.739099,   35.512162,       27.80,
 139.743604,   35.512162,       28.34,
 139.748108,   35.512162,       28.92,
 139.752613,   35.512162,       30.74,
 139.757117,   35.512162,       35.12,
 139.761622,   35.512162,       41.81,
 139.766126,   35.512162,       43.83,
 139.770631,   35.512162,       42.82,
 139.775135,   35.512162,       42.11,
 139.779640,   35.512162,       42.16,
 139.784144,   35.512162,       42.35,
 139.788649,   35.512162,       44.06,
 139.793153,   35.512162,       45.64,
 139.797658,   35.512162,       46.50,
 139.802162,   35.512162,       47.56,
 139.806667,   35.512162,       48.67,
 139.811171,   35.512162,       49.84,
 139.815676,   35.512162,       50.98,
 139.820180,   35.512162,       51.94,
 139.824685,   35.512162,       52.67,
 139.829189,   35.512162,       53.39,
 139.833694,   35.512162,       54.03,
 139.838198,   35.512162,       54.59,
 139.842703,   35.512162,       55.12,
 139.847207,   35.512162,       55.65,
 139.851712,   35.512162,       56.17,
 139.856216,   35.512162,       56.70,
 139.860721,   35.512162,       57.22,
 139.865225,   35.512162,       57.73,
 139.869730,   35.512162,       58.25,
 139.874234,   35.512162,       58.68,
 139.878739,   35.512162,       59.10,
 139.883243,   35.512162,       59.52,
 139.887748,   35.512162,       59.93,
 139.892252,   35.512162,       60.29,
 139.896757,   35.512162,       60.62,
 139.901261,   35.512162,       60.95,
 139.905766,   35.512162,       61.27,
 139.910270,   35.512162,       61.50,
 139.914775,   35.512162,       61.69,
 139.919279,   35.512162,       61.88,
 139.923784,   35.512162,       62.08,
 139.928288,   35.512162,       62.24,
 139.932793,   35.512162,       62.36,
 139.937297,   35.512162,       62.47,
 139.941802,   35.512162,       62.57,
 139.946306,   35.512162,       62.62,
 139.950811,   35.512162,       62.68,
 139.955315,   35.512162,       62.73,
 139.959820,   35.512162,       62.79,
 139.964324,   35.512162,       62.83,
 139.968829,   35.512162,       62.89,
 139.973333,   35.512162,       62.99,
 139.977838,   35.512162,       63.08,
 139.982342,   35.512162,       63.21,
 139.986847,   35.512162,       63.37,
 139.991351,   35.512162,       63.53,
 139.995856,   35.512162,       63.74,
 140.000360,   35.512162,       64.00,
 140.004865,   35.512162,       64.11,
 140.009369,   35.512162,       64.08,
 140.013874,   35.512162,       63.92,
 140.018378,   35.512162,       63.69,
 140.022883,   35.512162,       63.51,
 140.027387,   35.512162,       63.59,
 140.031892,   35.512162,       63.70,
 140.036396,   35.512162,       63.57,
 140.040901,   35.512162,       62.97,
 140.045405,   35.512162,       62.25,
 140.049910,   35.512162,       61.08,
 140.054414,   35.512162,       60.39,
 140.058919,   35.512162,       59.99,
 140.063423,   35.512162,       59.73,
 140.067928,   35.512162,       59.55,
 140.072432,   35.512162,       59.41,
 140.076937,   35.512162,       59.31,
 140.081441,   35.512162,       59.23,
 140.085946,   35.512162,       59.17,
 140.090450,   35.512162,       59.13,
 140.094955,   35.512162,       59.18,
 140.099459,   35.512162,       59.26,
 140.103964,   35.512162,       59.39,
 140.108468,   35.512162,       59.57,
 140.112973,   35.512162,       59.76,
 140.117477,   35.512162,       59.94,
 140.121982,   35.512162,       60.12,
 140.126486,   35.512162,       60.29,
 140.130991,   35.512162,       60.47,
 140.135495,   35.512162,       60.64,
 140.140000,   35.512162,       60.82,
 140.144505,   35.512162,       60.99,
 140.149009,   35.512162,       61.17,
 140.153514,   35.512162,       61.35,
 140.158018,   35.512162,       61.53,
 140.162523,   35.512162,       61.72,
 140.167027,   35.512162,       61.91,
 140.171532,   35.512162,       62.21,
 140.176036,   35.512162,       62.58,
 140.180541,   35.512162,       62.95,
 140.185045,   35.512162,       63.31,
 140.189550,   35.512162,       63.67,
 140.194054,   35.512162,       64.03,
 140.198559,   35.512162,       64.39,
 140.203063,   35.512162,       64.75,
 140.207568,   35.512162,       65.10,
 140.212072,   35.512162,       65.45,
 140.216577,   35.512162,       65.80,
 140.221081,   35.512162,       66.15,
 140.225586,   35.512162,       66.49,
 140.230090,   35.512162,       66.83,
 140.234595,   35.512162,       67.17,
 140.239099,   35.512162,       67.51,
 140.243604,   35.512162,       67.85,
 140.248108,   35.512162,       68.18,
 140.252613,   35.512162,       68.51,
 140.257117,   35.512162,       68.84,
 140.261622,   35.512162,       69.16,
 140.266126,   35.512162,       69.49,
 140.270631,   35.512162,       69.81,
 140.275135,   35.512162,       70.13,
 140.279640,   35.512162,       70.45,
 140.284144,   35.512162,       70.76,
 140.288649,   35.512162,       71.08,
 140.293153,   35.512162,       71.39,
 140.297658,   35.512162,       71.69,
 140.302162,   35.512162,       72.00,
 140.306667,   35.512162,       72.30,
 140.311171,   35.512162,       72.61,
 140.315676,   35.512162,       72.91,
 140.320180,   35.512162,       73.20,
 140.324685,   35.512162,       73.50,
 140.329189,   35.512162,       73.79,
 140.333694,   35.512162,       74.08,
 140.338198,   35.512162,       74.37,
 140.342703,   35.512162,       74.65,
 140.347207,   35.512162,       74.94,
 140.351712,   35.512162,       75.22,
 140.356216,   35.512162,       75.50,
 140.360721,   35.512162,       75.78,
 140.365225,   35.512162,       76.05,
 140.369730,   35.512162,       76.32,
 140.374234,   35.512162,       76.59,
 140.378739,   35.512162,       76.86,
 140.383243,   35.512162,       77.13,
 140.387748,   35.512162,       77.39,
 139.140000,   35.516667,       13.94,
 139.144505,   35.516667,       12.67,
 139.149009,   35.516667,       11.44,
 139.153514,   35.516667,       10.23,
 139.158018,   35.516667,        9.05,
 139.162523,   35.516667,        7.90,
 139.167027,   35.516667,        6.78,
 139.171532,   35.516667,        5.69,
 139.176036,   35.516667,        4.63,
 139.180541,   35.516667,        3.60,
 139.185045,   35.516667,        2.59,
 139.189550,   35.516667,        1.62,
 139.194054,   35.516667,        0.67,
 139.198559,   35.516667,       -0.25,
 139.203063,   35.516667,       -1.14,
 139.207568,   35.516667,       -2.00,
 139.212072,   35.516667,       -2.83,
 139.216577,   35.516667,       -3.64,
 139.221081,   35.516667,       -4.41,
 139.225586,   35.516667,       -5.16,
 139.230090,   35.516667,       -5.87,
 139.234595,   35.516667,       -6.56,
 139.239099,   35.516667,       -7.22,
 139.243604,   35.516667,       -7.85,
 139.248108,   35.516667,       -8.45,
 139.252613,   35.516667,       -9.02,
 139.257117,   35.516667,       -9.57,
 139.261622,   35.516667,      -10.08,
 139.266126,   35.516667,      -10.57,
 139.270631,   35.516667,      -11.02,
 139.275135,   35.516667,      -11.45,
 139.279640,   35.516667,      -11.85,
 139.284144,   35.516667,      -12.22,
 139.288649,   35.516667,      -12.57,
 139.293153,   35.516667,      -12.88,
 139.297658,   35.516667,      -13.16,
 139.302162,   35.516667,      -13.42,
 139.306667,   35.516667,      -13.64,
 139.311171,   35.516667,      -13.84,
 139.315676,   35.516667,      -14.01,
 139.320180,   35.516667,      -14.15,
 139.324685,   35.516667,      -14.26,
 139.329189,   35.516667,      -14.34,
 139.333694,   35.516667,      -14.40,
 139.338198,   35.516667,      -14.42,
 139.342703,   35.516667,      -14.42,
 139.347207,   35.516667,      -14.39,
 139.351712,   35.516667,      -14.32,
 139.356216,   35.516667,      -14.23,
 139.360721,   35.516667,      -14.11,
 139.365225,   35.516667,      -13.97,
 139.369730,   35.516667,      -13.79,
 139.374234,   35.516667,      -13.58,
 139.378739,   35.516667,      -13.35,
 139.383243,   35.516667,      -13.08,
 139.387748,   35.516667,      -12.79,
 139.392252,   35.516667,      -12.47,
 139.396757,   35.516667,      -12.12,
 139.401261,   35.516667,      -11.74,
 139.405766,   35.516667,      -11.33,
 139.410270,   35.516667,      -10.90,
 139.414775,   35.516667,      -10.43,
 139.419279,   35.516667,       -9.94,
 139.423784,   35.516667,       -9.42,
 139.428288,   35.516667,       -8.86,
 139.432793,   35.516667,       -8.28,
 139.437297,   35.516667,       -7.67,
 139.441802,   35.516667,       -7.04,
 139.446306,   35.516667,       -6.37,
 139.450811,   35.516667,       -5.67,
 139.455315,   35.516667,       -4.95,
 139.459820,   35.516667,       -4.19,
 139.464324,   35.516667,       -3.41,
 139.468829,   35.516667,       -2.60,
 139.473333,   35.516667,       -1.76,
 139.477838,   35.516667,       -0.89,
 139.482342,   35.516667,        0.01,
 139.486847,   35.516667,        0.93,
 139.491351,   35.516667,        1.89,
 139.495856,   35.516667,        2.87,
 139.500360,   35.516667,        3.89,
 139.504865,   35.516667,        4.93,
 139.509369,   35.516667,        6.00,
 139.513874,   35.516667,        7.10,
 139.518378,   35.516667,        8.23,
 139.522883,   35.516667,        9.38,
 139.527387,   35.516667,       10.57,
 139.531892,   35.516667,       11.79,
 139.536396,   35.516667,       13.03,
 139.540901,   35.516667,       14.30,
 139.545405,   35.516667,       15.60,
 139.549910,   35.516667,       16.93,
 139.554414,   35.516667,       18.29,
 139.558919,   35.516667,       19.53,
 139.563423,   35.516667,       19.11,
 139.567928,   35.516667,       18.73,
 139.572432,   35.516667,       18.40,
 139.576937,   35.516667,       18.07,
 139.581441,   35.516667,       17.73,
 139.585946,   35.516667,       17.37,
 139.590450,   35.516667,       17.00,
 139.594955,   35.516667,       16.62,
 139.599459,   35.516667,       16.22,
 139.603964,   35.516667,       15.80,
 139.608468,   35.516667,       15.36,
 139.612973,   35.516667,       14.90,
 139.617477,   35.516667,       14.42,
 139.621982,   35.516667,       13.92,
 139.626486,   35.516667,       13.39,
 139.630991,   35.516667,       12.84,
 139.635495,   35.516667,       12.28,
 139.640000,   35.516667,       11.71,
 139.644505,   35.516667,       11.17,
 139.649009,   35.516667,       10.65,
 139.653514,   35.516667,       10.17,
 139.658018,   35.516667,        9.73,
 139.662523,   35.516667,        9.38,
 139.667027,   35.516667,        9.30,
 139.671532,   35.516667,       10.05,
 139.676036,   35.516667,       11.70,
 139.680541,   35.516667,       13.24,
 139.685045,   35.516667,       14.65,
 139.689550,   35.516667,       15.94,
 139.694054,   35.516667,       17.19,
 139.698559,   35.516667,       18.38,
 139.703063,   35.516667,       19.44,
 139.707568,   35.516667,       20.33,
 139.712072,   35.516667,       21.19,
 139.716577,   35.516667,       22.08,
 139.721081,   35.516667,       22.99,
 139.725586,   35.516667,       23.90,
 139.730090,   35.516667,       24.72,
 139.734595,   35.516667,       25.46,
 139.739099,   35.516667,       26.05,
 139.743604,   35.516667,       26.43,
 139.748108,   35.516667,       26.62,
 139.752613,   35.516667,       27.51,
 139.757117,   35.516667,       31.01,
 139.761622,   35.516667,       37.42,
 139.766126,   35.516667,       43.60,
 139.770631,   35.516667,       42.31,
 139.775135,   35.516667,       41.01,
 139.779640,   35.516667,       40.15,
 139.784144,   35.516667,       40.14,
 139.788649,   35.516667,       42.97,
 139.793153,   35.516667,       45.86,
 139.797658,   35.516667,       45.39,
 139.802162,   35.516667,       45.98,
 139.806667,   35.516667,       47.28,
 139.811171,   35.516667,       48.65,
 139.815676,   35.516667,       49.92,
 139.820180,   35.516667,       50.99,
 139.824685,   35.516667,       51.86,
 139.829189,   35.516667,       52.61,
 139.833694,   35.516667,       53.22,
 139.838198,   35.516667,       53.79,
 139.842703,   35.516667,       54.33,
 139.847207,   35.516667,       54.87,
 139.851712,   35.516667,       55.40,
 139.856216,   35.516667,       55.93,
 139.860721,   35.516667,       56.46,
 139.865225,   35.516667,       56.98,
 139.869730,   35.516667,       57.50,
 139.874234,   35.516667,       57.96,
 139.878739,   35.516667,       58.40,
 139.883243,   35.516667,       58.84,
 139.887748,   35.516667,       59.26,
 139.892252,   35.516667,       59.61,
 139.896757,   35.516667,       59.95,
 139.901261,   35.516667,       60.30,
 139.905766,   35.516667,       60.63,
 139.910270,   35.516667,       60.92,
 139.914775,   35.516667,       61.15,
 139.919279,   35.516667,       61.37,
 139.923784,   35.516667,       61.58,
 139.928288,   35.516667,       61.74,
 139.932793,   35.516667,       61.88,
 139.937297,   35.516667,       62.02,
 139.941802,   35.516667,       62.16,
 139.946306,   35.516667,       62.25,
 139.950811,   35.516667,       62.32,
 139.955315,   35.516667,       62.40,
 139.959820,   35.516667,       62.46,
 139.964324,   35.516667,       62.53,
 139.968829,   35.516667,       62.59,
 139.973333,   35.516667,       62.66,
 139.977838,   35.516667,       62.78,
 139.982342,   35.516667,       62.95,
 139.986847,   35.516667,       63.14,
 139.991351,   35.516667,       63.35,
 139.995856,   35.516667,       63.55,
 140.000360,   35.516667,       63.77,
 140.004865,   35.516667,       63.85,
 140.009369,   35.516667,       63.85,
 140.013874,   35.516667,       63.81,
 140.018378,   35.516667,       63.59,
 140.022883,   35.516667,       63.34,
 140.027387,   35.516667,       63.21,
 140.031892,   35.516667,       63.33,
 140.036396,   35.516667,       63.34,
 140.040901,   35.516667,       63.11,
 140.045405,   35.516667,       62.32,
 140.049910,   35.516667,       61.58,
 140.054414,   35.516667,       60.82,
 140.058919,   35.516667,       60.29,
 140.063423,   35.516667,       59.97,
 140.067928,   35.516667,       59.76,
 140.072432,   35.516667,       59.60,
 140.076937,   35.516667,       59.49,
 140.081441,   35.516667,       59.40,
 140.085946,   35.516667,       59.33,
 140.090450,   35.516667,       59.29,
 140.094955,   35.516667,       59.34,
 140.099459,   35.516667,       59.42,
 140.103964,   35.516667,       59.57,
 140.108468,   35.516667,       59.77,
 140.112973,   35.516667,       59.97,
 140.117477,   35.516667,       60.17,
 140.121982,   35.516667,       60.36,
 140.126486,   35.516667,       60.54,
 140.130991,   35.516667,       60.73,
 140.135495,   35.516667,       60.91,
 140.140000,   35.516667,       61.10,
 140.144505,   35.516667,       61.28,
 140.149009,   35.516667,       61.47,
 140.153514,   35.516667,       61.66,
 140.158018,   35.516667,       61.85,
 140.162523,   35.516667,       62.05,
 140.167027,   35.516667,       62.30,
 140.171532,   35.516667,       62.67,
 140.176036,   35.516667,       63.04,
 140.180541,   35.516667,       63.41,
 140.185045,   35.516667,       63.77,
 140.189550,   35.516667,       64.14,
 140.194054,   35.516667,       64.50,
 140.198559,   35.516667,       64.86,
 140.203063,   35.516667,       65.21,
 140.207568,   35.516667,       65.57,
 140.212072,   35.516667,       65.92,
 140.216577,   35.516667,       66.27,
 140.221081,   35.516667,       66.62,
 140.225586,   35.516667,       66.96,
 140.230090,   35.516667,       67.31,
 140.234595,   35.516667,       67.65,
 140.239099,   35.516667,       67.98,
 140.243604,   35.516667,       68.32,
 140.248108,   35.516667,       68.65,
 140.252613,   35.516667,       68.99,
 140.257117,   35.516667,       69.32,
 140.261622,   35.516667,       69.64,
 140.266126,   35.516667,       69.97,
 140.270631,   35.516667,       70.29,
 140.275135,   35.516667,       70.61,
 140.279640,   35.516667,       70.93,
 140.284144,   35.516667,       71.25,
 140.288649,   35.516667,       71.56,
 140.293153,   35.516667,       71.87,
 140.297658,   35.516667,       72.18,
 140.302162,   35.516667,       72.49,
 140.306667,   35.516667,       72.79,
 140.311171,   35.516667,       73.09,
 140.315676,   35.516667,       73.39,
 140.320180,   35.516667,       73.69,
 140.324685,   35.516667,       73.99,
 140.329189,   35.516667,       74.28,
 140.333694,   35.516667,       74.57,
 140.338198,   35.516667,       74.86,
 140.342703,   35.516667,       75.15,
 140.347207,   35.516667,       75.43,
 140.351712,   35.516667,       75.72,
 140.356216,   35.516667,       76.00,
 140.360721,   35.516667,       76.27,
 140.365225,   35.516667,       76.55,
 140.369730,   35.516667,       76.82,
 140.374234,   35.516667,       77.09,
 140.378739,   35.516667,       77.36,
 140.383243,   35.516667,       77.63,
 140.387748,   35.516667,       77.89,
 139.140000,   35.521171,       12.28,
 139.144505,   35.521171,       11.01,
 139.149009,   35.521171,        9.76,
 139.153514,   35.521171,        8.54,
 139.158018,   35.521171,        7.35,
 139.162523,   35.521171,        6.19,
 139.167027,   35.521171,        5.06,
 139.171532,   35.521171,        3.95,
 139.176036,   35.521171,        2.88,
 139.180541,   35.521171,        1.83,
 139.185045,   35.521171,        0.81,
 139.189550,   35.521171,       -0.17,
 139.194054,   35.521171,       -1.13,
 139.198559,   35.521171,       -2.06,
 139.203063,   35.521171,       -2.97,
 139.207568,   35.521171,       -3.84,
 139.212072,   35.521171,       -4.68,
 139.216577,   35.521171,       -5.50,
 139.221081,   35.521171,       -6.28,
 139.225586,   35.521171,       -7.04,
 139.230090,   35.521171,       -7.77,
 139.234595,   35.521171,       -8.47,
 139.239099,   35.521171,       -9.14,
 139.243604,   35.521171,       -9.78,
 139.248108,   35.521171,      -10.40,
 139.252613,   35.521171,      -10.98,
 139.257117,   35.521171,      -11.54,
 139.261622,   35.521171,      -12.07,
 139.266126,   35.521171,      -12.56,
 139.270631,   35.521171,      -13.03,
 139.275135,   35.521171,      -13.47,
 139.279640,   35.521171,      -13.89,
 139.284144,   35.521171,      -14.27,
 139.288649,   35.521171,      -14.62,
 139.293153,   35.521171,      -14.95,
 139.297658,   35.521171,      -15.24,
 139.302162,   35.521171,      -15.51,
 139.306667,   35.521171,      -15.75,
 139.311171,   35.521171,      -15.96,
 139.315676,   35.521171,      -16.14,
 139.320180,   35.521171,      -16.29,
 139.324685,   35.521171,      -16.42,
 139.329189,   35.521171,      -16.51,
 139.333694,   35.521171,      -16.58,
 139.338198,   35.521171,      -16.61,
 139.342703,   35.521171,      -16.62,
 139.347207,   35.521171,      -16.60,
 139.351712,   35.521171,      -16.55,
 139.356216,   35.521171,      -16.47,
 139.360721,   35.521171,      -16.37,
 139.365225,   35.521171,      -16.23,
 139.369730,   35.521171,      -16.06,
 139.374234,   35.521171,      -15.87,
 139.378739,   35.521171,      -15.65,
 139.383243,   35.521171,      -15.40,
 139.387748,   35.521171,      -15.12,
 139.392252,   35.521171,      -14.81,
 139.396757,   35.521171,      -14.47,
 139.401261,   35.521171,      -14.10,
 139.405766,   35.521171,      -13.71,
 139.410270,   35.521171,      -13.28,
 139.414775,   35.521171,      -12.83,
 139.419279,   35.521171,      -12.35,
 139.423784,   35.521171,      -11.84,
 139.428288,   35.521171,      -11.30,
 139.432793,   35.521171,      -10.73,
 139.437297,   35.521171,      -10.13,
 139.441802,   35.521171,       -9.51,
 139.446306,   35.521171,       -8.85,
 139.450811,   35.521171,       -8.17,
 139.455315,   35.521171,       -7.45,
 139.459820,   35.521171,       -6.71,
 139.464324,   35.521171,       -5.94,
 139.468829,   35.521171,       -5.14,
 139.473333,   35.521171,       -4.32,
 139.477838,   35.521171,       -3.46,
 139.482342,   35.521171,       -2.57,
 139.486847,   35.521171,       -1.66,
 139.491351,   35.521171,       -0.72,
 139.495856,   35.521171,        0.26,
 139.500360,   35.521171,        1.26,
 139.504865,   35.521171,        2.29,
 139.509369,   35.521171,        3.35,
 139.513874,   35.521171,        4.43,
 139.518378,   35.521171,        5.55,
 139.522883,   35.521171,        6.69,
 139.527387,   35.521171,        7.87,
 139.531892,   35.521171,        9.07,
 139.536396,   35.521171,       10.30,
 139.540901,   35.521171,       11.56,
 139.545405,   35.521171,       12.85,
 139.549910,   35.521171,       14.17,
 139.554414,   35.521171,       15.52,
 139.558919,   35.521171,       16.89,
 139.563423,   35.521171,       18.30,
 139.567928,   35.521171,       18.65,
 139.572432,   35.521171,       18.25,
 139.576937,   35.521171,       17.89,
 139.581441,   35.521171,       17.56,
 139.585946,   35.521171,       17.21,
 139.590450,   35.521171,       16.86,
 139.594955,   35.521171,       16.48,
 139.599459,   35.521171,       16.10,
 139.603964,   35.521171,       15.69,
 139.608468,   35.521171,       15.28,
 139.612973,   35.521171,       14.84,
 139.617477,   35.521171,       14.39,
 139.621982,   35.521171,       13.92,
 139.626486,   35.521171,       13.42,
 139.630991,   35.521171,       12.91,
 139.635495,   35.521171,       12.39,
 139.640000,   35.521171,       11.85,
 139.644505,   35.521171,       11.34,
 139.649009,   35.521171,       10.85,
 139.653514,   35.521171,       10.38,
 139.658018,   35.521171,        9.95,
 139.662523,   35.521171,        9.56,
 139.667027,   35.521171,        9.30,
 139.671532,   35.521171,        9.37,
 139.676036,   35.521171,       10.42,
 139.680541,   35.521171,       12.10,
 139.685045,   35.521171,       13.67,
 139.689550,   35.521171,       15.10,
 139.694054,   35.521171,       16.41,
 139.698559,   35.521171,       17.66,
 139.703063,   35.521171,       18.82,
 139.707568,   35.521171,       19.85,
 139.712072,   35.521171,       20.64,
 139.716577,   35.521171,       21.38,
 139.721081,   35.521171,       22.11,
 139.725586,   35.521171,       22.84,
 139.730090,   35.521171,       23.52,
 139.734595,   35.521171,       24.07,
 139.739099,   35.521171,       24.44,
 139.743604,   35.521171,       24.60,
 139.748108,   35.521171,       24.46,
 139.752613,   35.521171,       24.47,
 139.757117,   35.521171,       26.64,
 139.761622,   35.521171,       32.24,
 139.766126,   35.521171,       39.13,
 139.770631,   35.521171,       41.01,
 139.775135,   35.521171,       38.57,
 139.779640,   35.521171,       37.32,
 139.784144,   35.521171,       37.24,
 139.788649,   35.521171,       38.97,
 139.793153,   35.521171,       41.62,
 139.797658,   35.521171,       42.50,
 139.802162,   35.521171,       43.92,
 139.806667,   35.521171,       45.68,
 139.811171,   35.521171,       47.32,
 139.815676,   35.521171,       48.96,
 139.820180,   35.521171,       50.01,
 139.824685,   35.521171,       51.01,
 139.829189,   35.521171,       51.85,
 139.833694,   35.521171,       52.43,
 139.838198,   35.521171,       52.99,
 139.842703,   35.521171,       53.55,
 139.847207,   35.521171,       54.09,
 139.851712,   35.521171,       54.63,
 139.856216,   35.521171,       55.17,
 139.860721,   35.521171,       55.70,
 139.865225,   35.521171,       56.24,
 139.869730,   35.521171,       56.76,
 139.874234,   35.521171,       57.23,
 139.878739,   35.521171,       57.68,
 139.883243,   35.521171,       58.14,
 139.887748,   35.521171,       58.59,
 139.892252,   35.521171,       58.93,
 139.896757,   35.521171,       59.28,
 139.901261,   35.521171,       59.63,
 139.905766,   35.521171,       59.96,
 139.910270,   35.521171,       60.26,
 139.914775,   35.521171,       60.53,
 139.919279,   35.521171,       60.80,
 139.923784,   35.521171,       61.07,
 139.928288,   35.521171,       61.23,
 139.932793,   35.521171,       61.37,
 139.937297,   35.521171,       61.51,
 139.941802,   35.521171,       61.65,
 139.946306,   35.521171,       61.77,
 139.950811,   35.521171,       61.88,
 139.955315,   35.521171,       61.99,
 139.959820,   35.521171,       62.12,
 139.964324,   35.521171,       62.16,
 139.968829,   35.521171,       62.23,
 139.973333,   35.521171,       62.31,
 139.977838,   35.521171,       62.43,
 139.982342,   35.521171,       62.61,
 139.986847,   35.521171,       62.80,
 139.991351,   35.521171,       62.99,
 139.995856,   35.521171,       63.19,
 140.000360,   35.521171,       63.39,
 140.004865,   35.521171,       63.55,
 140.009369,   35.521171,       63.59,
 140.013874,   35.521171,       63.63,
 140.018378,   35.521171,       63.55,
 140.022883,   35.521171,       63.39,
 140.027387,   35.521171,       63.17,
 140.031892,   35.521171,       63.36,
 140.036396,   35.521171,       63.55,
 140.040901,   35.521171,       63.59,
 140.045405,   35.521171,       62.64,
 140.049910,   35.521171,       61.66,
 140.054414,   35.521171,       60.85,
 140.058919,   35.521171,       60.31,
 140.063423,   35.521171,       60.07,
 140.067928,   35.521171,       59.87,
 140.072432,   35.521171,       59.73,
 140.076937,   35.521171,       59.62,
 140.081441,   35.521171,       59.54,
 140.085946,   35.521171,       59.47,
 140.090450,   35.521171,       59.42,
 140.094955,   35.521171,       59.47,
 140.099459,   35.521171,       59.58,
 140.103964,   35.521171,       59.74,
 140.108468,   35.521171,       59.96,
 140.112973,   35.521171,       60.19,
 140.117477,   35.521171,       60.40,
 140.121982,   35.521171,       60.60,
 140.126486,   35.521171,       60.79,
 140.130991,   35.521171,       60.99,
 140.135495,   35.521171,       61.19,
 140.140000,   35.521171,       61.38,
 140.144505,   35.521171,       61.58,
 140.149009,   35.521171,       61.78,
 140.153514,   35.521171,       61.98,
 140.158018,   35.521171,       62.18,
 140.162523,   35.521171,       62.39,
 140.167027,   35.521171,       62.76,
 140.171532,   35.521171,       63.13,
 140.176036,   35.521171,       63.50,
 140.180541,   35.521171,       63.87,
 140.185045,   35.521171,       64.24,
 140.189550,   35.521171,       64.60,
 140.194054,   35.521171,       64.97,
 140.198559,   35.521171,       65.33,
 140.203063,   35.521171,       65.68,
 140.207568,   35.521171,       66.04,
 140.212072,   35.521171,       66.39,
 140.216577,   35.521171,       66.74,
 140.221081,   35.521171,       67.09,
 140.225586,   35.521171,       67.44,
 140.230090,   35.521171,       67.78,
 140.234595,   35.521171,       68.12,
 140.239099,   35.521171,       68.46,
 140.243604,   35.521171,       68.80,
 140.248108,   35.521171,       69.13,
 140.252613,   35.521171,       69.47,
 140.257117,   35.521171,       69.80,
 140.261622,   35.521171,       70.12,
 140.266126,   35.521171,       70.45,
 140.270631,   35.521171,       70.77,
 140.275135,   35.521171,       71.09,
 140.279640,   35.521171,       71.41,
 140.284144,   35.521171,       71.73,
 140.288649,   35.521171,       72.05,
 140.293153,   35.521171,       72.36,
 140.297658,   35.521171,       72.67,
 140.302162,   35.521171,       72.98,
 140.306667,   35.521171,       73.28,
 140.311171,   35.521171,       73.58,
 140.315676,   35.521171,       73.89,
 140.320180,   35.521171,       74.18,
 140.324685,   35.521171,       74.48,
 140.329189,   35.521171,       74.78,
 140.333694,   35.521171,       75.07,
 140.338198,   35.521171,       75.36,
 140.342703,   35.521171,       75.65,
 140.347207,   35.521171,       75.93,
 140.351712,   35.521171,       76.21,
 140.356216,   35.521171,       76.50,
 140.360721,   35.521171,       76.77,
 140.365225,   35.521171,       77.05,
 140.369730,   35.521171,       77.32,
 140.374234,   35.521171,       77.60,
 140.378739,   35.521171,       77.87,
 140.383243,   35.521171,       78.13,
 140.387748,   35.521171,       78.40,
 139.140000,   35.525676,       10.60,
 139.144505,   35.525676,        9.31,
 139.149009,   35.525676,        8.05,
 139.153514,   35.525676,        6.82,
 139.158018,   35.525676,        5.62,
 139.162523,   35.525676,        4.44,
 139.167027,   35.525676,        3.30,
 139.171532,   35.525676,        2.18,
 139.176036,   35.525676,        1.10,
 139.180541,   35.525676,        0.04,
 139.185045,   35.525676,       -0.99,
 139.189550,   35.525676,       -1.99,
 139.194054,   35.525676,       -2.96,
 139.198559,   35.525676,       -3.91,
 139.203063,   35.525676,       -4.82,
 139.207568,   35.525676,       -5.71,
 139.212072,   35.525676,       -6.56,
 139.216577,   35.525676,       -7.39,
 139.221081,   35.525676,       -8.19,
 139.225586,   35.525676,       -8.96,
 139.230090,   35.525676,       -9.70,
 139.234595,   35.525676,      -10.41,
 139.239099,   35.525676,      -11.09,
 139.243604,   35.525676,      -11.75,
 139.248108,   35.525676,      -12.37,
 139.252613,   35.525676,      -12.97,
 139.257117,   35.525676,      -13.54,
 139.261622,   35.525676,      -14.08,
 139.266126,   35.525676,      -14.59,
 139.270631,   35.525676,      -15.07,
 139.275135,   35.525676,      -15.52,
 139.279640,   35.525676,      -15.95,
 139.284144,   35.525676,      -16.34,
 139.288649,   35.525676,      -16.71,
 139.293153,   35.525676,      -17.05,
 139.297658,   35.525676,      -17.35,
 139.302162,   35.525676,      -17.63,
 139.306667,   35.525676,      -17.88,
 139.311171,   35.525676,      -18.11,
 139.315676,   35.525676,      -18.30,
 139.320180,   35.525676,      -18.46,
 139.324685,   35.525676,      -18.60,
 139.329189,   35.525676,      -18.71,
 139.333694,   35.525676,      -18.78,
 139.338198,   35.525676,      -18.83,
 139.342703,   35.525676,      -18.85,
 139.347207,   35.525676,      -18.84,
 139.351712,   35.525676,      -18.81,
 139.356216,   35.525676,      -18.74,
 139.360721,   35.525676,      -18.65,
 139.365225,   35.525676,      -18.52,
 139.369730,   35.525676,      -18.37,
 139.374234,   35.525676,      -18.19,
 139.378739,   35.525676,      -17.98,
 139.383243,   35.525676,      -17.74,
 139.387748,   35.525676,      -17.47,
 139.392252,   35.525676,      -17.17,
 139.396757,   35.525676,      -16.85,
 139.401261,   35.525676,      -16.49,
 139.405766,   35.525676,      -16.11,
 139.410270,   35.525676,      -15.70,
 139.414775,   35.525676,      -15.26,
 139.419279,   35.525676,      -14.79,
 139.423784,   35.525676,      -14.29,
 139.428288,   35.525676,      -13.76,
 139.432793,   35.525676,      -13.20,
 139.437297,   35.525676,      -12.62,
 139.441802,   35.525676,      -12.01,
 139.446306,   35.525676,      -11.36,
 139.450811,   35.525676,      -10.69,
 139.455315,   35.525676,       -9.99,
 139.459820,   35.525676,       -9.26,
 139.464324,   35.525676,       -8.50,
 139.468829,   35.525676,       -7.72,
 139.473333,   35.525676,       -6.90,
 139.477838,   35.525676,       -6.06,
 139.482342,   35.525676,       -5.18,
 139.486847,   35.525676,       -4.28,
 139.491351,   35.525676,       -3.35,
 139.495856,   35.525676,       -2.39,
 139.500360,   35.525676,       -1.40,
 139.504865,   35.525676,       -0.38,
 139.509369,   35.525676,        0.66,
 139.513874,   35.525676,        1.74,
 139.518378,   35.525676,        2.84,
 139.522883,   35.525676,        3.98,
 139.527387,   35.525676,        5.14,
 139.531892,   35.525676,        6.33,
 139.536396,   35.525676,        7.55,
 139.540901,   35.525676,        8.80,
 139.545405,   35.525676,       10.07,
 139.549910,   35.525676,       11.38,
 139.554414,   35.525676,       12.71,
 139.558919,   35.525676,       14.08,
 139.563423,   35.525676,       15.47,
 139.567928,   35.525676,       16.89,
 139.572432,   35.525676,       18.21,
 139.576937,   35.525676,       17.78,
 139.581441,   35.525676,       17.39,
 139.585946,   35.525676,       17.05,
 139.590450,   35.525676,       16.70,
 139.594955,   35.525676,       16.35,
 139.599459,   35.525676,       15.97,
 139.603964,   35.525676,       15.59,
 139.608468,   35.525676,       15.19,
 139.612973,   35.525676,       14.78,
 139.617477,   35.525676,       14.34,
 139.621982,   35.525676,       13.90,
 139.626486,   35.525676,       13.43,
 139.630991,   35.525676,       12.95,
 139.635495,   35.525676,       12.46,
 139.640000,   35.525676,       11.96,
 139.644505,   35.525676,       11.47,
 139.649009,   35.525676,       11.00,
 139.653514,   35.525676,       10.55,
 139.658018,   35.525676,       10.12,
 139.662523,   35.525676,        9.72,
 139.667027,   35.525676,        9.39,
 139.671532,   35.525676,        9.23,
 139.676036,   35.525676,        9.47,
 139.680541,   35.525676,       10.79,
 139.685045,   35.525676,       12.50,
 139.689550,   35.525676,       14.10,
 139.694054,   35.525676,       15.54,
 139.698559,   35.525676,       16.85,
 139.703063,   35.525676,       18.10,
 139.707568,   35.525676,       19.25,
 139.712072,   35.525676,       20.23,
 139.716577,   35.525676,       20.90,
 139.721081,   35.525676,       21.47,
 139.725586,   35.525676,       22.02,
 139.730090,   35.525676,       22.53,
 139.734595,   35.525676,       22.88,
 139.739099,   35.525676,       23.02,
 139.743604,   35.525676,       22.89,
 139.748108,   35.525676,       22.35,
 139.752613,   35.525676,       21.55,
 139.757117,   35.525676,       22.16,
 139.761622,   35.525676,       26.62,
 139.766126,   35.525676,       32.01,
 139.770631,   35.525676,       35.37,
 139.775135,   35.525676,       34.30,
 139.779640,   35.525676,       33.45,
 139.784144,   35.525676,       33.52,
 139.788649,   35.525676,       35.02,
 139.793153,   35.525676,       36.98,
 139.797658,   35.525676,       38.31,
 139.802162,   35.525676,       40.58,
 139.806667,   35.525676,       44.02,
 139.811171,   35.525676,       46.37,
 139.815676,   35.525676,       48.03,
 139.820180,   35.525676,       49.17,
 139.824685,   35.525676,       50.21,
 139.829189,   35.525676,       51.06,
 139.833694,   35.525676,       51.65,
 139.838198,   35.525676,       52.22,
 139.842703,   35.525676,       52.77,
 139.847207,   35.525676,       53.32,
 139.851712,   35.525676,       53.87,
 139.856216,   35.525676,       54.41,
 139.860721,   35.525676,       54.95,
 139.865225,   35.525676,       55.50,
 139.869730,   35.525676,       56.03,
 139.874234,   35.525676,       56.49,
 139.878739,   35.525676,       56.95,
 139.883243,   35.525676,       57.41,
 139.887748,   35.525676,       57.85,
 139.892252,   35.525676,       58.23,
 139.896757,   35.525676,       58.60,
 139.901261,   35.525676,       58.96,
 139.905766,   35.525676,       59.30,
 139.910270,   35.525676,       59.60,
 139.914775,   35.525676,       59.88,
 139.919279,   35.525676,       60.16,
 139.923784,   35.525676,       60.45,
 139.928288,   35.525676,       60.66,
 139.932793,   35.525676,       60.82,
 139.937297,   35.525676,       60.98,
 139.941802,   35.525676,       61.14,
 139.946306,   35.525676,       61.26,
 139.950811,   35.525676,       61.38,
 139.955315,   35.525676,       61.49,
 139.959820,   35.525676,       61.60,
 139.964324,   35.525676,       61.70,
 139.968829,   35.525676,       61.80,
 139.973333,   35.525676,       61.92,
 139.977838,   35.525676,       62.05,
 139.982342,   35.525676,       62.23,
 139.986847,   35.525676,       62.41,
 139.991351,   35.525676,       62.59,
 139.995856,   35.525676,       62.78,
 140.000360,   35.525676,       63.01,
 140.004865,   35.525676,       63.23,
 140.009369,   35.525676,       63.33,
 140.013874,   35.525676,       63.43,
 140.018378,   35.525676,       63.58,
 140.022883,   35.525676,       63.58,
 140.027387,   35.525676,       63.58,
 140.031892,   35.525676,       63.69,
 140.036396,   35.525676,       63.81,
 140.040901,   35.525676,       64.06,
 140.045405,   35.525676,       63.39,
 140.049910,   35.525676,       62.06,
 140.054414,   35.525676,       60.97,
 140.058919,   35.525676,       60.09,
 140.063423,   35.525676,       59.63,
 140.067928,   35.525676,       59.70,
 140.072432,   35.525676,       59.70,
 140.076937,   35.525676,       59.66,
 140.081441,   35.525676,       59.61,
 140.085946,   35.525676,       59.57,
 140.090450,   35.525676,       59.54,
 140.094955,   35.525676,       59.58,
 140.099459,   35.525676,       59.71,
 140.103964,   35.525676,       59.90,
 140.108468,   35.525676,       60.14,
 140.112973,   35.525676,       60.40,
 140.117477,   35.525676,       60.62,
 140.121982,   35.525676,       60.84,
 140.126486,   35.525676,       61.05,
 140.130991,   35.525676,       61.26,
 140.135495,   35.525676,       61.47,
 140.140000,   35.525676,       61.68,
 140.144505,   35.525676,       61.89,
 140.149009,   35.525676,       62.10,
 140.153514,   35.525676,       62.31,
 140.158018,   35.525676,       62.52,
 140.162523,   35.525676,       62.85,
 140.167027,   35.525676,       63.23,
 140.171532,   35.525676,       63.60,
 140.176036,   35.525676,       63.97,
 140.180541,   35.525676,       64.34,
 140.185045,   35.525676,       64.71,
 140.189550,   35.525676,       65.07,
 140.194054,   35.525676,       65.44,
 140.198559,   35.525676,       65.80,
 140.203063,   35.525676,       66.15,
 140.207568,   35.525676,       66.51,
 140.212072,   35.525676,       66.86,
 140.216577,   35.525676,       67.22,
 140.221081,   35.525676,       67.56,
 140.225586,   35.525676,       67.91,
 140.230090,   35.525676,       68.26,
 140.234595,   35.525676,       68.60,
 140.239099,   35.525676,       68.94,
 140.243604,   35.525676,       69.28,
 140.248108,   35.525676,       69.61,
 140.252613,   35.525676,       69.95,
 140.257117,   35.525676,       70.28,
 140.261622,   35.525676,       70.61,
 140.266126,   35.525676,       70.93,
 140.270631,   35.525676,       71.26,
 140.275135,   35.525676,       71.58,
 140.279640,   35.525676,       71.90,
 140.284144,   35.525676,       72.22,
 140.288649,   35.525676,       72.53,
 140.293153,   35.525676,       72.85,
 140.297658,   35.525676,       73.16,
 140.302162,   35.525676,       73.47,
 140.306667,   35.525676,       73.77,
 140.311171,   35.525676,       74.08,
 140.315676,   35.525676,       74.38,
 140.320180,   35.525676,       74.68,
 140.324685,   35.525676,       74.98,
 140.329189,   35.525676,       75.27,
 140.333694,   35.525676,       75.57,
 140.338198,   35.525676,       75.86,
 140.342703,   35.525676,       76.14,
 140.347207,   35.525676,       76.43,
 140.351712,   35.525676,       76.71,
 140.356216,   35.525676,       77.00,
 140.360721,   35.525676,       77.28,
 140.365225,   35.525676,       77.55,
 140.369730,   35.525676,       77.83,
 140.374234,   35.525676,       78.10,
 140.378739,   35.525676,       78.37,
 140.383243,   35.525676,       78.64,
 140.387748,   35.525676,       78.91,
 139.140000,   35.530180,        8.89,
 139.144505,   35.530180,        7.58,
 139.149009,   35.530180,        6.31,
 139.153514,   35.530180,        5.07,
 139.158018,   35.530180,        3.85,
 139.162523,   35.530180,        2.67,
 139.167027,   35.530180,        1.51,
 139.171532,   35.530180,        0.38,
 139.176036,   35.530180,       -0.71,
 139.180541,   35.530180,       -1.78,
 139.185045,   35.530180,       -2.83,
 139.189550,   35.530180,       -3.84,
 139.194054,   35.530180,       -4.82,
 139.198559,   35.530180,       -5.78,
 139.203063,   35.530180,       -6.70,
 139.207568,   35.530180,       -7.60,
 139.212072,   35.530180,       -8.47,
 139.216577,   35.530180,       -9.31,
 139.221081,   35.530180,      -10.12,
 139.225586,   35.530180,      -10.90,
 139.230090,   35.530180,      -11.65,
 139.234595,   35.530180,      -12.38,
 139.239099,   35.530180,      -13.07,
 139.243604,   35.530180,      -13.74,
 139.248108,   35.530180,      -14.38,
 139.252613,   35.530180,      -14.99,
 139.257117,   35.530180,      -15.57,
 139.261622,   35.530180,      -16.12,
 139.266126,   35.530180,      -16.64,
 139.270631,   35.530180,      -17.14,
 139.275135,   35.530180,      -17.60,
 139.279640,   35.530180,      -18.04,
 139.284144,   35.530180,      -18.44,
 139.288649,   35.530180,      -18.82,
 139.293153,   35.530180,      -19.17,
 139.297658,   35.530180,      -19.49,
 139.302162,   35.530180,      -19.78,
 139.306667,   35.530180,      -20.05,
 139.311171,   35.530180,      -20.28,
 139.315676,   35.530180,      -20.49,
 139.320180,   35.530180,      -20.66,
 139.324685,   35.530180,      -20.81,
 139.329189,   35.530180,      -20.93,
 139.333694,   35.530180,      -21.02,
 139.338198,   35.530180,      -21.08,
 139.342703,   35.530180,      -21.11,
 139.347207,   35.530180,      -21.12,
 139.351712,   35.530180,      -21.09,
 139.356216,   35.530180,      -21.04,
 139.360721,   35.530180,      -20.96,
 139.365225,   35.530180,      -20.84,
 139.369730,   35.530180,      -20.70,
 139.374234,   35.530180,      -20.53,
 139.378739,   35.530180,      -20.34,
 139.383243,   35.530180,      -20.11,
 139.387748,   35.530180,      -19.85,
 139.392252,   35.530180,      -19.57,
 139.396757,   35.530180,      -19.25,
 139.401261,   35.530180,      -18.91,
 139.405766,   35.530180,      -18.54,
 139.410270,   35.530180,      -18.14,
 139.414775,   35.530180,      -17.71,
 139.419279,   35.530180,      -17.25,
 139.423784,   35.530180,      -16.77,
 139.428288,   35.530180,      -16.25,
 139.432793,   35.530180,      -15.71,
 139.437297,   35.530180,      -15.14,
 139.441802,   35.530180,      -14.53,
 139.446306,   35.530180,      -13.90,
 139.450811,   35.530180,      -13.24,
 139.455315,   35.530180,      -12.55,
 139.459820,   35.530180,      -11.84,
 139.464324,   35.530180,      -11.09,
 139.468829,   35.530180,      -10.32,
 139.473333,   35.530180,       -9.51,
 139.477838,   35.530180,       -8.68,
 139.482342,   35.530180,       -7.82,
 139.486847,   35.530180,       -6.93,
 139.491351,   35.530180,       -6.01,
 139.495856,   35.530180,       -5.06,
 139.500360,   35.530180,       -4.09,
 139.504865,   35.530180,       -3.08,
 139.509369,   35.530180,       -2.05,
 139.513874,   35.530180,       -0.98,
 139.518378,   35.530180,        0.11,
 139.522883,   35.530180,        1.23,
 139.527387,   35.530180,        2.38,
 139.531892,   35.530180,        3.56,
 139.536396,   35.530180,        4.76,
 139.540901,   35.530180,        6.00,
 139.545405,   35.530180,        7.27,
 139.549910,   35.530180,        8.56,
 139.554414,   35.530180,        9.88,
 139.558919,   35.530180,       11.23,
 139.563423,   35.530180,       12.61,
 139.567928,   35.530180,       14.02,
 139.572432,   35.530180,       15.46,
 139.576937,   35.530180,       16.93,
 139.581441,   35.530180,       17.33,
 139.585946,   35.530180,       16.92,
 139.590450,   35.530180,       16.55,
 139.594955,   35.530180,       16.20,
 139.599459,   35.530180,       15.84,
 139.603964,   35.530180,       15.47,
 139.608468,   35.530180,       15.09,
 139.612973,   35.530180,       14.69,
 139.617477,   35.530180,       14.28,
 139.621982,   35.530180,       13.86,
 139.626486,   35.530180,       13.42,
 139.630991,   35.530180,       12.96,
 139.635495,   35.530180,       12.50,
 139.640000,   35.530180,       12.02,
 139.644505,   35.530180,       11.56,
 139.649009,   35.530180,       11.10,
 139.653514,   35.530180,       10.67,
 139.658018,   35.530180,       10.24,
 139.662523,   35.530180,        9.85,
 139.667027,   35.530180,        9.50,
 139.671532,   35.530180,        9.24,
 139.676036,   35.530180,        9.18,
 139.680541,   35.530180,        9.61,
 139.685045,   35.530180,       11.17,
 139.689550,   35.530180,       12.91,
 139.694054,   35.530180,       14.53,
 139.698559,   35.530180,       15.98,
 139.703063,   35.530180,       17.28,
 139.707568,   35.530180,       18.52,
 139.712072,   35.530180,       19.65,
 139.716577,   35.530180,       20.56,
 139.721081,   35.530180,       21.08,
 139.725586,   35.530180,       21.45,
 139.730090,   35.530180,       21.76,
 139.734595,   35.530180,       21.93,
 139.739099,   35.530180,       21.82,
 139.743604,   35.530180,       21.35,
 139.748108,   35.530180,       20.36,
 139.752613,   35.530180,       18.72,
 139.757117,   35.530180,       17.74,
 139.761622,   35.530180,       20.83,
 139.766126,   35.530180,       24.72,
 139.770631,   35.530180,       27.53,
 139.775135,   35.530180,       28.22,
 139.779640,   35.530180,       28.43,
 139.784144,   35.530180,       29.28,
 139.788649,   35.530180,       31.73,
 139.793153,   35.530180,       33.62,
 139.797658,   35.530180,       34.50,
 139.802162,   35.530180,       37.52,
 139.806667,   35.530180,       42.44,
 139.811171,   35.530180,       46.24,
 139.815676,   35.530180,       47.42,
 139.820180,   35.530180,       48.47,
 139.824685,   35.530180,       49.51,
 139.829189,   35.530180,       50.26,
 139.833694,   35.530180,       50.88,
 139.838198,   35.530180,       51.46,
 139.842703,   35.530180,       52.02,
 139.847207,   35.530180,       52.56,
 139.851712,   35.530180,       53.10,
 139.856216,   35.530180,       53.65,
 139.860721,   35.530180,       54.20,
 139.865225,   35.530180,       54.75,
 139.869730,   35.530180,       55.29,
 139.874234,   35.530180,       55.76,
 139.878739,   35.530180,       56.23,
 139.883243,   35.530180,       56.69,
 139.887748,   35.530180,       57.12,
 139.892252,   35.530180,       57.51,
 139.896757,   35.530180,       57.90,
 139.901261,   35.530180,       58.28,
 139.905766,   35.530180,       58.64,
 139.910270,   35.530180,       58.93,
 139.914775,   35.530180,       59.22,
 139.919279,   35.530180,       59.51,
 139.923784,   35.530180,       59.79,
 139.928288,   35.530180,       60.03,
 139.932793,   35.530180,       60.22,
 139.937297,   35.530180,       60.41,
 139.941802,   35.530180,       60.62,
 139.946306,   35.530180,       60.73,
 139.950811,   35.530180,       60.83,
 139.955315,   35.530180,       60.95,
 139.959820,   35.530180,       61.06,
 139.964324,   35.530180,       61.18,
 139.968829,   35.530180,       61.30,
 139.973333,   35.530180,       61.42,
 139.977838,   35.530180,       61.56,
 139.982342,   35.530180,       61.74,
 139.986847,   35.530180,       61.94,
 139.991351,   35.530180,       62.16,
 139.995856,   35.530180,       62.38,
 140.000360,   35.530180,       62.61,
 140.004865,   35.530180,       62.87,
 140.009369,   35.530180,       63.09,
 140.013874,   35.530180,       63.28,
 140.018378,   35.530180,       63.55,
 140.022883,   35.530180,       63.66,
 140.027387,   35.530180,       63.73,
 140.031892,   35.530180,       63.73,
 140.036396,   35.530180,       63.70,
 140.040901,   35.530180,       63.89,
 140.045405,   35.530180,       64.06,
 140.049910,   35.530180,       62.94,
 140.054414,   35.530180,       61.36,
 140.058919,   35.530180,       60.22,
 140.063423,   35.530180,       59.31,
 140.067928,   35.530180,       58.92,
 140.072432,   35.530180,       59.20,
 140.076937,   35.530180,       59.43,
 140.081441,   35.530180,       59.54,
 140.085946,   35.530180,       59.57,
 140.090450,   35.530180,       59.59,
 140.094955,   35.530180,       59.65,
 140.099459,   35.530180,       59.81,
 140.103964,   35.530180,       60.03,
 140.108468,   35.530180,       60.31,
 140.112973,   35.530180,       60.60,
 140.117477,   35.530180,       60.85,
 140.121982,   35.530180,       61.08,
 140.126486,   35.530180,       61.31,
 140.130991,   35.530180,       61.53,
 140.135495,   35.530180,       61.76,
 140.140000,   35.530180,       61.98,
 140.144505,   35.530180,       62.21,
 140.149009,   35.530180,       62.43,
 140.153514,   35.530180,       62.65,
 140.158018,   35.530180,       62.94,
 140.162523,   35.530180,       63.31,
 140.167027,   35.530180,       63.69,
 140.171532,   35.530180,       64.07,
 140.176036,   35.530180,       64.44,
 140.180541,   35.530180,       64.81,
 140.185045,   35.530180,       65.18,
 140.189550,   35.530180,       65.54,
 140.194054,   35.530180,       65.91,
 140.198559,   35.530180,       66.27,
 140.203063,   35.530180,       66.63,
 140.207568,   35.530180,       66.98,
 140.212072,   35.530180,       67.34,
 140.216577,   35.530180,       67.69,
 140.221081,   35.530180,       68.04,
 140.225586,   35.530180,       68.39,
 140.230090,   35.530180,       68.74,
 140.234595,   35.530180,       69.08,
 140.239099,   35.530180,       69.42,
 140.243604,   35.530180,       69.76,
 140.248108,   35.530180,       70.10,
 140.252613,   35.530180,       70.43,
 140.257117,   35.530180,       70.76,
 140.261622,   35.530180,       71.09,
 140.266126,   35.530180,       71.42,
 140.270631,   35.530180,       71.74,
 140.275135,   35.530180,       72.07,
 140.279640,   35.530180,       72.39,
 140.284144,   35.530180,       72.71,
 140.288649,   35.530180,       73.02,
 140.293153,   35.530180,       73.34,
 140.297658,   35.530180,       73.65,
 140.302162,   35.530180,       73.96,
 140.306667,   35.530180,       74.27,
 140.311171,   35.530180,       74.57,
 140.315676,   35.530180,       74.88,
 140.320180,   35.530180,       75.18,
 140.324685,   35.530180,       75.47,
 140.329189,   35.530180,       75.77,
 140.333694,   35.530180,       76.06,
 140.338198,   35.530180,       76.36,
 140.342703,   35.530180,       76.65,
 140.347207,   35.530180,       76.93,
 140.351712,   35.530180,       77.22,
 140.356216,   35.530180,       77.50,
 140.360721,   35.530180,       77.78,
 140.365225,   35.530180,       78.06,
 140.369730,   35.530180,       78.33,
 140.374234,   35.530180,       78.61,
 140.378739,   35.530180,       78.88,
 140.383243,   35.530180,       79.15,
 140.387748,   35.530180,       79.42,
 139.140000,   35.534685,        7.14,
 139.144505,   35.534685,        5.83,
 139.149009,   35.534685,        4.55,
 139.153514,   35.534685,        3.29,
 139.158018,   35.534685,        2.06,
 139.162523,   35.534685,        0.87,
 139.167027,   35.534685,       -0.30,
 139.171532,   35.534685,       -1.44,
 139.176036,   35.534685,       -2.55,
 139.180541,   35.534685,       -3.64,
 139.185045,   35.534685,       -4.69,
 139.189550,   35.534685,       -5.71,
 139.194054,   35.534685,       -6.71,
 139.198559,   35.534685,       -7.68,
 139.203063,   35.534685,       -8.62,
 139.207568,   35.534685,       -9.53,
 139.212072,   35.534685,      -10.41,
 139.216577,   35.534685,      -11.26,
 139.221081,   35.534685,      -12.08,
 139.225586,   35.534685,      -12.87,
 139.230090,   35.534685,      -13.64,
 139.234595,   35.534685,      -14.38,
 139.239099,   35.534685,      -15.08,
 139.243604,   35.534685,      -15.76,
 139.248108,   35.534685,      -16.41,
 139.252613,   35.534685,      -17.03,
 139.257117,   35.534685,      -17.63,
 139.261622,   35.534685,      -18.19,
 139.266126,   35.534685,      -18.72,
 139.270631,   35.534685,      -19.23,
 139.275135,   35.534685,      -19.71,
 139.279640,   35.534685,      -20.16,
 139.284144,   35.534685,      -20.58,
 139.288649,   35.534685,      -20.97,
 139.293153,   35.534685,      -21.33,
 139.297658,   35.534685,      -21.66,
 139.302162,   35.534685,      -21.96,
 139.306667,   35.534685,      -22.24,
 139.311171,   35.534685,      -22.49,
 139.315676,   35.534685,      -22.70,
 139.320180,   35.534685,      -22.89,
 139.324685,   35.534685,      -23.05,
 139.329189,   35.534685,      -23.18,
 139.333694,   35.534685,      -23.29,
 139.338198,   35.534685,      -23.36,
 139.342703,   35.534685,      -23.40,
 139.347207,   35.534685,      -23.42,
 139.351712,   35.534685,      -23.41,
 139.356216,   35.534685,      -23.36,
 139.360721,   35.534685,      -23.29,
 139.365225,   35.534685,      -23.19,
 139.369730,   35.534685,      -23.07,
 139.374234,   35.534685,      -22.91,
 139.378739,   35.534685,      -22.72,
 139.383243,   35.534685,      -22.51,
 139.387748,   35.534685,      -22.26,
 139.392252,   35.534685,      -21.99,
 139.396757,   35.534685,      -21.69,
 139.401261,   35.534685,      -21.36,
 139.405766,   35.534685,      -21.00,
 139.410270,   35.534685,      -20.61,
 139.414775,   35.534685,      -20.20,
 139.419279,   35.534685,      -19.75,
 139.423784,   35.534685,      -19.28,
 139.428288,   35.534685,      -18.77,
 139.432793,   35.534685,      -18.24,
 139.437297,   35.534685,      -17.68,
 139.441802,   35.534685,      -17.09,
 139.446306,   35.534685,      -16.47,
 139.450811,   35.534685,      -15.82,
 139.455315,   35.534685,      -15.15,
 139.459820,   35.534685,      -14.44,
 139.464324,   35.534685,      -13.71,
 139.468829,   35.534685,      -12.95,
 139.473333,   35.534685,      -12.16,
 139.477838,   35.534685,      -11.34,
 139.482342,   35.534685,      -10.49,
 139.486847,   35.534685,       -9.61,
 139.491351,   35.534685,       -8.70,
 139.495856,   35.534685,       -7.77,
 139.500360,   35.534685,       -6.80,
 139.504865,   35.534685,       -5.81,
 139.509369,   35.534685,       -4.79,
 139.513874,   35.534685,       -3.73,
 139.518378,   35.534685,       -2.65,
 139.522883,   35.534685,       -1.55,
 139.527387,   35.534685,       -0.41,
 139.531892,   35.534685,        0.76,
 139.536396,   35.534685,        1.95,
 139.540901,   35.534685,        3.18,
 139.545405,   35.534685,        4.43,
 139.549910,   35.534685,        5.71,
 139.554414,   35.534685,        7.02,
 139.558919,   35.534685,        8.36,
 139.563423,   35.534685,        9.73,
 139.567928,   35.534685,       11.13,
 139.572432,   35.534685,       12.55,
 139.576937,   35.534685,       14.01,
 139.581441,   35.534685,       15.49,
 139.585946,   35.534685,       16.89,
 139.590450,   35.534685,       16.46,
 139.594955,   35.534685,       16.06,
 139.599459,   35.534685,       15.71,
 139.603964,   35.534685,       15.35,
 139.608468,   35.534685,       14.98,
 139.612973,   35.534685,       14.60,
 139.617477,   35.534685,       14.20,
 139.621982,   35.534685,       13.80,
 139.626486,   35.534685,       13.38,
 139.630991,   35.534685,       12.95,
 139.635495,   35.534685,       12.51,
 139.640000,   35.534685,       12.06,
 139.644505,   35.534685,       11.61,
 139.649009,   35.534685,       11.17,
 139.653514,   35.534685,       10.75,
 139.658018,   35.534685,       10.34,
 139.662523,   35.534685,        9.94,
 139.667027,   35.534685,        9.58,
 139.671532,   35.534685,        9.28,
 139.676036,   35.534685,        9.09,
 139.680541,   35.534685,        9.15,
 139.685045,   35.534685,        9.82,
 139.689550,   35.534685,       11.57,
 139.694054,   35.534685,       13.33,
 139.698559,   35.534685,       14.96,
 139.703063,   35.534685,       16.41,
 139.707568,   35.534685,       17.72,
 139.712072,   35.534685,       18.95,
 139.716577,   35.534685,       20.05,
 139.721081,   35.534685,       20.86,
 139.725586,   35.534685,       21.14,
 139.730090,   35.534685,       21.26,
 139.734595,   35.534685,       21.21,
 139.739099,   35.534685,       20.85,
 139.743604,   35.534685,       20.02,
 139.748108,   35.534685,       18.52,
 139.752613,   35.534685,       15.99,
 139.757117,   35.534685,       13.32,
 139.761622,   35.534685,       14.81,
 139.766126,   35.534685,       17.38,
 139.770631,   35.534685,       19.38,
 139.775135,   35.534685,       20.68,
 139.779640,   35.534685,       22.99,
 139.784144,   35.534685,       26.76,
 139.788649,   35.534685,       29.55,
 139.793153,   35.534685,       30.30,
 139.797658,   35.534685,       30.70,
 139.802162,   35.534685,       34.05,
 139.806667,   35.534685,       39.60,
 139.811171,   35.534685,       44.18,
 139.815676,   35.534685,       46.91,
 139.820180,   35.534685,       47.94,
 139.824685,   35.534685,       48.89,
 139.829189,   35.534685,       49.56,
 139.833694,   35.534685,       50.18,
 139.838198,   35.534685,       50.75,
 139.842703,   35.534685,       51.29,
 139.847207,   35.534685,       51.83,
 139.851712,   35.534685,       52.35,
 139.856216,   35.534685,       52.89,
 139.860721,   35.534685,       53.45,
 139.865225,   35.534685,       54.01,
 139.869730,   35.534685,       54.55,
 139.874234,   35.534685,       55.03,
 139.878739,   35.534685,       55.51,
 139.883243,   35.534685,       55.98,
 139.887748,   35.534685,       56.39,
 139.892252,   35.534685,       56.79,
 139.896757,   35.534685,       57.19,
 139.901261,   35.534685,       57.57,
 139.905766,   35.534685,       57.96,
 139.910270,   35.534685,       58.26,
 139.914775,   35.534685,       58.55,
 139.919279,   35.534685,       58.85,
 139.923784,   35.534685,       59.14,
 139.928288,   35.534685,       59.38,
 139.932793,   35.534685,       59.57,
 139.937297,   35.534685,       59.76,
 139.941802,   35.534685,       59.95,
 139.946306,   35.534685,       60.10,
 139.950811,   35.534685,       60.24,
 139.955315,   35.534685,       60.37,
 139.959820,   35.534685,       60.51,
 139.964324,   35.534685,       60.63,
 139.968829,   35.534685,       60.75,
 139.973333,   35.534685,       60.86,
 139.977838,   35.534685,       61.00,
 139.982342,   35.534685,       61.18,
 139.986847,   35.534685,       61.40,
 139.991351,   35.534685,       61.63,
 139.995856,   35.534685,       61.89,
 140.000360,   35.534685,       62.14,
 140.004865,   35.534685,       62.41,
 140.009369,   35.534685,       62.73,
 140.013874,   35.534685,       63.05,
 140.018378,   35.534685,       63.32,
 140.022883,   35.534685,       63.62,
 140.027387,   35.534685,       63.71,
 140.031892,   35.534685,       63.70,
 140.036396,   35.534685,       63.59,
 140.040901,   35.534685,       63.47,
 140.045405,   35.534685,       63.57,
 140.049910,   35.534685,       63.62,
 140.054414,   35.534685,       62.16,
 140.058919,   35.534685,       60.49,
 140.063423,   35.534685,       59.38,
 140.067928,   35.534685,       58.50,
 140.072432,   35.534685,       58.15,
 140.076937,   35.534685,       58.72,
 140.081441,   35.534685,       59.13,
 140.085946,   35.534685,       59.38,
 140.090450,   35.534685,       59.53,
 140.094955,   35.534685,       59.64,
 140.099459,   35.534685,       59.86,
 140.103964,   35.534685,       60.12,
 140.108468,   35.534685,       60.46,
 140.112973,   35.534685,       60.79,
 140.117477,   35.534685,       61.06,
 140.121982,   35.534685,       61.32,
 140.126486,   35.534685,       61.57,
 140.130991,   35.534685,       61.82,
 140.135495,   35.534685,       62.06,
 140.140000,   35.534685,       62.30,
 140.144505,   35.534685,       62.54,
 140.149009,   35.534685,       62.78,
 140.153514,   35.534685,       63.02,
 140.158018,   35.534685,       63.40,
 140.162523,   35.534685,       63.78,
 140.167027,   35.534685,       64.16,
 140.171532,   35.534685,       64.54,
 140.176036,   35.534685,       64.91,
 140.180541,   35.534685,       65.28,
 140.185045,   35.534685,       65.65,
 140.189550,   35.534685,       66.02,
 140.194054,   35.534685,       66.38,
 140.198559,   35.534685,       66.74,
 140.203063,   35.534685,       67.10,
 140.207568,   35.534685,       67.46,
 140.212072,   35.534685,       67.82,
 140.216577,   35.534685,       68.17,
 140.221081,   35.534685,       68.52,
 140.225586,   35.534685,       68.87,
 140.230090,   35.534685,       69.22,
 140.234595,   35.534685,       69.56,
 140.239099,   35.534685,       69.90,
 140.243604,   35.534685,       70.24,
 140.248108,   35.534685,       70.58,
 140.252613,   35.534685,       70.92,
 140.257117,   35.534685,       71.25,
 140.261622,   35.534685,       71.58,
 140.266126,   35.534685,       71.91,
 140.270631,   35.534685,       72.23,
 140.275135,   35.534685,       72.56,
 140.279640,   35.534685,       72.88,
 140.284144,   35.534685,       73.20,
 140.288649,   35.534685,       73.52,
 140.293153,   35.534685,       73.83,
 140.297658,   35.534685,       74.14,
 140.302162,   35.534685,       74.46,
 140.306667,   35.534685,       74.76,
 140.311171,   35.534685,       75.07,
 140.315676,   35.534685,       75.37,
 140.320180,   35.534685,       75.67,
 140.324685,   35.534685,       75.97,
 140.329189,   35.534685,       76.27,
 140.333694,   35.534685,       76.57,
 140.338198,   35.534685,       76.86,
 140.342703,   35.534685,       77.15,
 140.347207,   35.534685,       77.44,
 140.351712,   35.534685,       77.72,
 140.356216,   35.534685,       78.01,
 140.360721,   35.534685,       78.29,
 140.365225,   35.534685,       78.57,
 140.369730,   35.534685,       78.84,
 140.374234,   35.534685,       79.12,
 140.378739,   35.534685,       79.39,
 140.383243,   35.534685,       79.66,
 140.387748,   35.534685,       79.93,
 139.140000,   35.539189,        5.37,
 139.144505,   35.539189,        4.05,
 139.149009,   35.539189,        2.75,
 139.153514,   35.539189,        1.48,
 139.158018,   35.539189,        0.24,
 139.162523,   35.539189,       -0.97,
 139.167027,   35.539189,       -2.15,
 139.171532,   35.539189,       -3.30,
 139.176036,   35.539189,       -4.42,
 139.180541,   35.539189,       -5.52,
 139.185045,   35.539189,       -6.58,
 139.189550,   35.539189,       -7.62,
 139.194054,   35.539189,       -8.63,
 139.198559,   35.539189,       -9.61,
 139.203063,   35.539189,      -10.56,
 139.207568,   35.539189,      -11.48,
 139.212072,   35.539189,      -12.37,
 139.216577,   35.539189,      -13.24,
 139.221081,   35.539189,      -14.07,
 139.225586,   35.539189,      -14.88,
 139.230090,   35.539189,      -15.65,
 139.234595,   35.539189,      -16.40,
 139.239099,   35.539189,      -17.12,
 139.243604,   35.539189,      -17.81,
 139.248108,   35.539189,      -18.48,
 139.252613,   35.539189,      -19.11,
 139.257117,   35.539189,      -19.71,
 139.261622,   35.539189,      -20.29,
 139.266126,   35.539189,      -20.84,
 139.270631,   35.539189,      -21.35,
 139.275135,   35.539189,      -21.84,
 139.279640,   35.539189,      -22.30,
 139.284144,   35.539189,      -22.74,
 139.288649,   35.539189,      -23.14,
 139.293153,   35.539189,      -23.51,
 139.297658,   35.539189,      -23.86,
 139.302162,   35.539189,      -24.17,
 139.306667,   35.539189,      -24.46,
 139.311171,   35.539189,      -24.72,
 139.315676,   35.539189,      -24.95,
 139.320180,   35.539189,      -25.15,
 139.324685,   35.539189,      -25.32,
 139.329189,   35.539189,      -25.46,
 139.333694,   35.539189,      -25.58,
 139.338198,   35.539189,      -25.66,
 139.342703,   35.539189,      -25.72,
 139.347207,   35.539189,      -25.75,
 139.351712,   35.539189,      -25.75,
 139.356216,   35.539189,      -25.72,
 139.360721,   35.539189,      -25.66,
 139.365225,   35.539189,      -25.57,
 139.369730,   35.539189,      -25.46,
 139.374234,   35.539189,      -25.31,
 139.378739,   35.539189,      -25.14,
 139.383243,   35.539189,      -24.93,
 139.387748,   35.539189,      -24.70,
 139.392252,   35.539189,      -24.44,
 139.396757,   35.539189,      -24.15,
 139.401261,   35.539189,      -23.84,
 139.405766,   35.539189,      -23.49,
 139.410270,   35.539189,      -23.11,
 139.414775,   35.539189,      -22.71,
 139.419279,   35.539189,      -22.28,
 139.423784,   35.539189,      -21.81,
 139.428288,   35.539189,      -21.32,
 139.432793,   35.539189,      -20.80,
 139.437297,   35.539189,      -20.25,
 139.441802,   35.539189,      -19.68,
 139.446306,   35.539189,      -19.07,
 139.450811,   35.539189,      -18.43,
 139.455315,   35.539189,      -17.77,
 139.459820,   35.539189,      -17.08,
 139.464324,   35.539189,      -16.36,
 139.468829,   35.539189,      -15.61,
 139.473333,   35.539189,      -14.83,
 139.477838,   35.539189,      -14.02,
 139.482342,   35.539189,      -13.18,
 139.486847,   35.539189,      -12.32,
 139.491351,   35.539189,      -11.42,
 139.495856,   35.539189,      -10.50,
 139.500360,   35.539189,       -9.54,
 139.504865,   35.539189,       -8.56,
 139.509369,   35.539189,       -7.55,
 139.513874,   35.539189,       -6.52,
 139.518378,   35.539189,       -5.45,
 139.522883,   35.539189,       -4.35,
 139.527387,   35.539189,       -3.23,
 139.531892,   35.539189,       -2.07,
 139.536396,   35.539189,       -0.89,
 139.540901,   35.539189,        0.32,
 139.545405,   35.539189,        1.56,
 139.549910,   35.539189,        2.83,
 139.554414,   35.539189,        4.13,
 139.558919,   35.539189,        5.46,
 139.563423,   35.539189,        6.81,
 139.567928,   35.539189,        8.20,
 139.572432,   35.539189,        9.61,
 139.576937,   35.539189,       11.05,
 139.581441,   35.539189,       12.53,
 139.585946,   35.539189,       14.03,
 139.590450,   35.539189,       15.56,
 139.594955,   35.539189,       16.01,
 139.599459,   35.539189,       15.59,
 139.603964,   35.539189,       15.22,
 139.608468,   35.539189,       14.86,
 139.612973,   35.539189,       14.49,
 139.617477,   35.539189,       14.11,
 139.621982,   35.539189,       13.72,
 139.626486,   35.539189,       13.32,
 139.630991,   35.539189,       12.91,
 139.635495,   35.539189,       12.49,
 139.640000,   35.539189,       12.06,
 139.644505,   35.539189,       11.64,
 139.649009,   35.539189,       11.22,
 139.653514,   35.539189,       10.80,
 139.658018,   35.539189,       10.40,
 139.662523,   35.539189,       10.01,
 139.667027,   35.539189,        9.64,
 139.671532,   35.539189,        9.32,
 139.676036,   35.539189,        9.07,
 139.680541,   35.539189,        8.96,
 139.685045,   35.539189,        9.16,
 139.689550,   35.539189,       10.12,
 139.694054,   35.539189,       11.99,
 139.698559,   35.539189,       13.77,
 139.703063,   35.539189,       15.41,
 139.707568,   35.539189,       16.85,
 139.712072,   35.539189,       18.17,
 139.716577,   35.539189,       19.39,
 139.721081,   35.539189,       20.44,
 139.725586,   35.539189,       21.08,
 139.730090,   35.539189,       21.05,
 139.734595,   35.539189,       20.79,
 139.739099,   35.539189,       20.18,
 139.743604,   35.539189,       18.99,
 139.748108,   35.539189,       16.90,
 139.752613,   35.539189,       13.37,
 139.757117,   35.539189,        8.80,
 139.761622,   35.539189,        7.97,
 139.766126,   35.539189,        9.87,
 139.770631,   35.539189,       12.80,
 139.775135,   35.539189,       16.33,
 139.779640,   35.539189,       20.01,
 139.784144,   35.539189,       24.20,
 139.788649,   35.539189,       28.05,
 139.793153,   35.539189,       29.91,
 139.797658,   35.539189,       30.78,
 139.802162,   35.539189,       33.12,
 139.806667,   35.539189,       38.02,
 139.811171,   35.539189,       41.81,
 139.815676,   35.539189,       44.72,
 139.820180,   35.539189,       47.52,
 139.824685,   35.539189,       48.37,
 139.829189,   35.539189,       49.02,
 139.833694,   35.539189,       49.59,
 139.838198,   35.539189,       50.11,
 139.842703,   35.539189,       50.62,
 139.847207,   35.539189,       51.16,
 139.851712,   35.539189,       51.72,
 139.856216,   35.539189,       52.28,
 139.860721,   35.539189,       52.81,
 139.865225,   35.539189,       53.32,
 139.869730,   35.539189,       53.82,
 139.874234,   35.539189,       54.30,
 139.878739,   35.539189,       54.78,
 139.883243,   35.539189,       55.25,
 139.887748,   35.539189,       55.68,
 139.892252,   35.539189,       56.08,
 139.896757,   35.539189,       56.48,
 139.901261,   35.539189,       56.86,
 139.905766,   35.539189,       57.24,
 139.910270,   35.539189,       57.58,
 139.914775,   35.539189,       57.89,
 139.919279,   35.539189,       58.18,
 139.923784,   35.539189,       58.48,
 139.928288,   35.539189,       58.72,
 139.932793,   35.539189,       58.90,
 139.937297,   35.539189,       59.09,
 139.941802,   35.539189,       59.27,
 139.946306,   35.539189,       59.44,
 139.950811,   35.539189,       59.59,
 139.955315,   35.539189,       59.75,
 139.959820,   35.539189,       59.90,
 139.964324,   35.539189,       60.03,
 139.968829,   35.539189,       60.15,
 139.973333,   35.539189,       60.28,
 139.977838,   35.539189,       60.42,
 139.982342,   35.539189,       60.60,
 139.986847,   35.539189,       60.83,
 139.991351,   35.539189,       61.08,
 139.995856,   35.539189,       61.35,
 140.000360,   35.539189,       61.61,
 140.004865,   35.539189,       61.91,
 140.009369,   35.539189,       62.26,
 140.013874,   35.539189,       62.66,
 140.018378,   35.539189,       62.98,
 140.022883,   35.539189,       63.28,
 140.027387,   35.539189,       63.46,
 140.031892,   35.539189,       63.49,
 140.036396,   35.539189,       63.50,
 140.040901,   35.539189,       63.30,
 140.045405,   35.539189,       63.00,
 140.049910,   35.539189,       62.84,
 140.054414,   35.539189,       62.64,
 140.058919,   35.539189,       60.57,
 140.063423,   35.539189,       59.22,
 140.067928,   35.539189,       58.33,
 140.072432,   35.539189,       57.64,
 140.076937,   35.539189,       57.29,
 140.081441,   35.539189,       58.26,
 140.085946,   35.539189,       58.89,
 140.090450,   35.539189,       59.27,
 140.094955,   35.539189,       59.53,
 140.099459,   35.539189,       59.84,
 140.103964,   35.539189,       60.17,
 140.108468,   35.539189,       60.58,
 140.112973,   35.539189,       60.97,
 140.117477,   35.539189,       61.28,
 140.121982,   35.539189,       61.56,
 140.126486,   35.539189,       61.84,
 140.130991,   35.539189,       62.11,
 140.135495,   35.539189,       62.37,
 140.140000,   35.539189,       62.63,
 140.144505,   35.539189,       62.88,
 140.149009,   35.539189,       63.14,
 140.153514,   35.539189,       63.49,
 140.158018,   35.539189,       63.87,
 140.162523,   35.539189,       64.25,
 140.167027,   35.539189,       64.63,
 140.171532,   35.539189,       65.01,
 140.176036,   35.539189,       65.38,
 140.180541,   35.539189,       65.75,
 140.185045,   35.539189,       66.12,
 140.189550,   35.539189,       66.49,
 140.194054,   35.539189,       66.86,
 140.198559,   35.539189,       67.22,
 140.203063,   35.539189,       67.58,
 140.207568,   35.539189,       67.94,
 140.212072,   35.539189,       68.30,
 140.216577,   35.539189,       68.65,
 140.221081,   35.539189,       69.00,
 140.225586,   35.539189,       69.35,
 140.230090,   35.539189,       69.70,
 140.234595,   35.539189,       70.05,
 140.239099,   35.539189,       70.39,
 140.243604,   35.539189,       70.73,
 140.248108,   35.539189,       71.07,
 140.252613,   35.539189,       71.40,
 140.257117,   35.539189,       71.74,
 140.261622,   35.539189,       72.07,
 140.266126,   35.539189,       72.40,
 140.270631,   35.539189,       72.73,
 140.275135,   35.539189,       73.05,
 140.279640,   35.539189,       73.37,
 140.284144,   35.539189,       73.69,
 140.288649,   35.539189,       74.01,
 140.293153,   35.539189,       74.33,
 140.297658,   35.539189,       74.64,
 140.302162,   35.539189,       74.95,
 140.306667,   35.539189,       75.26,
 140.311171,   35.539189,       75.57,
 140.315676,   35.539189,       75.87,
 140.320180,   35.539189,       76.18,
 140.324685,   35.539189,       76.48,
 140.329189,   35.539189,       76.77,
 140.333694,   35.539189,       77.07,
 140.338198,   35.539189,       77.36,
 140.342703,   35.539189,       77.65,
 140.347207,   35.539189,       77.94,
 140.351712,   35.539189,       78.23,
 140.356216,   35.539189,       78.51,
 140.360721,   35.539189,       78.80,
 140.365225,   35.539189,       79.08,
 140.369730,   35.539189,       79.35,
 140.374234,   35.539189,       79.63,
 140.378739,   35.539189,       79.90,
 140.383243,   35.539189,       80.17,
 140.387748,   35.539189,       80.44,
 139.140000,   35.543694,        3.57,
 139.144505,   35.543694,        2.24,
 139.149009,   35.543694,        0.93,
 139.153514,   35.543694,       -0.35,
 139.158018,   35.543694,       -1.60,
 139.162523,   35.543694,       -2.83,
 139.167027,   35.543694,       -4.02,
 139.171532,   35.543694,       -5.18,
 139.176036,   35.543694,       -6.32,
 139.180541,   35.543694,       -7.43,
 139.185045,   35.543694,       -8.50,
 139.189550,   35.543694,       -9.55,
 139.194054,   35.543694,      -10.57,
 139.198559,   35.543694,      -11.56,
 139.203063,   35.543694,      -12.53,
 139.207568,   35.543694,      -13.46,
 139.212072,   35.543694,      -14.37,
 139.216577,   35.543694,      -15.24,
 139.221081,   35.543694,      -16.09,
 139.225586,   35.543694,      -16.91,
 139.230090,   35.543694,      -17.70,
 139.234595,   35.543694,      -18.46,
 139.239099,   35.543694,      -19.19,
 139.243604,   35.543694,      -19.89,
 139.248108,   35.543694,      -20.57,
 139.252613,   35.543694,      -21.21,
 139.257117,   35.543694,      -21.83,
 139.261622,   35.543694,      -22.42,
 139.266126,   35.543694,      -22.98,
 139.270631,   35.543694,      -23.51,
 139.275135,   35.543694,      -24.01,
 139.279640,   35.543694,      -24.48,
 139.284144,   35.543694,      -24.92,
 139.288649,   35.543694,      -25.34,
 139.293153,   35.543694,      -25.73,
 139.297658,   35.543694,      -26.08,
 139.302162,   35.543694,      -26.41,
 139.306667,   35.543694,      -26.71,
 139.311171,   35.543694,      -26.98,
 139.315676,   35.543694,      -27.22,
 139.320180,   35.543694,      -27.44,
 139.324685,   35.543694,      -27.62,
 139.329189,   35.543694,      -27.78,
 139.333694,   35.543694,      -27.90,
 139.338198,   35.543694,      -28.00,
 139.342703,   35.543694,      -28.07,
 139.347207,   35.543694,      -28.11,
 139.351712,   35.543694,      -28.12,
 139.356216,   35.543694,      -28.10,
 139.360721,   35.543694,      -28.06,
 139.365225,   35.543694,      -27.98,
 139.369730,   35.543694,      -27.88,
 139.374234,   35.543694,      -27.74,
 139.378739,   35.543694,      -27.58,
 139.383243,   35.543694,      -27.39,
 139.387748,   35.543694,      -27.17,
 139.392252,   35.543694,      -26.92,
 139.396757,   35.543694,      -26.65,
 139.401261,   35.543694,      -26.34,
 139.405766,   35.543694,      -26.01,
 139.410270,   35.543694,      -25.64,
 139.414775,   35.543694,      -25.25,
 139.419279,   35.543694,      -24.83,
 139.423784,   35.543694,      -24.38,
 139.428288,   35.543694,      -23.90,
 139.432793,   35.543694,      -23.39,
 139.437297,   35.543694,      -22.86,
 139.441802,   35.543694,      -22.29,
 139.446306,   35.543694,      -21.70,
 139.450811,   35.543694,      -21.07,
 139.455315,   35.543694,      -20.42,
 139.459820,   35.543694,      -19.74,
 139.464324,   35.543694,      -19.03,
 139.468829,   35.543694,      -18.29,
 139.473333,   35.543694,      -17.53,
 139.477838,   35.543694,      -16.73,
 139.482342,   35.543694,      -15.91,
 139.486847,   35.543694,      -15.05,
 139.491351,   35.543694,      -14.17,
 139.495856,   35.543694,      -13.26,
 139.500360,   35.543694,      -12.32,
 139.504865,   35.543694,      -11.35,
 139.509369,   35.543694,      -10.35,
 139.513874,   35.543694,       -9.32,
 139.518378,   35.543694,       -8.27,
 139.522883,   35.543694,       -7.18,
 139.527387,   35.543694,       -6.07,
 139.531892,   35.543694,       -4.93,
 139.536396,   35.543694,       -3.76,
 139.540901,   35.543694,       -2.56,
 139.545405,   35.543694,       -1.33,
 139.549910,   35.543694,       -0.07,
 139.554414,   35.543694,        1.21,
 139.558919,   35.543694,        2.53,
 139.563423,   35.543694,        3.87,
 139.567928,   35.543694,        5.24,
 139.572432,   35.543694,        6.65,
 139.576937,   35.543694,        8.08,
 139.581441,   35.543694,        9.53,
 139.585946,   35.543694,       11.02,
 139.590450,   35.543694,       12.54,
 139.594955,   35.543694,       14.08,
 139.599459,   35.543694,       15.57,
 139.603964,   35.543694,       15.14,
 139.608468,   35.543694,       14.74,
 139.612973,   35.543694,       14.38,
 139.617477,   35.543694,       14.01,
 139.621982,   35.543694,       13.63,
 139.626486,   35.543694,       13.25,
 139.630991,   35.543694,       12.85,
 139.635495,   35.543694,       12.45,
 139.640000,   35.543694,       12.04,
 139.644505,   35.543694,       11.63,
 139.649009,   35.543694,       11.23,
 139.653514,   35.543694,       10.82,
 139.658018,   35.543694,       10.43,
 139.662523,   35.543694,       10.04,
 139.667027,   35.543694,        9.68,
 139.671532,   35.543694,        9.34,
 139.676036,   35.543694,        9.06,
 139.680541,   35.543694,        8.87,
 139.685045,   35.543694,        8.85,
 139.689550,   35.543694,        9.21,
 139.694054,   35.543694,       10.52,
 139.698559,   35.543694,       12.43,
 139.703063,   35.543694,       14.23,
 139.707568,   35.543694,       15.88,
 139.712072,   35.543694,       17.32,
 139.716577,   35.543694,       18.64,
 139.721081,   35.543694,       19.85,
 139.725586,   35.543694,       20.84,
 139.730090,   35.543694,       21.14,
 139.734595,   35.543694,       20.70,
 139.739099,   35.543694,       19.86,
 139.743604,   35.543694,       18.34,
 139.748108,   35.543694,       15.68,
 139.752613,   35.543694,       11.02,
 139.757117,   35.543694,        4.15,
 139.761622,   35.543694,        0.83,
 139.766126,   35.543694,        5.60,
 139.770631,   35.543694,        9.88,
 139.775135,   35.543694,       14.28,
 139.779640,   35.543694,       18.82,
 139.784144,   35.543694,       23.61,
 139.788649,   35.543694,       27.75,
 139.793153,   35.543694,       30.89,
 139.797658,   35.543694,       33.28,
 139.802162,   35.543694,       35.47,
 139.806667,   35.543694,       38.72,
 139.811171,   35.543694,       41.19,
 139.815676,   35.543694,       42.52,
 139.820180,   35.543694,       45.53,
 139.824685,   35.543694,       47.46,
 139.829189,   35.543694,       48.52,
 139.833694,   35.543694,       49.14,
 139.838198,   35.543694,       49.63,
 139.842703,   35.543694,       49.98,
 139.847207,   35.543694,       50.58,
 139.851712,   35.543694,       51.18,
 139.856216,   35.543694,       51.76,
 139.860721,   35.543694,       52.28,
 139.865225,   35.543694,       52.73,
 139.869730,   35.543694,       53.14,
 139.874234,   35.543694,       53.59,
 139.878739,   35.543694,       54.06,
 139.883243,   35.543694,       54.52,
 139.887748,   35.543694,       54.95,
 139.892252,   35.543694,       55.37,
 139.896757,   35.543694,       55.77,
 139.901261,   35.543694,       56.16,
 139.905766,   35.543694,       56.53,
 139.910270,   35.543694,       56.90,
 139.914775,   35.543694,       57.21,
 139.919279,   35.543694,       57.49,
 139.923784,   35.543694,       57.76,
 139.928288,   35.543694,       58.00,
 139.932793,   35.543694,       58.20,
 139.937297,   35.543694,       58.40,
 139.941802,   35.543694,       58.60,
 139.946306,   35.543694,       58.77,
 139.950811,   35.543694,       58.92,
 139.955315,   35.543694,       59.08,
 139.959820,   35.543694,       59.23,
 139.964324,   35.543694,       59.38,
 139.968829,   35.543694,       59.53,
 139.973333,   35.543694,       59.67,
 139.977838,   35.543694,       59.83,
 139.982342,   35.543694,       60.01,
 139.986847,   35.543694,       60.25,
 139.991351,   35.543694,       60.49,
 139.995856,   35.543694,       60.76,
 140.000360,   35.543694,       61.06,
 140.004865,   35.543694,       61.37,
 140.009369,   35.543694,       61.72,
 140.013874,   35.543694,       62.08,
 140.018378,   35.543694,       62.41,
 140.022883,   35.543694,       62.72,
 140.027387,   35.543694,       62.99,
 140.031892,   35.543694,       63.08,
 140.036396,   35.543694,       63.19,
 140.040901,   35.543694,       63.05,
 140.045405,   35.543694,       62.67,
 140.049910,   35.543694,       62.12,
 140.054414,   35.543694,       61.73,
 140.058919,   35.543694,       60.60,
 140.063423,   35.543694,       57.48,
 140.067928,   35.543694,       56.56,
 140.072432,   35.543694,       56.78,
 140.076937,   35.543694,       56.59,
 140.081441,   35.543694,       56.22,
 140.085946,   35.543694,       57.83,
 140.090450,   35.543694,       58.76,
 140.094955,   35.543694,       59.32,
 140.099459,   35.543694,       59.75,
 140.103964,   35.543694,       60.17,
 140.108468,   35.543694,       60.67,
 140.112973,   35.543694,       61.13,
 140.117477,   35.543694,       61.49,
 140.121982,   35.543694,       61.81,
 140.126486,   35.543694,       62.12,
 140.130991,   35.543694,       62.41,
 140.135495,   35.543694,       62.70,
 140.140000,   35.543694,       62.98,
 140.144505,   35.543694,       63.25,
 140.149009,   35.543694,       63.57,
 140.153514,   35.543694,       63.96,
 140.158018,   35.543694,       64.34,
 140.162523,   35.543694,       64.73,
 140.167027,   35.543694,       65.11,
 140.171532,   35.543694,       65.48,
 140.176036,   35.543694,       65.86,
 140.180541,   35.543694,       66.23,
 140.185045,   35.543694,       66.60,
 140.189550,   35.543694,       66.97,
 140.194054,   35.543694,       67.34,
 140.198559,   35.543694,       67.70,
 140.203063,   35.543694,       68.06,
 140.207568,   35.543694,       68.42,
 140.212072,   35.543694,       68.78,
 140.216577,   35.543694,       69.13,
 140.221081,   35.543694,       69.49,
 140.225586,   35.543694,       69.84,
 140.230090,   35.543694,       70.19,
 140.234595,   35.543694,       70.53,
 140.239099,   35.543694,       70.88,
 140.243604,   35.543694,       71.22,
 140.248108,   35.543694,       71.56,
 140.252613,   35.543694,       71.89,
 140.257117,   35.543694,       72.23,
 140.261622,   35.543694,       72.56,
 140.266126,   35.543694,       72.89,
 140.270631,   35.543694,       73.22,
 140.275135,   35.543694,       73.54,
 140.279640,   35.543694,       73.87,
 140.284144,   35.543694,       74.19,
 140.288649,   35.543694,       74.51,
 140.293153,   35.543694,       74.83,
 140.297658,   35.543694,       75.14,
 140.302162,   35.543694,       75.45,
 140.306667,   35.543694,       75.76,
 140.311171,   35.543694,       76.07,
 140.315676,   35.543694,       76.38,
 140.320180,   35.543694,       76.68,
 140.324685,   35.543694,       76.98,
 140.329189,   35.543694,       77.28,
 140.333694,   35.543694,       77.58,
 140.338198,   35.543694,       77.87,
 140.342703,   35.543694,       78.16,
 140.347207,   35.543694,       78.45,
 140.351712,   35.543694,       78.74,
 140.356216,   35.543694,       79.02,
 140.360721,   35.543694,       79.31,
 140.365225,   35.543694,       79.59,
 140.369730,   35.543694,       79.87,
 140.374234,   35.543694,       80.14,
 140.378739,   35.543694,       80.42,
 140.383243,   35.543694,       80.69,
 140.387748,   35.543694,       80.96,
 139.140000,   35.548198,        1.74,
 139.144505,   35.548198,        0.39,
 139.149009,   35.548198,       -0.93,
 139.153514,   35.548198,       -2.22,
 139.158018,   35.548198,       -3.48,
 139.162523,   35.548198,       -4.72,
 139.167027,   35.548198,       -5.92,
 139.171532,   35.548198,       -7.10,
 139.176036,   35.548198,       -8.24,
 139.180541,   35.548198,       -9.36,
 139.185045,   35.548198,      -10.45,
 139.189550,   35.548198,      -11.52,
 139.194054,   35.548198,      -12.55,
 139.198559,   35.548198,      -13.55,
 139.203063,   35.548198,      -14.53,
 139.207568,   35.548198,      -15.47,
 139.212072,   35.548198,      -16.39,
 139.216577,   35.548198,      -17.28,
 139.221081,   35.548198,      -18.14,
 139.225586,   35.548198,      -18.97,
 139.230090,   35.548198,      -19.77,
 139.234595,   35.548198,      -20.54,
 139.239099,   35.548198,      -21.29,
 139.243604,   35.548198,      -22.00,
 139.248108,   35.548198,      -22.69,
 139.252613,   35.548198,      -23.35,
 139.257117,   35.548198,      -23.97,
 139.261622,   35.548198,      -24.57,
 139.266126,   35.548198,      -25.15,
 139.270631,   35.548198,      -25.69,
 139.275135,   35.548198,      -26.20,
 139.279640,   35.548198,      -26.69,
 139.284144,   35.548198,      -27.14,
 139.288649,   35.548198,      -27.57,
 139.293153,   35.548198,      -27.97,
 139.297658,   35.548198,      -28.34,
 139.302162,   35.548198,      -28.68,
 139.306667,   35.548198,      -28.99,
 139.311171,   35.548198,      -29.27,
 139.315676,   35.548198,      -29.53,
 139.320180,   35.548198,      -29.75,
 139.324685,   35.548198,      -29.95,
 139.329189,   35.548198,      -30.11,
 139.333694,   35.548198,      -30.25,
 139.338198,   35.548198,      -30.36,
 139.342703,   35.548198,      -30.44,
 139.347207,   35.548198,      -30.50,
 139.351712,   35.548198,      -30.52,
 139.356216,   35.548198,      -30.51,
 139.360721,   35.548198,      -30.48,
 139.365225,   35.548198,      -30.42,
 139.369730,   35.548198,      -30.33,
 139.374234,   35.548198,      -30.20,
 139.378739,   35.548198,      -30.06,
 139.383243,   35.548198,      -29.88,
 139.387748,   35.548198,      -29.67,
 139.392252,   35.548198,      -29.43,
 139.396757,   35.548198,      -29.17,
 139.401261,   35.548198,      -28.87,
 139.405766,   35.548198,      -28.55,
 139.410270,   35.548198,      -28.20,
 139.414775,   35.548198,      -27.82,
 139.419279,   35.548198,      -27.41,
 139.423784,   35.548198,      -26.97,
 139.428288,   35.548198,      -26.51,
 139.432793,   35.548198,      -26.01,
 139.437297,   35.548198,      -25.49,
 139.441802,   35.548198,      -24.93,
 139.446306,   35.548198,      -24.35,
 139.450811,   35.548198,      -23.74,
 139.455315,   35.548198,      -23.10,
 139.459820,   35.548198,      -22.43,
 139.464324,   35.548198,      -21.74,
 139.468829,   35.548198,      -21.01,
 139.473333,   35.548198,      -20.25,
 139.477838,   35.548198,      -19.47,
 139.482342,   35.548198,      -18.66,
 139.486847,   35.548198,      -17.82,
 139.491351,   35.548198,      -16.95,
 139.495856,   35.548198,      -16.05,
 139.500360,   35.548198,      -15.12,
 139.504865,   35.548198,      -14.16,
 139.509369,   35.548198,      -13.18,
 139.513874,   35.548198,      -12.16,
 139.518378,   35.548198,      -11.12,
 139.522883,   35.548198,      -10.05,
 139.527387,   35.548198,       -8.95,
 139.531892,   35.548198,       -7.82,
 139.536396,   35.548198,       -6.66,
 139.540901,   35.548198,       -5.47,
 139.545405,   35.548198,       -4.25,
 139.549910,   35.548198,       -3.01,
 139.554414,   35.548198,       -1.73,
 139.558919,   35.548198,       -0.43,
 139.563423,   35.548198,        0.90,
 139.567928,   35.548198,        2.26,
 139.572432,   35.548198,        3.65,
 139.576937,   35.548198,        5.07,
 139.581441,   35.548198,        6.51,
 139.585946,   35.548198,        7.99,
 139.590450,   35.548198,        9.49,
 139.594955,   35.548198,       11.03,
 139.599459,   35.548198,       12.59,
 139.603964,   35.548198,       14.18,
 139.608468,   35.548198,       14.69,
 139.612973,   35.548198,       14.27,
 139.617477,   35.548198,       13.90,
 139.621982,   35.548198,       13.53,
 139.626486,   35.548198,       13.16,
 139.630991,   35.548198,       12.78,
 139.635495,   35.548198,       12.39,
 139.640000,   35.548198,       11.99,
 139.644505,   35.548198,       11.60,
 139.649009,   35.548198,       11.21,
 139.653514,   35.548198,       10.82,
 139.658018,   35.548198,       10.43,
 139.662523,   35.548198,       10.05,
 139.667027,   35.548198,        9.68,
 139.671532,   35.548198,        9.34,
 139.676036,   35.548198,        9.04,
 139.680541,   35.548198,        8.80,
 139.685045,   35.548198,        8.68,
 139.689550,   35.548198,        8.76,
 139.694054,   35.548198,        9.33,
 139.698559,   35.548198,       10.97,
 139.703063,   35.548198,       12.90,
 139.707568,   35.548198,       14.73,
 139.712072,   35.548198,       16.38,
 139.716577,   35.548198,       17.81,
 139.721081,   35.548198,       19.16,
 139.725586,   35.548198,       20.36,
 139.730090,   35.548198,       21.23,
 139.734595,   35.548198,       20.98,
 139.739099,   35.548198,       19.94,
 139.743604,   35.548198,       18.15,
 139.748108,   35.548198,       15.01,
 139.752613,   35.548198,        9.36,
 139.757117,   35.548198,        0.02,
 139.761622,   35.548198,        3.17,
 139.766126,   35.548198,        6.82,
 139.770631,   35.548198,       10.98,
 139.775135,   35.548198,       15.19,
 139.779640,   35.548198,       19.56,
 139.784144,   35.548198,       23.92,
 139.788649,   35.548198,       28.03,
 139.793153,   35.548198,       31.76,
 139.797658,   35.548198,       35.05,
 139.802162,   35.548198,       38.02,
 139.806667,   35.548198,       40.62,
 139.811171,   35.548198,       41.54,
 139.815676,   35.548198,       42.50,
 139.820180,   35.548198,       44.49,
 139.824685,   35.548198,       46.95,
 139.829189,   35.548198,       48.27,
 139.833694,   35.548198,       48.93,
 139.838198,   35.548198,       49.49,
 139.842703,   35.548198,       49.94,
 139.847207,   35.548198,       50.33,
 139.851712,   35.548198,       50.78,
 139.856216,   35.548198,       51.25,
 139.860721,   35.548198,       51.73,
 139.865225,   35.548198,       52.14,
 139.869730,   35.548198,       52.52,
 139.874234,   35.548198,       52.90,
 139.878739,   35.548198,       53.34,
 139.883243,   35.548198,       53.79,
 139.887748,   35.548198,       54.23,
 139.892252,   35.548198,       54.66,
 139.896757,   35.548198,       55.07,
 139.901261,   35.548198,       55.44,
 139.905766,   35.548198,       55.81,
 139.910270,   35.548198,       56.18,
 139.914775,   35.548198,       56.49,
 139.919279,   35.548198,       56.76,
 139.923784,   35.548198,       57.02,
 139.928288,   35.548198,       57.26,
 139.932793,   35.548198,       57.47,
 139.937297,   35.548198,       57.68,
 139.941802,   35.548198,       57.89,
 139.946306,   35.548198,       58.07,
 139.950811,   35.548198,       58.23,
 139.955315,   35.548198,       58.40,
 139.959820,   35.548198,       58.56,
 139.964324,   35.548198,       58.71,
 139.968829,   35.548198,       58.88,
 139.973333,   35.548198,       59.04,
 139.977838,   35.548198,       59.20,
 139.982342,   35.548198,       59.39,
 139.986847,   35.548198,       59.62,
 139.991351,   35.548198,       59.86,
 139.995856,   35.548198,       60.12,
 140.000360,   35.548198,       60.41,
 140.004865,   35.548198,       60.74,
 140.009369,   35.548198,       61.09,
 140.013874,   35.548198,       61.44,
 140.018378,   35.548198,       61.77,
 140.022883,   35.548198,       62.09,
 140.027387,   35.548198,       62.40,
 140.031892,   35.548198,       62.62,
 140.036396,   35.548198,       62.78,
 140.040901,   35.548198,       62.61,
 140.045405,   35.548198,       62.28,
 140.049910,   35.548198,       61.46,
 140.054414,   35.548198,       60.38,
 140.058919,   35.548198,       58.82,
 140.063423,   35.548198,       57.11,
 140.067928,   35.548198,       55.97,
 140.072432,   35.548198,       55.76,
 140.076937,   35.548198,       55.73,
 140.081441,   35.548198,       55.82,
 140.085946,   35.548198,       56.29,
 140.090450,   35.548198,       57.71,
 140.094955,   35.548198,       58.96,
 140.099459,   35.548198,       59.65,
 140.103964,   35.548198,       60.17,
 140.108468,   35.548198,       60.77,
 140.112973,   35.548198,       61.30,
 140.117477,   35.548198,       61.70,
 140.121982,   35.548198,       62.06,
 140.126486,   35.548198,       62.41,
 140.130991,   35.548198,       62.73,
 140.135495,   35.548198,       63.05,
 140.140000,   35.548198,       63.35,
 140.144505,   35.548198,       63.66,
 140.149009,   35.548198,       64.04,
 140.153514,   35.548198,       64.43,
 140.158018,   35.548198,       64.82,
 140.162523,   35.548198,       65.20,
 140.167027,   35.548198,       65.58,
 140.171532,   35.548198,       65.96,
 140.176036,   35.548198,       66.34,
 140.180541,   35.548198,       66.71,
 140.185045,   35.548198,       67.08,
 140.189550,   35.548198,       67.45,
 140.194054,   35.548198,       67.82,
 140.198559,   35.548198,       68.18,
 140.203063,   35.548198,       68.54,
 140.207568,   35.548198,       68.91,
 140.212072,   35.548198,       69.26,
 140.216577,   35.548198,       69.62,
 140.221081,   35.548198,       69.97,
 140.225586,   35.548198,       70.32,
 140.230090,   35.548198,       70.67,
 140.234595,   35.548198,       71.02,
 140.239099,   35.548198,       71.37,
 140.243604,   35.548198,       71.71,
 140.248108,   35.548198,       72.05,
 140.252613,   35.548198,       72.39,
 140.257117,   35.548198,       72.72,
 140.261622,   35.548198,       73.05,
 140.266126,   35.548198,       73.39,
 140.270631,   35.548198,       73.72,
 140.275135,   35.548198,       74.04,
 140.279640,   35.548198,       74.37,
 140.284144,   35.548198,       74.69,
 140.288649,   35.548198,       75.01,
 140.293153,   35.548198,       75.33,
 140.297658,   35.548198,       75.64,
 140.302162,   35.548198,       75.95,
 140.306667,   35.548198,       76.27,
 140.311171,   35.548198,       76.57,
 140.315676,   35.548198,       76.88,
 140.320180,   35.548198,       77.18,
 140.324685,   35.548198,       77.49,
 140.329189,   35.548198,       77.79,
 140.333694,   35.548198,       78.08,
 140.338198,   35.548198,       78.38,
 140.342703,   35.548198,       78.67,
 140.347207,   35.548198,       78.96,
 140.351712,   35.548198,       79.25,
 140.356216,   35.548198,       79.54,
 140.360721,   35.548198,       79.82,
 140.365225,   35.548198,       80.10,
 140.369730,   35.548198,       80.38,
 140.374234,   35.548198,       80.66,
 140.378739,   35.548198,       80.93,
 140.383243,   35.548198,       81.21,
 140.387748,   35.548198,       81.48,
 139.140000,   35.552703,       -0.11,
 139.144505,   35.552703,       -1.47,
 139.149009,   35.552703,       -2.81,
 139.153514,   35.552703,       -4.11,
 139.158018,   35.552703,       -5.39,
 139.162523,   35.552703,       -6.63,
 139.167027,   35.552703,       -7.85,
 139.171532,   35.552703,       -9.04,
 139.176036,   35.552703,      -10.20,
 139.180541,   35.552703,      -11.33,
 139.185045,   35.552703,      -12.43,
 139.189550,   35.552703,      -13.51,
 139.194054,   35.552703,      -14.55,
 139.198559,   35.552703,      -15.57,
 139.203063,   35.552703,      -16.55,
 139.207568,   35.552703,      -17.51,
 139.212072,   35.552703,      -18.44,
 139.216577,   35.552703,      -19.34,
 139.221081,   35.552703,      -20.21,
 139.225586,   35.552703,      -21.06,
 139.230090,   35.552703,      -21.87,
 139.234595,   35.552703,      -22.65,
 139.239099,   35.552703,      -23.41,
 139.243604,   35.552703,      -24.14,
 139.248108,   35.552703,      -24.84,
 139.252613,   35.552703,      -25.51,
 139.257117,   35.552703,      -26.15,
 139.261622,   35.552703,      -26.76,
 139.266126,   35.552703,      -27.34,
 139.270631,   35.552703,      -27.90,
 139.275135,   35.552703,      -28.42,
 139.279640,   35.552703,      -28.92,
 139.284144,   35.552703,      -29.39,
 139.288649,   35.552703,      -29.83,
 139.293153,   35.552703,      -30.24,
 139.297658,   35.552703,      -30.62,
 139.302162,   35.552703,      -30.97,
 139.306667,   35.552703,      -31.30,
 139.311171,   35.552703,      -31.59,
 139.315676,   35.552703,      -31.86,
 139.320180,   35.552703,      -32.09,
 139.324685,   35.552703,      -32.30,
 139.329189,   35.552703,      -32.48,
 139.333694,   35.552703,      -32.63,
 139.338198,   35.552703,      -32.76,
 139.342703,   35.552703,      -32.85,
 139.347207,   35.552703,      -32.91,
 139.351712,   35.552703,      -32.95,
 139.356216,   35.552703,      -32.96,
 139.360721,   35.552703,      -32.93,
 139.365225,   35.552703,      -32.88,
 139.369730,   35.552703,      -32.80,
 139.374234,   35.552703,      -32.69,
 139.378739,   35.552703,      -32.56,
 139.383243,   35.552703,      -32.39,
 139.387748,   35.552703,      -32.20,
 139.392252,   35.552703,      -31.97,
 139.396757,   35.552703,      -31.72,
 139.401261,   35.552703,      -31.44,
 139.405766,   35.552703,      -31.13,
 139.410270,   35.552703,      -30.79,
 139.414775,   35.552703,      -30.42,
 139.419279,   35.552703,      -30.02,
 139.423784,   35.552703,      -29.60,
 139.428288,   35.552703,      -29.14,
 139.432793,   35.552703,      -28.66,
 139.437297,   35.552703,      -28.15,
 139.441802,   35.552703,      -27.61,
 139.446306,   35.552703,      -27.04,
 139.450811,   35.552703,      -26.44,
 139.455315,   35.552703,      -25.81,
 139.459820,   35.552703,      -25.15,
 139.464324,   35.552703,      -24.47,
 139.468829,   35.552703,      -23.75,
 139.473333,   35.552703,      -23.01,
 139.477838,   35.552703,      -22.24,
 139.482342,   35.552703,      -21.44,
 139.486847,   35.552703,      -20.61,
 139.491351,   35.552703,      -19.75,
 139.495856,   35.552703,      -18.87,
 139.500360,   35.552703,      -17.95,
 139.504865,   35.552703,      -17.00,
 139.509369,   35.552703,      -16.03,
 139.513874,   35.552703,      -15.03,
 139.518378,   35.552703,      -14.00,
 139.522883,   35.552703,      -12.94,
 139.527387,   35.552703,      -11.85,
 139.531892,   35.552703,      -10.73,
 139.536396,   35.552703,       -9.59,
 139.540901,   35.552703,       -8.41,
 139.545405,   35.552703,       -7.21,
 139.549910,   35.552703,       -5.97,
 139.554414,   35.552703,       -4.71,
 139.558919,   35.552703,       -3.42,
 139.563423,   35.552703,       -2.10,
 139.567928,   35.552703,       -0.75,
 139.572432,   35.552703,        0.62,
 139.576937,   35.552703,        2.03,
 139.581441,   35.552703,        3.46,
 139.585946,   35.552703,        4.93,
 139.590450,   35.552703,        6.42,
 139.594955,   35.552703,        7.94,
 139.599459,   35.552703,        9.49,
 139.603964,   35.552703,       11.07,
 139.608468,   35.552703,       12.68,
 139.612973,   35.552703,       14.26,
 139.617477,   35.552703,       13.82,
 139.621982,   35.552703,       13.42,
 139.626486,   35.552703,       13.06,
 139.630991,   35.552703,       12.68,
 139.635495,   35.552703,       12.31,
 139.640000,   35.552703,       11.93,
 139.644505,   35.552703,       11.55,
 139.649009,   35.552703,       11.16,
 139.653514,   35.552703,       10.78,
 139.658018,   35.552703,       10.41,
 139.662523,   35.552703,       10.04,
 139.667027,   35.552703,        9.67,
 139.671532,   35.552703,        9.33,
 139.676036,   35.552703,        9.01,
 139.680541,   35.552703,        8.74,
 139.685045,   35.552703,        8.56,
 139.689550,   35.552703,        8.50,
 139.694054,   35.552703,        8.71,
 139.698559,   35.552703,        9.54,
 139.703063,   35.552703,       11.44,
 139.707568,   35.552703,       13.42,
 139.712072,   35.552703,       15.27,
 139.716577,   35.552703,       16.92,
 139.721081,   35.552703,       18.36,
 139.725586,   35.552703,       19.74,
 139.730090,   35.552703,       20.95,
 139.734595,   35.552703,       21.57,
 139.739099,   35.552703,       20.48,
 139.743604,   35.552703,       18.48,
 139.748108,   35.552703,       14.98,
 139.752613,   35.552703,        8.71,
 139.757117,   35.552703,        5.17,
 139.761622,   35.552703,        7.52,
 139.766126,   35.552703,       10.07,
 139.770631,   35.552703,       13.23,
 139.775135,   35.552703,       16.72,
 139.779640,   35.552703,       20.53,
 139.784144,   35.552703,       24.56,
 139.788649,   35.552703,       28.54,
 139.793153,   35.552703,       32.47,
 139.797658,   35.552703,       36.27,
 139.802162,   35.552703,       39.20,
 139.806667,   35.552703,       40.27,
 139.811171,   35.552703,       41.35,
 139.815676,   35.552703,       43.10,
 139.820180,   35.552703,       45.19,
 139.824685,   35.552703,       47.19,
 139.829189,   35.552703,       48.22,
 139.833694,   35.552703,       48.94,
 139.838198,   35.552703,       49.54,
 139.842703,   35.552703,       49.86,
 139.847207,   35.552703,       50.15,
 139.851712,   35.552703,       50.50,
 139.856216,   35.552703,       50.87,
 139.860721,   35.552703,       51.17,
 139.865225,   35.552703,       51.53,
 139.869730,   35.552703,       51.91,
 139.874234,   35.552703,       52.29,
 139.878739,   35.552703,       52.66,
 139.883243,   35.552703,       53.08,
 139.887748,   35.552703,       53.51,
 139.892252,   35.552703,       53.94,
 139.896757,   35.552703,       54.32,
 139.901261,   35.552703,       54.69,
 139.905766,   35.552703,       55.05,
 139.910270,   35.552703,       55.41,
 139.914775,   35.552703,       55.72,
 139.919279,   35.552703,       56.00,
 139.923784,   35.552703,       56.28,
 139.928288,   35.552703,       56.53,
 139.932793,   35.552703,       56.74,
 139.937297,   35.552703,       56.95,
 139.941802,   35.552703,       57.16,
 139.946306,   35.552703,       57.35,
 139.950811,   35.552703,       57.53,
 139.955315,   35.552703,       57.70,
 139.959820,   35.552703,       57.88,
 139.964324,   35.552703,       58.05,
 139.968829,   35.552703,       58.22,
 139.973333,   35.552703,       58.39,
 139.977838,   35.552703,       58.56,
 139.982342,   35.552703,       58.75,
 139.986847,   35.552703,       58.97,
 139.991351,   35.552703,       59.20,
 139.995856,   35.552703,       59.45,
 140.000360,   35.552703,       59.74,
 140.004865,   35.552703,       60.08,
 140.009369,   35.552703,       60.43,
 140.013874,   35.552703,       60.78,
 140.018378,   35.552703,       61.10,
 140.022883,   35.552703,       61.43,
 140.027387,   35.552703,       61.74,
 140.031892,   35.552703,       62.00,
 140.036396,   35.552703,       62.24,
 140.040901,   35.552703,       62.13,
 140.045405,   35.552703,       61.81,
 140.049910,   35.552703,       60.84,
 140.054414,   35.552703,       59.78,
 140.058919,   35.552703,       58.58,
 140.063423,   35.552703,       57.58,
 140.067928,   35.552703,       56.57,
 140.072432,   35.552703,       56.19,
 140.076937,   35.552703,       55.94,
 140.081441,   35.552703,       56.19,
 140.085946,   35.552703,       56.69,
 140.090450,   35.552703,       57.37,
 140.094955,   35.552703,       58.79,
 140.099459,   35.552703,       59.69,
 140.103964,   35.552703,       60.25,
 140.108468,   35.552703,       60.91,
 140.112973,   35.552703,       61.51,
 140.117477,   35.552703,       61.95,
 140.121982,   35.552703,       62.35,
 140.126486,   35.552703,       62.73,
 140.130991,   35.552703,       63.08,
 140.135495,   35.552703,       63.42,
 140.140000,   35.552703,       63.75,
 140.144505,   35.552703,       64.13,
 140.149009,   35.552703,       64.52,
 140.153514,   35.552703,       64.91,
 140.158018,   35.552703,       65.29,
 140.162523,   35.552703,       65.68,
 140.167027,   35.552703,       66.06,
 140.171532,   35.552703,       66.44,
 140.176036,   35.552703,       66.81,
 140.180541,   35.552703,       67.19,
 140.185045,   35.552703,       67.56,
 140.189550,   35.552703,       67.93,
 140.194054,   35.552703,       68.30,
 140.198559,   35.552703,       68.67,
 140.203063,   35.552703,       69.03,
 140.207568,   35.552703,       69.39,
 140.212072,   35.552703,       69.75,
 140.216577,   35.552703,       70.11,
 140.221081,   35.552703,       70.46,
 140.225586,   35.552703,       70.81,
 140.230090,   35.552703,       71.16,
 140.234595,   35.552703,       71.51,
 140.239099,   35.552703,       71.86,
 140.243604,   35.552703,       72.20,
 140.248108,   35.552703,       72.54,
 140.252613,   35.552703,       72.88,
 140.257117,   35.552703,       73.22,
 140.261622,   35.552703,       73.55,
 140.266126,   35.552703,       73.88,
 140.270631,   35.552703,       74.21,
 140.275135,   35.552703,       74.54,
 140.279640,   35.552703,       74.87,
 140.284144,   35.552703,       75.19,
 140.288649,   35.552703,       75.51,
 140.293153,   35.552703,       75.83,
 140.297658,   35.552703,       76.14,
 140.302162,   35.552703,       76.46,
 140.306667,   35.552703,       76.77,
 140.311171,   35.552703,       77.08,
 140.315676,   35.552703,       77.39,
 140.320180,   35.552703,       77.69,
 140.324685,   35.552703,       78.00,
 140.329189,   35.552703,       78.30,
 140.333694,   35.552703,       78.59,
 140.338198,   35.552703,       78.89,
 140.342703,   35.552703,       79.18,
 140.347207,   35.552703,       79.48,
 140.351712,   35.552703,       79.77,
 140.356216,   35.552703,       80.05,
 140.360721,   35.552703,       80.34,
 140.365225,   35.552703,       80.62,
 140.369730,   35.552703,       80.90,
 140.374234,   35.552703,       81.18,
 140.378739,   35.552703,       81.45,
 140.383243,   35.552703,       81.73,
 140.387748,   35.552703,       82.00,
 139.140000,   35.557207,       -2.00,
 139.144505,   35.557207,       -3.37,
 139.149009,   35.557207,       -4.72,
 139.153514,   35.557207,       -6.03,
 139.158018,   35.557207,       -7.32,
 139.162523,   35.557207,       -8.58,
 139.167027,   35.557207,       -9.81,
 139.171532,   35.557207,      -11.01,
 139.176036,   35.557207,      -12.18,
 139.180541,   35.557207,      -13.33,
 139.185045,   35.557207,      -14.44,
 139.189550,   35.557207,      -15.53,
 139.194054,   35.557207,      -16.58,
 139.198559,   35.557207,      -17.61,
 139.203063,   35.557207,      -18.61,
 139.207568,   35.557207,      -19.58,
 139.212072,   35.557207,      -20.52,
 139.216577,   35.557207,      -21.43,
 139.221081,   35.557207,      -22.32,
 139.225586,   35.557207,      -23.17,
 139.230090,   35.557207,      -24.00,
 139.234595,   35.557207,      -24.80,
 139.239099,   35.557207,      -25.57,
 139.243604,   35.557207,      -26.30,
 139.248108,   35.557207,      -27.02,
 139.252613,   35.557207,      -27.70,
 139.257117,   35.557207,      -28.35,
 139.261622,   35.557207,      -28.97,
 139.266126,   35.557207,      -29.57,
 139.270631,   35.557207,      -30.14,
 139.275135,   35.557207,      -30.67,
 139.279640,   35.557207,      -31.18,
 139.284144,   35.557207,      -31.66,
 139.288649,   35.557207,      -32.12,
 139.293153,   35.557207,      -32.54,
 139.297658,   35.557207,      -32.93,
 139.302162,   35.557207,      -33.30,
 139.306667,   35.557207,      -33.63,
 139.311171,   35.557207,      -33.94,
 139.315676,   35.557207,      -34.22,
 139.320180,   35.557207,      -34.47,
 139.324685,   35.557207,      -34.69,
 139.329189,   35.557207,      -34.88,
 139.333694,   35.557207,      -35.04,
 139.338198,   35.557207,      -35.18,
 139.342703,   35.557207,      -35.28,
 139.347207,   35.557207,      -35.36,
 139.351712,   35.557207,      -35.41,
 139.356216,   35.557207,      -35.43,
 139.360721,   35.557207,      -35.42,
 139.365225,   35.557207,      -35.38,
 139.369730,   35.557207,      -35.31,
 139.374234,   35.557207,      -35.21,
 139.378739,   35.557207,      -35.09,
 139.383243,   35.557207,      -34.93,
 139.387748,   35.557207,      -34.75,
 139.392252,   35.557207,      -34.54,
 139.396757,   35.557207,      -34.30,
 139.401261,   35.557207,      -34.03,
 139.405766,   35.557207,      -33.73,
 139.410270,   35.557207,      -33.40,
 139.414775,   35.557207,      -33.05,
 139.419279,   35.557207,      -32.66,
 139.423784,   35.557207,      -32.25,
 139.428288,   35.557207,      -31.81,
 139.432793,   35.557207,      -31.34,
 139.437297,   35.557207,      -30.84,
 139.441802,   35.557207,      -30.31,
 139.446306,   35.557207,      -29.75,
 139.450811,   35.557207,      -29.16,
 139.455315,   35.557207,      -28.55,
 139.459820,   35.557207,      -27.90,
 139.464324,   35.557207,      -27.23,
 139.468829,   35.557207,      -26.53,
 139.473333,   35.557207,      -25.80,
 139.477838,   35.557207,      -25.04,
 139.482342,   35.557207,      -24.25,
 139.486847,   35.557207,      -23.43,
 139.491351,   35.557207,      -22.59,
 139.495856,   35.557207,      -21.71,
 139.500360,   35.557207,      -20.81,
 139.504865,   35.557207,      -19.88,
 139.509369,   35.557207,      -18.92,
 139.513874,   35.557207,      -17.92,
 139.518378,   35.557207,      -16.91,
 139.522883,   35.557207,      -15.86,
 139.527387,   35.557207,      -14.78,
 139.531892,   35.557207,      -13.68,
 139.536396,   35.557207,      -12.54,
 139.540901,   35.557207,      -11.38,
 139.545405,   35.557207,      -10.19,
 139.549910,   35.557207,       -8.97,
 139.554414,   35.557207,       -7.72,
 139.558919,   35.557207,       -6.44,
 139.563423,   35.557207,       -5.13,
 139.567928,   35.557207,       -3.79,
 139.572432,   35.557207,       -2.43,
 139.576937,   35.557207,       -1.04,
 139.581441,   35.557207,        0.39,
 139.585946,   35.557207,        1.84,
 139.590450,   35.557207,        3.32,
 139.594955,   35.557207,        4.83,
 139.599459,   35.557207,        6.37,
 139.603964,   35.557207,        7.93,
 139.608468,   35.557207,        9.53,
 139.612973,   35.557207,       11.15,
 139.617477,   35.557207,       12.80,
 139.621982,   35.557207,       13.37,
 139.626486,   35.557207,       12.95,
 139.630991,   35.557207,       12.58,
 139.635495,   35.557207,       12.21,
 139.640000,   35.557207,       11.84,
 139.644505,   35.557207,       11.47,
 139.649009,   35.557207,       11.10,
 139.653514,   35.557207,       10.73,
 139.658018,   35.557207,       10.36,
 139.662523,   35.557207,       10.00,
 139.667027,   35.557207,        9.64,
 139.671532,   35.557207,        9.29,
 139.676036,   35.557207,        8.97,
 139.680541,   35.557207,        8.68,
 139.685045,   35.557207,        8.45,
 139.689550,   35.557207,        8.32,
 139.694054,   35.557207,        8.35,
 139.698559,   35.557207,        8.72,
 139.703063,   35.557207,        9.88,
 139.707568,   35.557207,       11.97,
 139.712072,   35.557207,       13.98,
 139.716577,   35.557207,       15.87,
 139.721081,   35.557207,       17.51,
 139.725586,   35.557207,       19.00,
 139.730090,   35.557207,       20.45,
 139.734595,   35.557207,       21.69,
 139.739099,   35.557207,       21.53,
 139.743604,   35.557207,       19.45,
 139.748108,   35.557207,       15.93,
 139.752613,   35.557207,       11.01,
 139.757117,   35.557207,       11.50,
 139.761622,   35.557207,       11.94,
 139.766126,   35.557207,       13.34,
 139.770631,   35.557207,       15.61,
 139.775135,   35.557207,       18.42,
 139.779640,   35.557207,       21.70,
 139.784144,   35.557207,       25.36,
 139.788649,   35.557207,       29.12,
 139.793153,   35.557207,       32.97,
 139.797658,   35.557207,       36.68,
 139.802162,   35.557207,       38.23,
 139.806667,   35.557207,       39.64,
 139.811171,   35.557207,       41.39,
 139.815676,   35.557207,       43.81,
 139.820180,   35.557207,       45.88,
 139.824685,   35.557207,       47.54,
 139.829189,   35.557207,       48.49,
 139.833694,   35.557207,       49.08,
 139.838198,   35.557207,       49.48,
 139.842703,   35.557207,       49.69,
 139.847207,   35.557207,       49.93,
 139.851712,   35.557207,       50.23,
 139.856216,   35.557207,       50.49,
 139.860721,   35.557207,       50.70,
 139.865225,   35.557207,       50.97,
 139.869730,   35.557207,       51.31,
 139.874234,   35.557207,       51.68,
 139.878739,   35.557207,       52.03,
 139.883243,   35.557207,       52.40,
 139.887748,   35.557207,       52.81,
 139.892252,   35.557207,       53.21,
 139.896757,   35.557207,       53.57,
 139.901261,   35.557207,       53.93,
 139.905766,   35.557207,       54.29,
 139.910270,   35.557207,       54.63,
 139.914775,   35.557207,       54.93,
 139.919279,   35.557207,       55.22,
 139.923784,   35.557207,       55.51,
 139.928288,   35.557207,       55.77,
 139.932793,   35.557207,       55.99,
 139.937297,   35.557207,       56.21,
 139.941802,   35.557207,       56.43,
 139.946306,   35.557207,       56.62,
 139.950811,   35.557207,       56.81,
 139.955315,   35.557207,       56.99,
 139.959820,   35.557207,       57.18,
 139.964324,   35.557207,       57.38,
 139.968829,   35.557207,       57.56,
 139.973333,   35.557207,       57.74,
 139.977838,   35.557207,       57.92,
 139.982342,   35.557207,       58.12,
 139.986847,   35.557207,       58.32,
 139.991351,   35.557207,       58.54,
 139.995856,   35.557207,       58.76,
 140.000360,   35.557207,       59.07,
 140.004865,   35.557207,       59.41,
 140.009369,   35.557207,       59.75,
 140.013874,   35.557207,       60.09,
 140.018378,   35.557207,       60.42,
 140.022883,   35.557207,       60.75,
 140.027387,   35.557207,       61.08,
 140.031892,   35.557207,       61.31,
 140.036396,   35.557207,       61.52,
 140.040901,   35.557207,       61.54,
 140.045405,   35.557207,       61.27,
 140.049910,   35.557207,       60.72,
 140.054414,   35.557207,       59.76,
 140.058919,   35.557207,       58.90,
 140.063423,   35.557207,       58.01,
 140.067928,   35.557207,       57.31,
 140.072432,   35.557207,       57.04,
 140.076937,   35.557207,       56.85,
 140.081441,   35.557207,       56.87,
 140.085946,   35.557207,       57.13,
 140.090450,   35.557207,       57.63,
 140.094955,   35.557207,       58.82,
 140.099459,   35.557207,       60.15,
 140.103964,   35.557207,       60.73,
 140.108468,   35.557207,       61.22,
 140.112973,   35.557207,       61.82,
 140.117477,   35.557207,       62.27,
 140.121982,   35.557207,       62.69,
 140.126486,   35.557207,       63.09,
 140.130991,   35.557207,       63.47,
 140.135495,   35.557207,       63.84,
 140.140000,   35.557207,       64.21,
 140.144505,   35.557207,       64.60,
 140.149009,   35.557207,       65.00,
 140.153514,   35.557207,       65.38,
 140.158018,   35.557207,       65.77,
 140.162523,   35.557207,       66.16,
 140.167027,   35.557207,       66.54,
 140.171532,   35.557207,       66.92,
 140.176036,   35.557207,       67.30,
 140.180541,   35.557207,       67.67,
 140.185045,   35.557207,       68.05,
 140.189550,   35.557207,       68.42,
 140.194054,   35.557207,       68.79,
 140.198559,   35.557207,       69.15,
 140.203063,   35.557207,       69.52,
 140.207568,   35.557207,       69.88,
 140.212072,   35.557207,       70.24,
 140.216577,   35.557207,       70.60,
 140.221081,   35.557207,       70.95,
 140.225586,   35.557207,       71.31,
 140.230090,   35.557207,       71.66,
 140.234595,   35.557207,       72.01,
 140.239099,   35.557207,       72.35,
 140.243604,   35.557207,       72.70,
 140.248108,   35.557207,       73.04,
 140.252613,   35.557207,       73.38,
 140.257117,   35.557207,       73.71,
 140.261622,   35.557207,       74.05,
 140.266126,   35.557207,       74.38,
 140.270631,   35.557207,       74.71,
 140.275135,   35.557207,       75.04,
 140.279640,   35.557207,       75.37,
 140.284144,   35.557207,       75.69,
 140.288649,   35.557207,       76.01,
 140.293153,   35.557207,       76.33,
 140.297658,   35.557207,       76.65,
 140.302162,   35.557207,       76.97,
 140.306667,   35.557207,       77.28,
 140.311171,   35.557207,       77.59,
 140.315676,   35.557207,       77.90,
 140.320180,   35.557207,       78.20,
 140.324685,   35.557207,       78.51,
 140.329189,   35.557207,       78.81,
 140.333694,   35.557207,       79.11,
 140.338198,   35.557207,       79.40,
 140.342703,   35.557207,       79.70,
 140.347207,   35.557207,       79.99,
 140.351712,   35.557207,       80.28,
 140.356216,   35.557207,       80.57,
 140.360721,   35.557207,       80.86,
 140.365225,   35.557207,       81.14,
 140.369730,   35.557207,       81.42,
 140.374234,   35.557207,       81.70,
 140.378739,   35.557207,       81.98,
 140.383243,   35.557207,       82.25,
 140.387748,   35.557207,       82.52,
 139.140000,   35.561712,       -3.91,
 139.144505,   35.561712,       -5.30,
 139.149009,   35.561712,       -6.66,
 139.153514,   35.561712,       -7.99,
 139.158018,   35.561712,       -9.29,
 139.162523,   35.561712,      -10.56,
 139.167027,   35.561712,      -11.80,
 139.171532,   35.561712,      -13.01,
 139.176036,   35.561712,      -14.20,
 139.180541,   35.561712,      -15.35,
 139.185045,   35.561712,      -16.48,
 139.189550,   35.561712,      -17.58,
 139.194054,   35.561712,      -18.64,
 139.198559,   35.561712,      -19.68,
 139.203063,   35.561712,      -20.70,
 139.207568,   35.561712,      -21.68,
 139.212072,   35.561712,      -22.63,
 139.216577,   35.561712,      -23.56,
 139.221081,   35.561712,      -24.45,
 139.225586,   35.561712,      -25.32,
 139.230090,   35.561712,      -26.16,
 139.234595,   35.561712,      -26.97,
 139.239099,   35.561712,      -27.75,
 139.243604,   35.561712,      -28.50,
 139.248108,   35.561712,      -29.22,
 139.252613,   35.561712,      -29.92,
 139.257117,   35.561712,      -30.58,
 139.261622,   35.561712,      -31.22,
 139.266126,   35.561712,      -31.83,
 139.270631,   35.561712,      -32.40,
 139.275135,   35.561712,      -32.95,
 139.279640,   35.561712,      -33.48,
 139.284144,   35.561712,      -33.97,
 139.288649,   35.561712,      -34.43,
 139.293153,   35.561712,      -34.87,
 139.297658,   35.561712,      -35.27,
 139.302162,   35.561712,      -35.65,
 139.306667,   35.561712,      -36.00,
 139.311171,   35.561712,      -36.32,
 139.315676,   35.561712,      -36.61,
 139.320180,   35.561712,      -36.87,
 139.324685,   35.561712,      -37.10,
 139.329189,   35.561712,      -37.31,
 139.333694,   35.561712,      -37.48,
 139.338198,   35.561712,      -37.63,
 139.342703,   35.561712,      -37.75,
 139.347207,   35.561712,      -37.83,
 139.351712,   35.561712,      -37.89,
 139.356216,   35.561712,      -37.92,
 139.360721,   35.561712,      -37.93,
 139.365225,   35.561712,      -37.90,
 139.369730,   35.561712,      -37.85,
 139.374234,   35.561712,      -37.76,
 139.378739,   35.561712,      -37.65,
 139.383243,   35.561712,      -37.51,
 139.387748,   35.561712,      -37.34,
 139.392252,   35.561712,      -37.14,
 139.396757,   35.561712,      -36.91,
 139.401261,   35.561712,      -36.65,
 139.405766,   35.561712,      -36.36,
 139.410270,   35.561712,      -36.05,
 139.414775,   35.561712,      -35.71,
 139.419279,   35.561712,      -35.33,
 139.423784,   35.561712,      -34.93,
 139.428288,   35.561712,      -34.50,
 139.432793,   35.561712,      -34.04,
 139.437297,   35.561712,      -33.55,
 139.441802,   35.561712,      -33.04,
 139.446306,   35.561712,      -32.49,
 139.450811,   35.561712,      -31.92,
 139.455315,   35.561712,      -31.31,
 139.459820,   35.561712,      -30.68,
 139.464324,   35.561712,      -30.02,
 139.468829,   35.561712,      -29.33,
 139.473333,   35.561712,      -28.61,
 139.477838,   35.561712,      -27.87,
 139.482342,   35.561712,      -27.09,
 139.486847,   35.561712,      -26.28,
 139.491351,   35.561712,      -25.45,
 139.495856,   35.561712,      -24.59,
 139.500360,   35.561712,      -23.70,
 139.504865,   35.561712,      -22.78,
 139.509369,   35.561712,      -21.83,
 139.513874,   35.561712,      -20.85,
 139.518378,   35.561712,      -19.84,
 139.522883,   35.561712,      -18.81,
 139.527387,   35.561712,      -17.74,
 139.531892,   35.561712,      -16.65,
 139.536396,   35.561712,      -15.53,
 139.540901,   35.561712,      -14.38,
 139.545405,   35.561712,      -13.20,
 139.549910,   35.561712,      -11.99,
 139.554414,   35.561712,      -10.75,
 139.558919,   35.561712,       -9.48,
 139.563423,   35.561712,       -8.19,
 139.567928,   35.561712,       -6.87,
 139.572432,   35.561712,       -5.51,
 139.576937,   35.561712,       -4.13,
 139.581441,   35.561712,       -2.72,
 139.585946,   35.561712,       -1.28,
 139.590450,   35.561712,        0.19,
 139.594955,   35.561712,        1.68,
 139.599459,   35.561712,        3.21,
 139.603964,   35.561712,        4.76,
 139.608468,   35.561712,        6.35,
 139.612973,   35.561712,        7.96,
 139.617477,   35.561712,        9.60,
 139.621982,   35.561712,       11.27,
 139.626486,   35.561712,       12.94,
 139.630991,   35.561712,       12.50,
 139.635495,   35.561712,       12.11,
 139.640000,   35.561712,       11.75,
 139.644505,   35.561712,       11.38,
 139.649009,   35.561712,       11.02,
 139.653514,   35.561712,       10.65,
 139.658018,   35.561712,       10.29,
 139.662523,   35.561712,        9.93,
 139.667027,   35.561712,        9.58,
 139.671532,   35.561712,        9.24,
 139.676036,   35.561712,        8.91,
 139.680541,   35.561712,        8.61,
 139.685045,   35.561712,        8.35,
 139.689550,   35.561712,        8.17,
 139.694054,   35.561712,        8.10,
 139.698559,   35.561712,        8.23,
 139.703063,   35.561712,        8.81,
 139.707568,   35.561712,       10.40,
 139.712072,   35.561712,       12.56,
 139.716577,   35.561712,       14.63,
 139.721081,   35.561712,       16.54,
 139.725586,   35.561712,       18.20,
 139.730090,   35.561712,       19.81,
 139.734595,   35.561712,       21.41,
 139.739099,   35.561712,       22.73,
 139.743604,   35.561712,       21.29,
 139.748108,   35.561712,       18.31,
 139.752613,   35.561712,       16.24,
 139.757117,   35.561712,       17.22,
 139.761622,   35.561712,       16.17,
 139.766126,   35.561712,       16.43,
 139.770631,   35.561712,       17.89,
 139.775135,   35.561712,       20.11,
 139.779640,   35.561712,       22.93,
 139.784144,   35.561712,       26.24,
 139.788649,   35.561712,       29.74,
 139.793153,   35.561712,       33.37,
 139.797658,   35.561712,       35.57,
 139.802162,   35.561712,       37.21,
 139.806667,   35.561712,       39.02,
 139.811171,   35.561712,       41.72,
 139.815676,   35.561712,       44.20,
 139.820180,   35.561712,       46.24,
 139.824685,   35.561712,       47.85,
 139.829189,   35.561712,       48.80,
 139.833694,   35.561712,       49.15,
 139.838198,   35.561712,       49.36,
 139.842703,   35.561712,       49.48,
 139.847207,   35.561712,       49.67,
 139.851712,   35.561712,       49.90,
 139.856216,   35.561712,       50.10,
 139.860721,   35.561712,       50.27,
 139.865225,   35.561712,       50.46,
 139.869730,   35.561712,       50.71,
 139.874234,   35.561712,       51.05,
 139.878739,   35.561712,       51.38,
 139.883243,   35.561712,       51.74,
 139.887748,   35.561712,       52.11,
 139.892252,   35.561712,       52.47,
 139.896757,   35.561712,       52.83,
 139.901261,   35.561712,       53.18,
 139.905766,   35.561712,       53.54,
 139.910270,   35.561712,       53.86,
 139.914775,   35.561712,       54.15,
 139.919279,   35.561712,       54.44,
 139.923784,   35.561712,       54.73,
 139.928288,   35.561712,       55.00,
 139.932793,   35.561712,       55.23,
 139.937297,   35.561712,       55.46,
 139.941802,   35.561712,       55.70,
 139.946306,   35.561712,       55.90,
 139.950811,   35.561712,       56.09,
 139.955315,   35.561712,       56.29,
 139.959820,   35.561712,       56.49,
 139.964324,   35.561712,       56.68,
 139.968829,   35.561712,       56.88,
 139.973333,   35.561712,       57.08,
 139.977838,   35.561712,       57.28,
 139.982342,   35.561712,       57.48,
 139.986847,   35.561712,       57.68,
 139.991351,   35.561712,       57.88,
 139.995856,   35.561712,       58.10,
 140.000360,   35.561712,       58.42,
 140.004865,   35.561712,       58.75,
 140.009369,   35.561712,       59.07,
 140.013874,   35.561712,       59.40,
 140.018378,   35.561712,       59.73,
 140.022883,   35.561712,       60.06,
 140.027387,   35.561712,       60.38,
 140.031892,   35.561712,       60.63,
 140.036396,   35.561712,       60.83,
 140.040901,   35.561712,       60.95,
 140.045405,   35.561712,       60.71,
 140.049910,   35.561712,       60.39,
 140.054414,   35.561712,       59.92,
 140.058919,   35.561712,       59.25,
 140.063423,   35.561712,       58.66,
 140.067928,   35.561712,       58.18,
 140.072432,   35.561712,       57.77,
 140.076937,   35.561712,       57.48,
 140.081441,   35.561712,       57.51,
 140.085946,   35.561712,       57.72,
 140.090450,   35.561712,       58.14,
 140.094955,   35.561712,       59.20,
 140.099459,   35.561712,       60.46,
 140.103964,   35.561712,       61.31,
 140.108468,   35.561712,       61.84,
 140.112973,   35.561712,       62.36,
 140.117477,   35.561712,       62.72,
 140.121982,   35.561712,       63.11,
 140.126486,   35.561712,       63.51,
 140.130991,   35.561712,       63.91,
 140.135495,   35.561712,       64.29,
 140.140000,   35.561712,       64.69,
 140.144505,   35.561712,       65.08,
 140.149009,   35.561712,       65.47,
 140.153514,   35.561712,       65.86,
 140.158018,   35.561712,       66.25,
 140.162523,   35.561712,       66.64,
 140.167027,   35.561712,       67.02,
 140.171532,   35.561712,       67.40,
 140.176036,   35.561712,       67.78,
 140.180541,   35.561712,       68.16,
 140.185045,   35.561712,       68.53,
 140.189550,   35.561712,       68.90,
 140.194054,   35.561712,       69.27,
 140.198559,   35.561712,       69.64,
 140.203063,   35.561712,       70.01,
 140.207568,   35.561712,       70.37,
 140.212072,   35.561712,       70.73,
 140.216577,   35.561712,       71.09,
 140.221081,   35.561712,       71.45,
 140.225586,   35.561712,       71.80,
 140.230090,   35.561712,       72.15,
 140.234595,   35.561712,       72.50,
 140.239099,   35.561712,       72.85,
 140.243604,   35.561712,       73.19,
 140.248108,   35.561712,       73.54,
 140.252613,   35.561712,       73.88,
 140.257117,   35.561712,       74.21,
 140.261622,   35.561712,       74.55,
 140.266126,   35.561712,       74.88,
 140.270631,   35.561712,       75.22,
 140.275135,   35.561712,       75.55,
 140.279640,   35.561712,       75.87,
 140.284144,   35.561712,       76.20,
 140.288649,   35.561712,       76.52,
 140.293153,   35.561712,       76.84,
 140.297658,   35.561712,       77.16,
 140.302162,   35.561712,       77.47,
 140.306667,   35.561712,       77.79,
 140.311171,   35.561712,       78.10,
 140.315676,   35.561712,       78.41,
 140.320180,   35.561712,       78.72,
 140.324685,   35.561712,       79.02,
 140.329189,   35.561712,       79.32,
 140.333694,   35.561712,       79.62,
 140.338198,   35.561712,       79.92,
 140.342703,   35.561712,       80.22,
 140.347207,   35.561712,       80.51,
 140.351712,   35.561712,       80.80,
 140.356216,   35.561712,       81.09,
 140.360721,   35.561712,       81.38,
 140.365225,   35.561712,       81.66,
 140.369730,   35.561712,       81.94,
 140.374234,   35.561712,       82.22,
 140.378739,   35.561712,       82.50,
 140.383243,   35.561712,       82.77,
 140.387748,   35.561712,       83.05,
 139.140000,   35.566216,       -5.86,
 139.144505,   35.566216,       -7.26,
 139.149009,   35.566216,       -8.63,
 139.153514,   35.566216,       -9.97,
 139.158018,   35.566216,      -11.28,
 139.162523,   35.566216,      -12.56,
 139.167027,   35.566216,      -13.82,
 139.171532,   35.566216,      -15.04,
 139.176036,   35.566216,      -16.24,
 139.180541,   35.566216,      -17.40,
 139.185045,   35.566216,      -18.54,
 139.189550,   35.566216,      -19.65,
 139.194054,   35.566216,      -20.73,
 139.198559,   35.566216,      -21.79,
 139.203063,   35.566216,      -22.81,
 139.207568,   35.566216,      -23.80,
 139.212072,   35.566216,      -24.77,
 139.216577,   35.566216,      -25.71,
 139.221081,   35.566216,      -26.62,
 139.225586,   35.566216,      -27.49,
 139.230090,   35.566216,      -28.34,
 139.234595,   35.566216,      -29.17,
 139.239099,   35.566216,      -29.96,
 139.243604,   35.566216,      -30.72,
 139.248108,   35.566216,      -31.46,
 139.252613,   35.566216,      -32.16,
 139.257117,   35.566216,      -32.84,
 139.261622,   35.566216,      -33.49,
 139.266126,   35.566216,      -34.11,
 139.270631,   35.566216,      -34.70,
 139.275135,   35.566216,      -35.26,
 139.279640,   35.566216,      -35.80,
 139.284144,   35.566216,      -36.30,
 139.288649,   35.566216,      -36.78,
 139.293153,   35.566216,      -37.22,
 139.297658,   35.566216,      -37.64,
 139.302162,   35.566216,      -38.03,
 139.306667,   35.566216,      -38.39,
 139.311171,   35.566216,      -38.72,
 139.315676,   35.566216,      -39.03,
 139.320180,   35.566216,      -39.30,
 139.324685,   35.566216,      -39.54,
 139.329189,   35.566216,      -39.76,
 139.333694,   35.566216,      -39.95,
 139.338198,   35.566216,      -40.11,
 139.342703,   35.566216,      -40.24,
 139.347207,   35.566216,      -40.34,
 139.351712,   35.566216,      -40.41,
 139.356216,   35.566216,      -40.45,
 139.360721,   35.566216,      -40.47,
 139.365225,   35.566216,      -40.45,
 139.369730,   35.566216,      -40.41,
 139.374234,   35.566216,      -40.34,
 139.378739,   35.566216,      -40.24,
 139.383243,   35.566216,      -40.11,
 139.387748,   35.566216,      -39.95,
 139.392252,   35.566216,      -39.76,
 139.396757,   35.566216,      -39.54,
 139.401261,   35.566216,      -39.30,
 139.405766,   35.566216,      -39.03,
 139.410270,   35.566216,      -38.72,
 139.414775,   35.566216,      -38.39,
 139.419279,   35.566216,      -38.03,
 139.423784,   35.566216,      -37.64,
 139.428288,   35.566216,      -37.22,
 139.432793,   35.566216,      -36.78,
 139.437297,   35.566216,      -36.30,
 139.441802,   35.566216,      -35.80,
 139.446306,   35.566216,      -35.26,
 139.450811,   35.566216,      -34.70,
 139.455315,   35.566216,      -34.11,
 139.459820,   35.566216,      -33.49,
 139.464324,   35.566216,      -32.84,
 139.468829,   35.566216,      -32.16,
 139.473333,   35.566216,      -31.46,
 139.477838,   35.566216,      -30.72,
 139.482342,   35.566216,      -29.96,
 139.486847,   35.566216,      -29.17,
 139.491351,   35.566216,      -28.34,
 139.495856,   35.566216,      -27.49,
 139.500360,   35.566216,      -26.61,
 139.504865,   35.566216,      -25.71,
 139.509369,   35.566216,      -24.77,
 139.513874,   35.566216,      -23.80,
 139.518378,   35.566216,      -22.81,
 139.522883,   35.566216,      -21.78,
 139.527387,   35.566216,      -20.73,
 139.531892,   35.566216,      -19.65,
 139.536396,   35.566216,      -18.54,
 139.540901,   35.566216,      -17.40,
 139.545405,   35.566216,      -16.23,
 139.549910,   35.566216,      -15.04,
 139.554414,   35.566216,      -13.81,
 139.558919,   35.566216,      -12.56,
 139.563423,   35.566216,      -11.28,
 139.567928,   35.566216,       -9.96,
 139.572432,   35.566216,       -8.62,
 139.576937,   35.566216,       -7.25,
 139.581441,   35.566216,       -5.86,
 139.585946,   35.566216,       -4.43,
 139.590450,   35.566216,       -2.97,
 139.594955,   35.566216,       -1.49,
 139.599459,   35.566216,        0.03,
 139.603964,   35.566216,        1.57,
 139.608468,   35.566216,        3.14,
 139.612973,   35.566216,        4.74,
 139.617477,   35.566216,        6.37,
 139.621982,   35.566216,        8.03,
 139.626486,   35.566216,        9.71,
 139.630991,   35.566216,       11.43,
 139.635495,   35.566216,       12.06,
 139.640000,   35.566216,       11.64,
 139.644505,   35.566216,       11.28,
 139.649009,   35.566216,       10.92,
 139.653514,   35.566216,       10.56,
 139.658018,   35.566216,       10.21,
 139.662523,   35.566216,        9.85,
 139.667027,   35.566216,        9.50,
 139.671532,   35.566216,        9.16,
 139.676036,   35.566216,        8.83,
 139.680541,   35.566216,        8.53,
 139.685045,   35.566216,        8.25,
 139.689550,   35.566216,        8.03,
 139.694054,   35.566216,        7.89,
 139.698559,   35.566216,        7.89,
 139.703063,   35.566216,        8.16,
 139.707568,   35.566216,        9.00,
 139.712072,   35.566216,       11.00,
 139.716577,   35.566216,       13.24,
 139.721081,   35.566216,       15.38,
 139.725586,   35.566216,       17.35,
 139.730090,   35.566216,       19.10,
 139.734595,   35.566216,       20.93,
 139.739099,   35.566216,       22.90,
 139.743604,   35.566216,       23.74,
 139.748108,   35.566216,       21.29,
 139.752613,   35.566216,       23.92,
 139.757117,   35.566216,       22.20,
 139.761622,   35.566216,       20.07,
 139.766126,   35.566216,       19.26,
 139.770631,   35.566216,       19.95,
 139.775135,   35.566216,       21.63,
 139.779640,   35.566216,       24.06,
 139.784144,   35.566216,       27.03,
 139.788649,   35.566216,       30.28,
 139.793153,   35.566216,       32.69,
 139.797658,   35.566216,       34.11,
 139.802162,   35.566216,       36.11,
 139.806667,   35.566216,       38.88,
 139.811171,   35.566216,       41.85,
 139.815676,   35.566216,       44.20,
 139.820180,   35.566216,       46.33,
 139.824685,   35.566216,       47.92,
 139.829189,   35.566216,       48.51,
 139.833694,   35.566216,       49.07,
 139.838198,   35.566216,       49.17,
 139.842703,   35.566216,       49.23,
 139.847207,   35.566216,       49.36,
 139.851712,   35.566216,       49.55,
 139.856216,   35.566216,       49.66,
 139.860721,   35.566216,       49.80,
 139.865225,   35.566216,       49.96,
 139.869730,   35.566216,       50.13,
 139.874234,   35.566216,       50.39,
 139.878739,   35.566216,       50.70,
 139.883243,   35.566216,       51.05,
 139.887748,   35.566216,       51.39,
 139.892252,   35.566216,       51.73,
 139.896757,   35.566216,       52.08,
 139.901261,   35.566216,       52.43,
 139.905766,   35.566216,       52.77,
 139.910270,   35.566216,       53.08,
 139.914775,   35.566216,       53.38,
 139.919279,   35.566216,       53.67,
 139.923784,   35.566216,       53.96,
 139.928288,   35.566216,       54.22,
 139.932793,   35.566216,       54.47,
 139.937297,   35.566216,       54.71,
 139.941802,   35.566216,       54.95,
 139.946306,   35.566216,       55.17,
 139.950811,   35.566216,       55.38,
 139.955315,   35.566216,       55.59,
 139.959820,   35.566216,       55.79,
 139.964324,   35.566216,       55.99,
 139.968829,   35.566216,       56.20,
 139.973333,   35.566216,       56.41,
 139.977838,   35.566216,       56.63,
 139.982342,   35.566216,       56.83,
 139.986847,   35.566216,       57.04,
 139.991351,   35.566216,       57.26,
 139.995856,   35.566216,       57.50,
 140.000360,   35.566216,       57.78,
 140.004865,   35.566216,       58.10,
 140.009369,   35.566216,       58.41,
 140.013874,   35.566216,       58.72,
 140.018378,   35.566216,       59.04,
 140.022883,   35.566216,       59.38,
 140.027387,   35.566216,       59.69,
 140.031892,   35.566216,       59.98,
 140.036396,   35.566216,       60.16,
 140.040901,   35.566216,       60.33,
 140.045405,   35.566216,       60.28,
 140.049910,   35.566216,       60.07,
 140.054414,   35.566216,       59.87,
 140.058919,   35.566216,       59.37,
 140.063423,   35.566216,       58.91,
 140.067928,   35.566216,       58.47,
 140.072432,   35.566216,       58.10,
 140.076937,   35.566216,       57.91,
 140.081441,   35.566216,       57.99,
 140.085946,   35.566216,       58.24,
 140.090450,   35.566216,       58.63,
 140.094955,   35.566216,       59.65,
 140.099459,   35.566216,       60.65,
 140.103964,   35.566216,       61.62,
 140.108468,   35.566216,       62.29,
 140.112973,   35.566216,       62.91,
 140.117477,   35.566216,       63.27,
 140.121982,   35.566216,       63.62,
 140.126486,   35.566216,       63.99,
 140.130991,   35.566216,       64.37,
 140.135495,   35.566216,       64.77,
 140.140000,   35.566216,       65.17,
 140.144505,   35.566216,       65.56,
 140.149009,   35.566216,       65.96,
 140.153514,   35.566216,       66.35,
 140.158018,   35.566216,       66.74,
 140.162523,   35.566216,       67.12,
 140.167027,   35.566216,       67.51,
 140.171532,   35.566216,       67.89,
 140.176036,   35.566216,       68.27,
 140.180541,   35.566216,       68.64,
 140.185045,   35.566216,       69.02,
 140.189550,   35.566216,       69.39,
 140.194054,   35.566216,       69.76,
 140.198559,   35.566216,       70.13,
 140.203063,   35.566216,       70.50,
 140.207568,   35.566216,       70.86,
 140.212072,   35.566216,       71.22,
 140.216577,   35.566216,       71.58,
 140.221081,   35.566216,       71.94,
 140.225586,   35.566216,       72.30,
 140.230090,   35.566216,       72.65,
 140.234595,   35.566216,       73.00,
 140.239099,   35.566216,       73.35,
 140.243604,   35.566216,       73.69,
 140.248108,   35.566216,       74.04,
 140.252613,   35.566216,       74.38,
 140.257117,   35.566216,       74.72,
 140.261622,   35.566216,       75.05,
 140.266126,   35.566216,       75.39,
 140.270631,   35.566216,       75.72,
 140.275135,   35.566216,       76.05,
 140.279640,   35.566216,       76.38,
 140.284144,   35.566216,       76.71,
 140.288649,   35.566216,       77.03,
 140.293153,   35.566216,       77.35,
 140.297658,   35.566216,       77.67,
 140.302162,   35.566216,       77.99,
 140.306667,   35.566216,       78.30,
 140.311171,   35.566216,       78.61,
 140.315676,   35.566216,       78.92,
 140.320180,   35.566216,       79.23,
 140.324685,   35.566216,       79.54,
 140.329189,   35.566216,       79.84,
 140.333694,   35.566216,       80.14,
 140.338198,   35.566216,       80.44,
 140.342703,   35.566216,       80.73,
 140.347207,   35.566216,       81.03,
 140.351712,   35.566216,       81.32,
 140.356216,   35.566216,       81.61,
 140.360721,   35.566216,       81.90,
 140.365225,   35.566216,       82.18,
 140.369730,   35.566216,       82.47,
 140.374234,   35.566216,       82.75,
 140.378739,   35.566216,       83.03,
 140.383243,   35.566216,       83.30,
 140.387748,   35.566216,       83.58,
 139.140000,   35.570721,       -7.83,
 139.144505,   35.570721,       -9.24,
 139.149009,   35.570721,      -10.62,
 139.153514,   35.570721,      -11.98,
 139.158018,   35.570721,      -13.30,
 139.162523,   35.570721,      -14.59,
 139.167027,   35.570721,      -15.86,
 139.171532,   35.570721,      -17.10,
 139.176036,   35.570721,      -18.31,
 139.180541,   35.570721,      -19.49,
 139.185045,   35.570721,      -20.64,
 139.189550,   35.570721,      -21.76,
 139.194054,   35.570721,      -22.85,
 139.198559,   35.570721,      -23.92,
 139.203063,   35.570721,      -24.95,
 139.207568,   35.570721,      -25.96,
 139.212072,   35.570721,      -26.94,
 139.216577,   35.570721,      -27.89,
 139.221081,   35.570721,      -28.81,
 139.225586,   35.570721,      -29.70,
 139.230090,   35.570721,      -30.56,
 139.234595,   35.570721,      -31.39,
 139.239099,   35.570721,      -32.20,
 139.243604,   35.570721,      -32.98,
 139.248108,   35.570721,      -33.72,
 139.252613,   35.570721,      -34.44,
 139.257117,   35.570721,      -35.13,
 139.261622,   35.570721,      -35.79,
 139.266126,   35.570721,      -36.42,
 139.270631,   35.570721,      -37.03,
 139.275135,   35.570721,      -37.60,
 139.279640,   35.570721,      -38.15,
 139.284144,   35.570721,      -38.66,
 139.288649,   35.570721,      -39.15,
 139.293153,   35.570721,      -39.61,
 139.297658,   35.570721,      -40.04,
 139.302162,   35.570721,      -40.44,
 139.306667,   35.570721,      -40.81,
 139.311171,   35.570721,      -41.16,
 139.315676,   35.570721,      -41.47,
 139.320180,   35.570721,      -41.76,
 139.324685,   35.570721,      -42.02,
 139.329189,   35.570721,      -42.24,
 139.333694,   35.570721,      -42.44,
 139.338198,   35.570721,      -42.61,
 139.342703,   35.570721,      -42.76,
 139.347207,   35.570721,      -42.87,
 139.351712,   35.570721,      -42.95,
 139.356216,   35.570721,      -43.01,
 139.360721,   35.570721,      -43.04,
 139.365225,   35.570721,      -43.03,
 139.369730,   35.570721,      -43.00,
 139.374234,   35.570721,      -42.94,
 139.378739,   35.570721,      -42.85,
 139.383243,   35.570721,      -42.74,
 139.387748,   35.570721,      -42.59,
 139.392252,   35.570721,      -42.41,
 139.396757,   35.570721,      -42.21,
 139.401261,   35.570721,      -41.98,
 139.405766,   35.570721,      -41.72,
 139.410270,   35.570721,      -41.42,
 139.414775,   35.570721,      -41.11,
 139.419279,   35.570721,      -40.76,
 139.423784,   35.570721,      -40.38,
 139.428288,   35.570721,      -39.97,
 139.432793,   35.570721,      -39.54,
 139.437297,   35.570721,      -39.08,
 139.441802,   35.570721,      -38.58,
 139.446306,   35.570721,      -38.06,
 139.450811,   35.570721,      -37.51,
 139.455315,   35.570721,      -36.93,
 139.459820,   35.570721,      -36.33,
 139.464324,   35.570721,      -35.69,
 139.468829,   35.570721,      -35.02,
 139.473333,   35.570721,      -34.33,
 139.477838,   35.570721,      -33.61,
 139.482342,   35.570721,      -32.86,
 139.486847,   35.570721,      -32.07,
 139.491351,   35.570721,      -31.26,
 139.495856,   35.570721,      -30.43,
 139.500360,   35.570721,      -29.56,
 139.504865,   35.570721,      -28.66,
 139.509369,   35.570721,      -27.74,
 139.513874,   35.570721,      -26.78,
 139.518378,   35.570721,      -25.80,
 139.522883,   35.570721,      -24.79,
 139.527387,   35.570721,      -23.75,
 139.531892,   35.570721,      -22.68,
 139.536396,   35.570721,      -21.58,
 139.540901,   35.570721,      -20.46,
 139.545405,   35.570721,      -19.30,
 139.549910,   35.570721,      -18.12,
 139.554414,   35.570721,      -16.90,
 139.558919,   35.570721,      -15.66,
 139.563423,   35.570721,      -14.39,
 139.567928,   35.570721,      -13.09,
 139.572432,   35.570721,      -11.76,
 139.576937,   35.570721,      -10.41,
 139.581441,   35.570721,       -9.02,
 139.585946,   35.570721,       -7.61,
 139.590450,   35.570721,       -6.16,
 139.594955,   35.570721,       -4.69,
 139.599459,   35.570721,       -3.19,
 139.603964,   35.570721,       -1.66,
 139.608468,   35.570721,       -0.10,
 139.612973,   35.570721,        1.49,
 139.617477,   35.570721,        3.11,
 139.621982,   35.570721,        4.75,
 139.626486,   35.570721,        6.43,
 139.630991,   35.570721,        8.13,
 139.635495,   35.570721,        9.86,
 139.640000,   35.570721,       11.62,
 139.644505,   35.570721,       11.19,
 139.649009,   35.570721,       10.81,
 139.653514,   35.570721,       10.46,
 139.658018,   35.570721,       10.10,
 139.662523,   35.570721,        9.75,
 139.667027,   35.570721,        9.41,
 139.671532,   35.570721,        9.07,
 139.676036,   35.570721,        8.74,
 139.680541,   35.570721,        8.43,
 139.685045,   35.570721,        8.14,
 139.689550,   35.570721,        7.89,
 139.694054,   35.570721,        7.71,
 139.698559,   35.570721,        7.62,
 139.703063,   35.570721,        7.72,
 139.707568,   35.570721,        8.16,
 139.712072,   35.570721,        9.36,
 139.716577,   35.570721,       11.69,
 139.721081,   35.570721,       14.03,
 139.725586,   35.570721,       16.29,
 139.730090,   35.570721,       18.32,
 139.734595,   35.570721,       20.32,
 139.739099,   35.570721,       22.56,
 139.743604,   35.570721,       25.29,
 139.748108,   35.570721,       26.09,
 139.752613,   35.570721,       25.27,
 139.757117,   35.570721,       24.27,
 139.761622,   35.570721,       23.05,
 139.766126,   35.570721,       22.02,
 139.770631,   35.570721,       21.78,
 139.775135,   35.570721,       22.85,
 139.779640,   35.570721,       24.85,
 139.784144,   35.570721,       27.31,
 139.788649,   35.570721,       29.83,
 139.793153,   35.570721,       31.48,
 139.797658,   35.570721,       33.14,
 139.802162,   35.570721,       35.87,
 139.806667,   35.570721,       38.68,
 139.811171,   35.570721,       41.52,
 139.815676,   35.570721,       44.08,
 139.820180,   35.570721,       46.08,
 139.824685,   35.570721,       47.45,
 139.829189,   35.570721,       48.19,
 139.833694,   35.570721,       48.60,
 139.838198,   35.570721,       48.77,
 139.842703,   35.570721,       48.86,
 139.847207,   35.570721,       48.95,
 139.851712,   35.570721,       49.03,
 139.856216,   35.570721,       49.15,
 139.860721,   35.570721,       49.27,
 139.865225,   35.570721,       49.40,
 139.869730,   35.570721,       49.56,
 139.874234,   35.570721,       49.75,
 139.878739,   35.570721,       50.00,
 139.883243,   35.570721,       50.33,
 139.887748,   35.570721,       50.66,
 139.892252,   35.570721,       50.99,
 139.896757,   35.570721,       51.34,
 139.901261,   35.570721,       51.67,
 139.905766,   35.570721,       52.00,
 139.910270,   35.570721,       52.31,
 139.914775,   35.570721,       52.61,
 139.919279,   35.570721,       52.90,
 139.923784,   35.570721,       53.19,
 139.928288,   35.570721,       53.46,
 139.932793,   35.570721,       53.71,
 139.937297,   35.570721,       53.96,
 139.941802,   35.570721,       54.21,
 139.946306,   35.570721,       54.44,
 139.950811,   35.570721,       54.67,
 139.955315,   35.570721,       54.88,
 139.959820,   35.570721,       55.09,
 139.964324,   35.570721,       55.31,
 139.968829,   35.570721,       55.53,
 139.973333,   35.570721,       55.75,
 139.977838,   35.570721,       55.97,
 139.982342,   35.570721,       56.18,
 139.986847,   35.570721,       56.41,
 139.991351,   35.570721,       56.64,
 139.995856,   35.570721,       56.90,
 140.000360,   35.570721,       57.17,
 140.004865,   35.570721,       57.47,
 140.009369,   35.570721,       57.78,
 140.013874,   35.570721,       58.11,
 140.018378,   35.570721,       58.44,
 140.022883,   35.570721,       58.76,
 140.027387,   35.570721,       59.07,
 140.031892,   35.570721,       59.36,
 140.036396,   35.570721,       59.59,
 140.040901,   35.570721,       59.75,
 140.045405,   35.570721,       59.86,
 140.049910,   35.570721,       59.77,
 140.054414,   35.570721,       59.62,
 140.058919,   35.570721,       59.32,
 140.063423,   35.570721,       58.88,
 140.067928,   35.570721,       58.39,
 140.072432,   35.570721,       57.99,
 140.076937,   35.570721,       57.78,
 140.081441,   35.570721,       58.13,
 140.085946,   35.570721,       58.59,
 140.090450,   35.570721,       58.99,
 140.094955,   35.570721,       59.90,
 140.099459,   35.570721,       60.89,
 140.103964,   35.570721,       61.83,
 140.108468,   35.570721,       62.65,
 140.112973,   35.570721,       63.43,
 140.117477,   35.570721,       63.75,
 140.121982,   35.570721,       64.10,
 140.126486,   35.570721,       64.46,
 140.130991,   35.570721,       64.85,
 140.135495,   35.570721,       65.25,
 140.140000,   35.570721,       65.65,
 140.144505,   35.570721,       66.04,
 140.149009,   35.570721,       66.44,
 140.153514,   35.570721,       66.83,
 140.158018,   35.570721,       67.22,
 140.162523,   35.570721,       67.61,
 140.167027,   35.570721,       67.99,
 140.171532,   35.570721,       68.38,
 140.176036,   35.570721,       68.76,
 140.180541,   35.570721,       69.13,
 140.185045,   35.570721,       69.51,
 140.189550,   35.570721,       69.88,
 140.194054,   35.570721,       70.26,
 140.198559,   35.570721,       70.63,
 140.203063,   35.570721,       70.99,
 140.207568,   35.570721,       71.36,
 140.212072,   35.570721,       71.72,
 140.216577,   35.570721,       72.08,
 140.221081,   35.570721,       72.44,
 140.225586,   35.570721,       72.79,
 140.230090,   35.570721,       73.15,
 140.234595,   35.570721,       73.50,
 140.239099,   35.570721,       73.85,
 140.243604,   35.570721,       74.19,
 140.248108,   35.570721,       74.54,
 140.252613,   35.570721,       74.88,
 140.257117,   35.570721,       75.22,
 140.261622,   35.570721,       75.56,
 140.266126,   35.570721,       75.90,
 140.270631,   35.570721,       76.23,
 140.275135,   35.570721,       76.56,
 140.279640,   35.570721,       76.89,
 140.284144,   35.570721,       77.21,
 140.288649,   35.570721,       77.54,
 140.293153,   35.570721,       77.86,
 140.297658,   35.570721,       78.18,
 140.302162,   35.570721,       78.50,
 140.306667,   35.570721,       78.81,
 140.311171,   35.570721,       79.13,
 140.315676,   35.570721,       79.44,
 140.320180,   35.570721,       79.75,
 140.324685,   35.570721,       80.05,
 140.329189,   35.570721,       80.36,
 140.333694,   35.570721,       80.66,
 140.338198,   35.570721,       80.96,
 140.342703,   35.570721,       81.26,
 140.347207,   35.570721,       81.55,
 140.351712,   35.570721,       81.84,
 140.356216,   35.570721,       82.13,
 140.360721,   35.570721,       82.42,
 140.365225,   35.570721,       82.71,
 140.369730,   35.570721,       82.99,
 140.374234,   35.570721,       83.27,
 140.378739,   35.570721,       83.55,
 140.383243,   35.570721,       83.83,
 140.387748,   35.570721,       84.11,
 139.140000,   35.575225,       -9.83,
 139.144505,   35.575225,      -11.26,
 139.149009,   35.575225,      -12.65,
 139.153514,   35.575225,      -14.01,
 139.158018,   35.575225,      -15.35,
 139.162523,   35.575225,      -16.66,
 139.167027,   35.575225,      -17.94,
 139.171532,   35.575225,      -19.18,
 139.176036,   35.575225,      -20.41,
 139.180541,   35.575225,      -21.60,
 139.185045,   35.575225,      -22.76,
 139.189550,   35.575225,      -23.89,
 139.194054,   35.575225,      -25.00,
 139.198559,   35.575225,      -26.08,
 139.203063,   35.575225,      -27.12,
 139.207568,   35.575225,      -28.14,
 139.212072,   35.575225,      -29.13,
 139.216577,   35.575225,      -30.09,
 139.221081,   35.575225,      -31.03,
 139.225586,   35.575225,      -31.93,
 139.230090,   35.575225,      -32.81,
 139.234595,   35.575225,      -33.65,
 139.239099,   35.575225,      -34.47,
 139.243604,   35.575225,      -35.26,
 139.248108,   35.575225,      -36.02,
 139.252613,   35.575225,      -36.75,
 139.257117,   35.575225,      -37.45,
 139.261622,   35.575225,      -38.12,
 139.266126,   35.575225,      -38.77,
 139.270631,   35.575225,      -39.38,
 139.275135,   35.575225,      -39.97,
 139.279640,   35.575225,      -40.53,
 139.284144,   35.575225,      -41.05,
 139.288649,   35.575225,      -41.55,
 139.293153,   35.575225,      -42.03,
 139.297658,   35.575225,      -42.47,
 139.302162,   35.575225,      -42.88,
 139.306667,   35.575225,      -43.27,
 139.311171,   35.575225,      -43.62,
 139.315676,   35.575225,      -43.95,
 139.320180,   35.575225,      -44.25,
 139.324685,   35.575225,      -44.52,
 139.329189,   35.575225,      -44.76,
 139.333694,   35.575225,      -44.97,
 139.338198,   35.575225,      -45.15,
 139.342703,   35.575225,      -45.31,
 139.347207,   35.575225,      -45.43,
 139.351712,   35.575225,      -45.53,
 139.356216,   35.575225,      -45.59,
 139.360721,   35.575225,      -45.63,
 139.365225,   35.575225,      -45.64,
 139.369730,   35.575225,      -45.62,
 139.374234,   35.575225,      -45.58,
 139.378739,   35.575225,      -45.50,
 139.383243,   35.575225,      -45.39,
 139.387748,   35.575225,      -45.26,
 139.392252,   35.575225,      -45.10,
 139.396757,   35.575225,      -44.90,
 139.401261,   35.575225,      -44.68,
 139.405766,   35.575225,      -44.43,
 139.410270,   35.575225,      -44.16,
 139.414775,   35.575225,      -43.85,
 139.419279,   35.575225,      -43.51,
 139.423784,   35.575225,      -43.15,
 139.428288,   35.575225,      -42.75,
 139.432793,   35.575225,      -42.33,
 139.437297,   35.575225,      -41.88,
 139.441802,   35.575225,      -41.40,
 139.446306,   35.575225,      -40.89,
 139.450811,   35.575225,      -40.35,
 139.455315,   35.575225,      -39.79,
 139.459820,   35.575225,      -39.19,
 139.464324,   35.575225,      -38.57,
 139.468829,   35.575225,      -37.91,
 139.473333,   35.575225,      -37.23,
 139.477838,   35.575225,      -36.52,
 139.482342,   35.575225,      -35.78,
 139.486847,   35.575225,      -35.01,
 139.491351,   35.575225,      -34.22,
 139.495856,   35.575225,      -33.39,
 139.500360,   35.575225,      -32.53,
 139.504865,   35.575225,      -31.65,
 139.509369,   35.575225,      -30.74,
 139.513874,   35.575225,      -29.80,
 139.518378,   35.575225,      -28.83,
 139.522883,   35.575225,      -27.83,
 139.527387,   35.575225,      -26.80,
 139.531892,   35.575225,      -25.74,
 139.536396,   35.575225,      -24.66,
 139.540901,   35.575225,      -23.54,
 139.545405,   35.575225,      -22.40,
 139.549910,   35.575225,      -21.23,
 139.554414,   35.575225,      -20.03,
 139.558919,   35.575225,      -18.80,
 139.563423,   35.575225,      -17.54,
 139.567928,   35.575225,      -16.25,
 139.572432,   35.575225,      -14.93,
 139.576937,   35.575225,      -13.59,
 139.581441,   35.575225,      -12.21,
 139.585946,   35.575225,      -10.81,
 139.590450,   35.575225,       -9.38,
 139.594955,   35.575225,       -7.92,
 139.599459,   35.575225,       -6.43,
 139.603964,   35.575225,       -4.91,
 139.608468,   35.575225,       -3.37,
 139.612973,   35.575225,       -1.79,
 139.617477,   35.575225,       -0.19,
 139.621982,   35.575225,        1.45,
 139.626486,   35.575225,        3.11,
 139.630991,   35.575225,        4.80,
 139.635495,   35.575225,        6.52,
 139.640000,   35.575225,        8.27,
 139.644505,   35.575225,       10.05,
 139.649009,   35.575225,       10.74,
 139.653514,   35.575225,       10.34,
 139.658018,   35.575225,        9.99,
 139.662523,   35.575225,        9.64,
 139.667027,   35.575225,        9.30,
 139.671532,   35.575225,        8.96,
 139.676036,   35.575225,        8.63,
 139.680541,   35.575225,        8.32,
 139.685045,   35.575225,        8.02,
 139.689550,   35.575225,        7.75,
 139.694054,   35.575225,        7.53,
 139.698559,   35.575225,        7.39,
 139.703063,   35.575225,        7.38,
 139.707568,   35.575225,        7.59,
 139.712072,   35.575225,        8.25,
 139.716577,   35.575225,        9.97,
 139.721081,   35.575225,       12.49,
 139.725586,   35.575225,       14.98,
 139.730090,   35.575225,       17.38,
 139.734595,   35.575225,       19.58,
 139.739099,   35.575225,       21.98,
 139.743604,   35.575225,       24.57,
 139.748108,   35.575225,       25.80,
 139.752613,   35.575225,       24.82,
 139.757117,   35.575225,       23.88,
 139.761622,   35.575225,       23.00,
 139.766126,   35.575225,       22.43,
 139.770631,   35.575225,       22.19,
 139.775135,   35.575225,       22.78,
 139.779640,   35.575225,       24.00,
 139.784144,   35.575225,       26.38,
 139.788649,   35.575225,       28.85,
 139.793153,   35.575225,       30.78,
 139.797658,   35.575225,       32.85,
 139.802162,   35.575225,       35.66,
 139.806667,   35.575225,       38.48,
 139.811171,   35.575225,       41.22,
 139.815676,   35.575225,       43.92,
 139.820180,   35.575225,       45.65,
 139.824685,   35.575225,       46.94,
 139.829189,   35.575225,       47.84,
 139.833694,   35.575225,       48.09,
 139.838198,   35.575225,       48.24,
 139.842703,   35.575225,       48.34,
 139.847207,   35.575225,       48.42,
 139.851712,   35.575225,       48.51,
 139.856216,   35.575225,       48.60,
 139.860721,   35.575225,       48.70,
 139.865225,   35.575225,       48.81,
 139.869730,   35.575225,       48.98,
 139.874234,   35.575225,       49.16,
 139.878739,   35.575225,       49.34,
 139.883243,   35.575225,       49.61,
 139.887748,   35.575225,       49.94,
 139.892252,   35.575225,       50.27,
 139.896757,   35.575225,       50.59,
 139.901261,   35.575225,       50.91,
 139.905766,   35.575225,       51.23,
 139.910270,   35.575225,       51.54,
 139.914775,   35.575225,       51.84,
 139.919279,   35.575225,       52.13,
 139.923784,   35.575225,       52.43,
 139.928288,   35.575225,       52.71,
 139.932793,   35.575225,       52.96,
 139.937297,   35.575225,       53.22,
 139.941802,   35.575225,       53.47,
 139.946306,   35.575225,       53.72,
 139.950811,   35.575225,       53.97,
 139.955315,   35.575225,       54.20,
 139.959820,   35.575225,       54.43,
 139.964324,   35.575225,       54.67,
 139.968829,   35.575225,       54.89,
 139.973333,   35.575225,       55.11,
 139.977838,   35.575225,       55.32,
 139.982342,   35.575225,       55.53,
 139.986847,   35.575225,       55.79,
 139.991351,   35.575225,       56.04,
 139.995856,   35.575225,       56.30,
 140.000360,   35.575225,       56.56,
 140.004865,   35.575225,       56.85,
 140.009369,   35.575225,       57.19,
 140.013874,   35.575225,       57.54,
 140.018378,   35.575225,       57.88,
 140.022883,   35.575225,       58.20,
 140.027387,   35.575225,       58.51,
 140.031892,   35.575225,       58.82,
 140.036396,   35.575225,       59.10,
 140.040901,   35.575225,       59.28,
 140.045405,   35.575225,       59.38,
 140.049910,   35.575225,       59.42,
 140.054414,   35.575225,       59.28,
 140.058919,   35.575225,       59.04,
 140.063423,   35.575225,       58.68,
 140.067928,   35.575225,       58.18,
 140.072432,   35.575225,       57.79,
 140.076937,   35.575225,       57.60,
 140.081441,   35.575225,       57.98,
 140.085946,   35.575225,       58.55,
 140.090450,   35.575225,       59.36,
 140.094955,   35.575225,       60.34,
 140.099459,   35.575225,       61.29,
 140.103964,   35.575225,       62.15,
 140.108468,   35.575225,       62.98,
 140.112973,   35.575225,       63.95,
 140.117477,   35.575225,       64.23,
 140.121982,   35.575225,       64.56,
 140.126486,   35.575225,       64.93,
 140.130991,   35.575225,       65.33,
 140.135495,   35.575225,       65.73,
 140.140000,   35.575225,       66.13,
 140.144505,   35.575225,       66.53,
 140.149009,   35.575225,       66.92,
 140.153514,   35.575225,       67.32,
 140.158018,   35.575225,       67.71,
 140.162523,   35.575225,       68.10,
 140.167027,   35.575225,       68.48,
 140.171532,   35.575225,       68.87,
 140.176036,   35.575225,       69.25,
 140.180541,   35.575225,       69.63,
 140.185045,   35.575225,       70.00,
 140.189550,   35.575225,       70.38,
 140.194054,   35.575225,       70.75,
 140.198559,   35.575225,       71.12,
 140.203063,   35.575225,       71.49,
 140.207568,   35.575225,       71.85,
 140.212072,   35.575225,       72.22,
 140.216577,   35.575225,       72.58,
 140.221081,   35.575225,       72.94,
 140.225586,   35.575225,       73.29,
 140.230090,   35.575225,       73.65,
 140.234595,   35.575225,       74.00,
 140.239099,   35.575225,       74.35,
 140.243604,   35.575225,       74.70,
 140.248108,   35.575225,       75.04,
 140.252613,   35.575225,       75.39,
 140.257117,   35.575225,       75.73,
 140.261622,   35.575225,       76.07,
 140.266126,   35.575225,       76.40,
 140.270631,   35.575225,       76.74,
 140.275135,   35.575225,       77.07,
 140.279640,   35.575225,       77.40,
 140.284144,   35.575225,       77.73,
 140.288649,   35.575225,       78.05,
 140.293153,   35.575225,       78.38,
 140.297658,   35.575225,       78.70,
 140.302162,   35.575225,       79.01,
 140.306667,   35.575225,       79.33,
 140.311171,   35.575225,       79.64,
 140.315676,   35.575225,       79.96,
 140.320180,   35.575225,       80.27,
 140.324685,   35.575225,       80.57,
 140.329189,   35.575225,       80.88,
 140.333694,   35.575225,       81.18,
 140.338198,   35.575225,       81.48,
 140.342703,   35.575225,       81.78,
 140.347207,   35.575225,       82.08,
 140.351712,   35.575225,       82.37,
 140.356216,   35.575225,       82.66,
 140.360721,   35.575225,       82.95,
 140.365225,   35.575225,       83.24,
 140.369730,   35.575225,       83.52,
 140.374234,   35.575225,       83.80,
 140.378739,   35.575225,       84.08,
 140.383243,   35.575225,       84.36,
 140.387748,   35.575225,       84.64,
 139.140000,   35.579730,      -11.86,
 139.144505,   35.579730,      -13.30,
 139.149009,   35.579730,      -14.70,
 139.153514,   35.579730,      -16.08,
 139.158018,   35.579730,      -17.43,
 139.162523,   35.579730,      -18.75,
 139.167027,   35.579730,      -20.04,
 139.171532,   35.579730,      -21.30,
 139.176036,   35.579730,      -22.53,
 139.180541,   35.579730,      -23.74,
 139.185045,   35.579730,      -24.91,
 139.189550,   35.579730,      -26.06,
 139.194054,   35.579730,      -27.18,
 139.198559,   35.579730,      -28.27,
 139.203063,   35.579730,      -29.33,
 139.207568,   35.579730,      -30.36,
 139.212072,   35.579730,      -31.36,
 139.216577,   35.579730,      -32.33,
 139.221081,   35.579730,      -33.28,
 139.225586,   35.579730,      -34.19,
 139.230090,   35.579730,      -35.08,
 139.234595,   35.579730,      -35.94,
 139.239099,   35.579730,      -36.77,
 139.243604,   35.579730,      -37.57,
 139.248108,   35.579730,      -38.34,
 139.252613,   35.579730,      -39.08,
 139.257117,   35.579730,      -39.80,
 139.261622,   35.579730,      -40.48,
 139.266126,   35.579730,      -41.14,
 139.270631,   35.579730,      -41.76,
 139.275135,   35.579730,      -42.36,
 139.279640,   35.579730,      -42.93,
 139.284144,   35.579730,      -43.47,
 139.288649,   35.579730,      -43.99,
 139.293153,   35.579730,      -44.47,
 139.297658,   35.579730,      -44.92,
 139.302162,   35.579730,      -45.35,
 139.306667,   35.579730,      -45.75,
 139.311171,   35.579730,      -46.11,
 139.315676,   35.579730,      -46.45,
 139.320180,   35.579730,      -46.76,
 139.324685,   35.579730,      -47.05,
 139.329189,   35.579730,      -47.30,
 139.333694,   35.579730,      -47.52,
 139.338198,   35.579730,      -47.72,
 139.342703,   35.579730,      -47.88,
 139.347207,   35.579730,      -48.02,
 139.351712,   35.579730,      -48.13,
 139.356216,   35.579730,      -48.21,
 139.360721,   35.579730,      -48.26,
 139.365225,   35.579730,      -48.28,
 139.369730,   35.579730,      -48.27,
 139.374234,   35.579730,      -48.24,
 139.378739,   35.579730,      -48.17,
 139.383243,   35.579730,      -48.08,
 139.387748,   35.579730,      -47.96,
 139.392252,   35.579730,      -47.81,
 139.396757,   35.579730,      -47.63,
 139.401261,   35.579730,      -47.42,
 139.405766,   35.579730,      -47.18,
 139.410270,   35.579730,      -46.92,
 139.414775,   35.579730,      -46.62,
 139.419279,   35.579730,      -46.30,
 139.423784,   35.579730,      -45.94,
 139.428288,   35.579730,      -45.56,
 139.432793,   35.579730,      -45.15,
 139.437297,   35.579730,      -44.71,
 139.441802,   35.579730,      -44.25,
 139.446306,   35.579730,      -43.75,
 139.450811,   35.579730,      -43.22,
 139.455315,   35.579730,      -42.67,
 139.459820,   35.579730,      -42.08,
 139.464324,   35.579730,      -41.47,
 139.468829,   35.579730,      -40.83,
 139.473333,   35.579730,      -40.16,
 139.477838,   35.579730,      -39.46,
 139.482342,   35.579730,      -38.74,
 139.486847,   35.579730,      -37.98,
 139.491351,   35.579730,      -37.19,
 139.495856,   35.579730,      -36.38,
 139.500360,   35.579730,      -35.54,
 139.504865,   35.579730,      -34.67,
 139.509369,   35.579730,      -33.77,
 139.513874,   35.579730,      -32.84,
 139.518378,   35.579730,      -31.88,
 139.522883,   35.579730,      -30.89,
 139.527387,   35.579730,      -29.87,
 139.531892,   35.579730,      -28.83,
 139.536396,   35.579730,      -27.76,
 139.540901,   35.579730,      -26.65,
 139.545405,   35.579730,      -25.52,
 139.549910,   35.579730,      -24.36,
 139.554414,   35.579730,      -23.17,
 139.558919,   35.579730,      -21.96,
 139.563423,   35.579730,      -20.71,
 139.567928,   35.579730,      -19.44,
 139.572432,   35.579730,      -18.13,
 139.576937,   35.579730,      -16.80,
 139.581441,   35.579730,      -15.44,
 139.585946,   35.579730,      -14.05,
 139.590450,   35.579730,      -12.63,
 139.594955,   35.579730,      -11.18,
 139.599459,   35.579730,       -9.70,
 139.603964,   35.579730,       -8.20,
 139.608468,   35.579730,       -6.66,
 139.612973,   35.579730,       -5.10,
 139.617477,   35.579730,       -3.50,
 139.621982,   35.579730,       -1.88,
 139.626486,   35.579730,       -0.23,
 139.630991,   35.579730,        1.45,
 139.635495,   35.579730,        3.15,
 139.640000,   35.579730,        4.89,
 139.644505,   35.579730,        6.66,
 139.649009,   35.579730,        8.45,
 139.653514,   35.579730,       10.27,
 139.658018,   35.579730,        9.88,
 139.662523,   35.579730,        9.52,
 139.667027,   35.579730,        9.18,
 139.671532,   35.579730,        8.84,
 139.676036,   35.579730,        8.51,
 139.680541,   35.579730,        8.19,
 139.685045,   35.579730,        7.89,
 139.689550,   35.579730,        7.61,
 139.694054,   35.579730,        7.37,
 139.698559,   35.579730,        7.18,
 139.703063,   35.579730,        7.09,
 139.707568,   35.579730,        7.15,
 139.712072,   35.579730,        7.51,
 139.716577,   35.579730,        8.48,
 139.721081,   35.579730,       10.76,
 139.725586,   35.579730,       13.44,
 139.730090,   35.579730,       16.10,
 139.734595,   35.579730,       18.59,
 139.739099,   35.579730,       20.85,
 139.743604,   35.579730,       23.03,
 139.748108,   35.579730,       24.85,
 139.752613,   35.579730,       24.37,
 139.757117,   35.579730,       23.48,
 139.761622,   35.579730,       22.75,
 139.766126,   35.579730,       22.80,
 139.770631,   35.579730,       22.79,
 139.775135,   35.579730,       22.35,
 139.779640,   35.579730,       23.71,
 139.784144,   35.579730,       25.90,
 139.788649,   35.579730,       27.91,
 139.793153,   35.579730,       30.40,
 139.797658,   35.579730,       32.92,
 139.802162,   35.579730,       35.65,
 139.806667,   35.579730,       38.35,
 139.811171,   35.579730,       41.00,
 139.815676,   35.579730,       43.55,
 139.820180,   35.579730,       45.36,
 139.824685,   35.579730,       46.83,
 139.829189,   35.579730,       47.43,
 139.833694,   35.579730,       47.73,
 139.838198,   35.579730,       47.83,
 139.842703,   35.579730,       47.85,
 139.847207,   35.579730,       47.91,
 139.851712,   35.579730,       47.97,
 139.856216,   35.579730,       48.04,
 139.860721,   35.579730,       48.12,
 139.865225,   35.579730,       48.21,
 139.869730,   35.579730,       48.38,
 139.874234,   35.579730,       48.56,
 139.878739,   35.579730,       48.73,
 139.883243,   35.579730,       48.93,
 139.887748,   35.579730,       49.22,
 139.892252,   35.579730,       49.54,
 139.896757,   35.579730,       49.85,
 139.901261,   35.579730,       50.16,
 139.905766,   35.579730,       50.47,
 139.910270,   35.579730,       50.78,
 139.914775,   35.579730,       51.08,
 139.919279,   35.579730,       51.38,
 139.923784,   35.579730,       51.67,
 139.928288,   35.579730,       51.95,
 139.932793,   35.579730,       52.23,
 139.937297,   35.579730,       52.49,
 139.941802,   35.579730,       52.77,
 139.946306,   35.579730,       53.04,
 139.950811,   35.579730,       53.30,
 139.955315,   35.579730,       53.55,
 139.959820,   35.579730,       53.80,
 139.964324,   35.579730,       54.04,
 139.968829,   35.579730,       54.27,
 139.973333,   35.579730,       54.49,
 139.977838,   35.579730,       54.71,
 139.982342,   35.579730,       54.96,
 139.986847,   35.579730,       55.21,
 139.991351,   35.579730,       55.47,
 139.995856,   35.579730,       55.72,
 140.000360,   35.579730,       55.97,
 140.004865,   35.579730,       56.29,
 140.009369,   35.579730,       56.66,
 140.013874,   35.579730,       57.00,
 140.018378,   35.579730,       57.33,
 140.022883,   35.579730,       57.65,
 140.027387,   35.579730,       57.99,
 140.031892,   35.579730,       58.33,
 140.036396,   35.579730,       58.63,
 140.040901,   35.579730,       58.85,
 140.045405,   35.579730,       58.98,
 140.049910,   35.579730,       59.07,
 140.054414,   35.579730,       59.04,
 140.058919,   35.579730,       58.88,
 140.063423,   35.579730,       58.53,
 140.067928,   35.579730,       58.01,
 140.072432,   35.579730,       57.74,
 140.076937,   35.579730,       57.61,
 140.081441,   35.579730,       58.15,
 140.085946,   35.579730,       58.90,
 140.090450,   35.579730,       59.98,
 140.094955,   35.579730,       60.95,
 140.099459,   35.579730,       61.87,
 140.103964,   35.579730,       62.71,
 140.108468,   35.579730,       63.49,
 140.112973,   35.579730,       64.47,
 140.117477,   35.579730,       64.69,
 140.121982,   35.579730,       65.01,
 140.126486,   35.579730,       65.41,
 140.130991,   35.579730,       65.82,
 140.135495,   35.579730,       66.22,
 140.140000,   35.579730,       66.62,
 140.144505,   35.579730,       67.02,
 140.149009,   35.579730,       67.41,
 140.153514,   35.579730,       67.81,
 140.158018,   35.579730,       68.20,
 140.162523,   35.579730,       68.59,
 140.167027,   35.579730,       68.97,
 140.171532,   35.579730,       69.36,
 140.176036,   35.579730,       69.74,
 140.180541,   35.579730,       70.12,
 140.185045,   35.579730,       70.50,
 140.189550,   35.579730,       70.87,
 140.194054,   35.579730,       71.25,
 140.198559,   35.579730,       71.62,
 140.203063,   35.579730,       71.99,
 140.207568,   35.579730,       72.35,
 140.212072,   35.579730,       72.72,
 140.216577,   35.579730,       73.08,
 140.221081,   35.579730,       73.44,
 140.225586,   35.579730,       73.80,
 140.230090,   35.579730,       74.15,
 140.234595,   35.579730,       74.51,
 140.239099,   35.579730,       74.86,
 140.243604,   35.579730,       75.21,
 140.248108,   35.579730,       75.55,
 140.252613,   35.579730,       75.90,
 140.257117,   35.579730,       76.24,
 140.261622,   35.579730,       76.58,
 140.266126,   35.579730,       76.91,
 140.270631,   35.579730,       77.25,
 140.275135,   35.579730,       77.58,
 140.279640,   35.579730,       77.91,
 140.284144,   35.579730,       78.24,
 140.288649,   35.579730,       78.57,
 140.293153,   35.579730,       78.89,
 140.297658,   35.579730,       79.21,
 140.302162,   35.579730,       79.53,
 140.306667,   35.579730,       79.85,
 140.311171,   35.579730,       80.16,
 140.315676,   35.579730,       80.48,
 140.320180,   35.579730,       80.79,
 140.324685,   35.579730,       81.10,
 140.329189,   35.579730,       81.40,
 140.333694,   35.579730,       81.70,
 140.338198,   35.579730,       82.01,
 140.342703,   35.579730,       82.31,
 140.347207,   35.579730,       82.60,
 140.351712,   35.579730,       82.90,
 140.356216,   35.579730,       83.19,
 140.360721,   35.579730,       83.48,
 140.365225,   35.579730,       83.77,
 140.369730,   35.579730,       84.05,
 140.374234,   35.579730,       84.34,
 140.378739,   35.579730,       84.62,
 140.383243,   35.579730,       84.90,
 140.387748,   35.579730,       85.17,
 139.140000,   35.584234,      -13.92,
 139.144505,   35.584234,      -15.37,
 139.149009,   35.584234,      -16.79,
 139.153514,   35.584234,      -18.18,
 139.158018,   35.584234,      -19.54,
 139.162523,   35.584234,      -20.87,
 139.167027,   35.584234,      -22.17,
 139.171532,   35.584234,      -23.44,
 139.176036,   35.584234,      -24.69,
 139.180541,   35.584234,      -25.91,
 139.185045,   35.584234,      -27.09,
 139.189550,   35.584234,      -28.25,
 139.194054,   35.584234,      -29.38,
 139.198559,   35.584234,      -30.48,
 139.203063,   35.584234,      -31.55,
 139.207568,   35.584234,      -32.60,
 139.212072,   35.584234,      -33.61,
 139.216577,   35.584234,      -34.60,
 139.221081,   35.584234,      -35.55,
 139.225586,   35.584234,      -36.48,
 139.230090,   35.584234,      -37.38,
 139.234595,   35.584234,      -38.25,
 139.239099,   35.584234,      -39.09,
 139.243604,   35.584234,      -39.91,
 139.248108,   35.584234,      -40.69,
 139.252613,   35.584234,      -41.44,
 139.257117,   35.584234,      -42.17,
 139.261622,   35.584234,      -42.87,
 139.266126,   35.584234,      -43.54,
 139.270631,   35.584234,      -44.18,
 139.275135,   35.584234,      -44.79,
 139.279640,   35.584234,      -45.37,
 139.284144,   35.584234,      -45.92,
 139.288649,   35.584234,      -46.45,
 139.293153,   35.584234,      -46.94,
 139.297658,   35.584234,      -47.41,
 139.302162,   35.584234,      -47.85,
 139.306667,   35.584234,      -48.26,
 139.311171,   35.584234,      -48.64,
 139.315676,   35.584234,      -48.99,
 139.320180,   35.584234,      -49.31,
 139.324685,   35.584234,      -49.60,
 139.329189,   35.584234,      -49.87,
 139.333694,   35.584234,      -50.10,
 139.338198,   35.584234,      -50.31,
 139.342703,   35.584234,      -50.49,
 139.347207,   35.584234,      -50.64,
 139.351712,   35.584234,      -50.76,
 139.356216,   35.584234,      -50.85,
 139.360721,   35.584234,      -50.91,
 139.365225,   35.584234,      -50.95,
 139.369730,   35.584234,      -50.95,
 139.374234,   35.584234,      -50.93,
 139.378739,   35.584234,      -50.88,
 139.383243,   35.584234,      -50.80,
 139.387748,   35.584234,      -50.69,
 139.392252,   35.584234,      -50.55,
 139.396757,   35.584234,      -50.38,
 139.401261,   35.584234,      -50.18,
 139.405766,   35.584234,      -49.96,
 139.410270,   35.584234,      -49.71,
 139.414775,   35.584234,      -49.42,
 139.419279,   35.584234,      -49.11,
 139.423784,   35.584234,      -48.77,
 139.428288,   35.584234,      -48.40,
 139.432793,   35.584234,      -48.00,
 139.437297,   35.584234,      -47.58,
 139.441802,   35.584234,      -47.12,
 139.446306,   35.584234,      -46.63,
 139.450811,   35.584234,      -46.12,
 139.455315,   35.584234,      -45.58,
 139.459820,   35.584234,      -45.01,
 139.464324,   35.584234,      -44.41,
 139.468829,   35.584234,      -43.78,
 139.473333,   35.584234,      -43.12,
 139.477838,   35.584234,      -42.43,
 139.482342,   35.584234,      -41.72,
 139.486847,   35.584234,      -40.98,
 139.491351,   35.584234,      -40.20,
 139.495856,   35.584234,      -39.40,
 139.500360,   35.584234,      -38.57,
 139.504865,   35.584234,      -37.71,
 139.509369,   35.584234,      -36.82,
 139.513874,   35.584234,      -35.90,
 139.518378,   35.584234,      -34.96,
 139.522883,   35.584234,      -33.98,
 139.527387,   35.584234,      -32.98,
 139.531892,   35.584234,      -31.95,
 139.536396,   35.584234,      -30.89,
 139.540901,   35.584234,      -29.80,
 139.545405,   35.584234,      -28.68,
 139.549910,   35.584234,      -27.53,
 139.554414,   35.584234,      -26.35,
 139.558919,   35.584234,      -25.15,
 139.563423,   35.584234,      -23.91,
 139.567928,   35.584234,      -22.65,
 139.572432,   35.584234,      -21.36,
 139.576937,   35.584234,      -20.04,
 139.581441,   35.584234,      -18.69,
 139.585946,   35.584234,      -17.31,
 139.590450,   35.584234,      -15.90,
 139.594955,   35.584234,      -14.47,
 139.599459,   35.584234,      -13.00,
 139.603964,   35.584234,      -11.51,
 139.608468,   35.584234,       -9.98,
 139.612973,   35.584234,       -8.43,
 139.617477,   35.584234,       -6.85,
 139.621982,   35.584234,       -5.24,
 139.626486,   35.584234,       -3.61,
 139.630991,   35.584234,       -1.94,
 139.635495,   35.584234,       -0.24,
 139.640000,   35.584234,        1.48,
 139.644505,   35.584234,        3.23,
 139.649009,   35.584234,        5.02,
 139.653514,   35.584234,        6.83,
 139.658018,   35.584234,        8.67,
 139.662523,   35.584234,        9.43,
 139.667027,   35.584234,        9.04,
 139.671532,   35.584234,        8.71,
 139.676036,   35.584234,        8.38,
 139.680541,   35.584234,        8.06,
 139.685045,   35.584234,        7.75,
 139.689550,   35.584234,        7.46,
 139.694054,   35.584234,        7.19,
 139.698559,   35.584234,        6.98,
 139.703063,   35.584234,        6.83,
 139.707568,   35.584234,        6.79,
 139.712072,   35.584234,        6.96,
 139.716577,   35.584234,        7.50,
 139.721081,   35.584234,        8.91,
 139.725586,   35.584234,       11.64,
 139.730090,   35.584234,       14.46,
 139.734595,   35.584234,       17.12,
 139.739099,   35.584234,       19.38,
 139.743604,   35.584234,       21.53,
 139.748108,   35.584234,       23.52,
 139.752613,   35.584234,       24.80,
 139.757117,   35.584234,       24.81,
 139.761622,   35.584234,       24.84,
 139.766126,   35.584234,       25.30,
 139.770631,   35.584234,       25.80,
 139.775135,   35.584234,       25.44,
 139.779640,   35.584234,       25.93,
 139.784144,   35.584234,       27.38,
 139.788649,   35.584234,       28.46,
 139.793153,   35.584234,       30.92,
 139.797658,   35.584234,       33.38,
 139.802162,   35.584234,       35.69,
 139.806667,   35.584234,       38.00,
 139.811171,   35.584234,       40.67,
 139.815676,   35.584234,       43.23,
 139.820180,   35.584234,       44.76,
 139.824685,   35.584234,       46.24,
 139.829189,   35.584234,       46.91,
 139.833694,   35.584234,       47.36,
 139.838198,   35.584234,       47.39,
 139.842703,   35.584234,       47.39,
 139.847207,   35.584234,       47.41,
 139.851712,   35.584234,       47.43,
 139.856216,   35.584234,       47.45,
 139.860721,   35.584234,       47.49,
 139.865225,   35.584234,       47.60,
 139.869730,   35.584234,       47.77,
 139.874234,   35.584234,       47.94,
 139.878739,   35.584234,       48.11,
 139.883243,   35.584234,       48.29,
 139.887748,   35.584234,       48.49,
 139.892252,   35.584234,       48.80,
 139.896757,   35.584234,       49.10,
 139.901261,   35.584234,       49.41,
 139.905766,   35.584234,       49.72,
 139.910270,   35.584234,       50.03,
 139.914775,   35.584234,       50.33,
 139.919279,   35.584234,       50.63,
 139.923784,   35.584234,       50.93,
 139.928288,   35.584234,       51.22,
 139.932793,   35.584234,       51.52,
 139.937297,   35.584234,       51.81,
 139.941802,   35.584234,       52.10,
 139.946306,   35.584234,       52.38,
 139.950811,   35.584234,       52.65,
 139.955315,   35.584234,       52.92,
 139.959820,   35.584234,       53.17,
 139.964324,   35.584234,       53.42,
 139.968829,   35.584234,       53.65,
 139.973333,   35.584234,       53.89,
 139.977838,   35.584234,       54.14,
 139.982342,   35.584234,       54.40,
 139.986847,   35.584234,       54.65,
 139.991351,   35.584234,       54.91,
 139.995856,   35.584234,       55.19,
 140.000360,   35.584234,       55.49,
 140.004865,   35.584234,       55.83,
 140.009369,   35.584234,       56.17,
 140.013874,   35.584234,       56.51,
 140.018378,   35.584234,       56.85,
 140.022883,   35.584234,       57.21,
 140.027387,   35.584234,       57.58,
 140.031892,   35.584234,       57.92,
 140.036396,   35.584234,       58.25,
 140.040901,   35.584234,       58.50,
 140.045405,   35.584234,       58.67,
 140.049910,   35.584234,       58.78,
 140.054414,   35.584234,       58.82,
 140.058919,   35.584234,       58.77,
 140.063423,   35.584234,       58.57,
 140.067928,   35.584234,       58.24,
 140.072432,   35.584234,       58.02,
 140.076937,   35.584234,       58.04,
 140.081441,   35.584234,       58.51,
 140.085946,   35.584234,       59.49,
 140.090450,   35.584234,       60.66,
 140.094955,   35.584234,       61.68,
 140.099459,   35.584234,       62.61,
 140.103964,   35.584234,       63.48,
 140.108468,   35.584234,       64.46,
 140.112973,   35.584234,       65.02,
 140.117477,   35.584234,       65.13,
 140.121982,   35.584234,       65.49,
 140.126486,   35.584234,       65.90,
 140.130991,   35.584234,       66.30,
 140.135495,   35.584234,       66.71,
 140.140000,   35.584234,       67.11,
 140.144505,   35.584234,       67.51,
 140.149009,   35.584234,       67.90,
 140.153514,   35.584234,       68.30,
 140.158018,   35.584234,       68.69,
 140.162523,   35.584234,       69.08,
 140.167027,   35.584234,       69.47,
 140.171532,   35.584234,       69.85,
 140.176036,   35.584234,       70.24,
 140.180541,   35.584234,       70.62,
 140.185045,   35.584234,       71.00,
 140.189550,   35.584234,       71.37,
 140.194054,   35.584234,       71.75,
 140.198559,   35.584234,       72.12,
 140.203063,   35.584234,       72.49,
 140.207568,   35.584234,       72.85,
 140.212072,   35.584234,       73.22,
 140.216577,   35.584234,       73.58,
 140.221081,   35.584234,       73.94,
 140.225586,   35.584234,       74.30,
 140.230090,   35.584234,       74.66,
 140.234595,   35.584234,       75.01,
 140.239099,   35.584234,       75.36,
 140.243604,   35.584234,       75.71,
 140.248108,   35.584234,       76.06,
 140.252613,   35.584234,       76.41,
 140.257117,   35.584234,       76.75,
 140.261622,   35.584234,       77.09,
 140.266126,   35.584234,       77.43,
 140.270631,   35.584234,       77.76,
 140.275135,   35.584234,       78.10,
 140.279640,   35.584234,       78.43,
 140.284144,   35.584234,       78.76,
 140.288649,   35.584234,       79.08,
 140.293153,   35.584234,       79.41,
 140.297658,   35.584234,       79.73,
 140.302162,   35.584234,       80.05,
 140.306667,   35.584234,       80.37,
 140.311171,   35.584234,       80.69,
 140.315676,   35.584234,       81.00,
 140.320180,   35.584234,       81.31,
 140.324685,   35.584234,       81.62,
 140.329189,   35.584234,       81.93,
 140.333694,   35.584234,       82.23,
 140.338198,   35.584234,       82.53,
 140.342703,   35.584234,       82.83,
 140.347207,   35.584234,       83.13,
 140.351712,   35.584234,       83.43,
 140.356216,   35.584234,       83.72,
 140.360721,   35.584234,       84.01,
 140.365225,   35.584234,       84.30,
 140.369730,   35.584234,       84.59,
 140.374234,   35.584234,       84.87,
 140.378739,   35.584234,       85.15,
 140.383243,   35.584234,       85.43,
 140.387748,   35.584234,       85.71,
 139.140000,   35.588739,      -16.01,
 139.144505,   35.588739,      -17.47,
 139.149009,   35.588739,      -18.90,
 139.153514,   35.588739,      -20.30,
 139.158018,   35.588739,      -21.67,
 139.162523,   35.588739,      -23.02,
 139.167027,   35.588739,      -24.33,
 139.171532,   35.588739,      -25.62,
 139.176036,   35.588739,      -26.87,
 139.180541,   35.588739,      -28.10,
 139.185045,   35.588739,      -29.30,
 139.189550,   35.588739,      -30.47,
 139.194054,   35.588739,      -31.62,
 139.198559,   35.588739,      -32.73,
 139.203063,   35.588739,      -33.81,
 139.207568,   35.588739,      -34.87,
 139.212072,   35.588739,      -35.89,
 139.216577,   35.588739,      -36.89,
 139.221081,   35.588739,      -37.86,
 139.225586,   35.588739,      -38.80,
 139.230090,   35.588739,      -39.71,
 139.234595,   35.588739,      -40.60,
 139.239099,   35.588739,      -41.45,
 139.243604,   35.588739,      -42.27,
 139.248108,   35.588739,      -43.07,
 139.252613,   35.588739,      -43.84,
 139.257117,   35.588739,      -44.57,
 139.261622,   35.588739,      -45.28,
 139.266126,   35.588739,      -45.97,
 139.270631,   35.588739,      -46.62,
 139.275135,   35.588739,      -47.24,
 139.279640,   35.588739,      -47.83,
 139.284144,   35.588739,      -48.40,
 139.288649,   35.588739,      -48.94,
 139.293153,   35.588739,      -49.44,
 139.297658,   35.588739,      -49.92,
 139.302162,   35.588739,      -50.37,
 139.306667,   35.588739,      -50.79,
 139.311171,   35.588739,      -51.19,
 139.315676,   35.588739,      -51.55,
 139.320180,   35.588739,      -51.88,
 139.324685,   35.588739,      -52.19,
 139.329189,   35.588739,      -52.47,
 139.333694,   35.588739,      -52.71,
 139.338198,   35.588739,      -52.93,
 139.342703,   35.588739,      -53.12,
 139.347207,   35.588739,      -53.29,
 139.351712,   35.588739,      -53.42,
 139.356216,   35.588739,      -53.52,
 139.360721,   35.588739,      -53.60,
 139.365225,   35.588739,      -53.64,
 139.369730,   35.588739,      -53.66,
 139.374234,   35.588739,      -53.65,
 139.378739,   35.588739,      -53.61,
 139.383243,   35.588739,      -53.54,
 139.387748,   35.588739,      -53.44,
 139.392252,   35.588739,      -53.32,
 139.396757,   35.588739,      -53.16,
 139.401261,   35.588739,      -52.98,
 139.405766,   35.588739,      -52.76,
 139.410270,   35.588739,      -52.52,
 139.414775,   35.588739,      -52.25,
 139.419279,   35.588739,      -51.95,
 139.423784,   35.588739,      -51.62,
 139.428288,   35.588739,      -51.27,
 139.432793,   35.588739,      -50.88,
 139.437297,   35.588739,      -50.47,
 139.441802,   35.588739,      -50.02,
 139.446306,   35.588739,      -49.55,
 139.450811,   35.588739,      -49.05,
 139.455315,   35.588739,      -48.52,
 139.459820,   35.588739,      -47.96,
 139.464324,   35.588739,      -47.37,
 139.468829,   35.588739,      -46.75,
 139.473333,   35.588739,      -46.11,
 139.477838,   35.588739,      -45.43,
 139.482342,   35.588739,      -44.73,
 139.486847,   35.588739,      -44.00,
 139.491351,   35.588739,      -43.24,
 139.495856,   35.588739,      -42.45,
 139.500360,   35.588739,      -41.63,
 139.504865,   35.588739,      -40.78,
 139.509369,   35.588739,      -39.91,
 139.513874,   35.588739,      -39.00,
 139.518378,   35.588739,      -38.07,
 139.522883,   35.588739,      -37.11,
 139.527387,   35.588739,      -36.11,
 139.531892,   35.588739,      -35.09,
 139.536396,   35.588739,      -34.04,
 139.540901,   35.588739,      -32.97,
 139.545405,   35.588739,      -31.86,
 139.549910,   35.588739,      -30.72,
 139.554414,   35.588739,      -29.56,
 139.558919,   35.588739,      -28.37,
 139.563423,   35.588739,      -27.14,
 139.567928,   35.588739,      -25.89,
 139.572432,   35.588739,      -24.61,
 139.576937,   35.588739,      -23.31,
 139.581441,   35.588739,      -21.97,
 139.585946,   35.588739,      -20.60,
 139.590450,   35.588739,      -19.21,
 139.594955,   35.588739,      -17.78,
 139.599459,   35.588739,      -16.33,
 139.603964,   35.588739,      -14.85,
 139.608468,   35.588739,      -13.34,
 139.612973,   35.588739,      -11.80,
 139.617477,   35.588739,      -10.23,
 139.621982,   35.588739,       -8.63,
 139.626486,   35.588739,       -7.01,
 139.630991,   35.588739,       -5.35,
 139.635495,   35.588739,       -3.67,
 139.640000,   35.588739,       -1.96,
 139.644505,   35.588739,       -0.22,
 139.649009,   35.588739,        1.55,
 139.653514,   35.588739,        3.35,
 139.658018,   35.588739,        5.18,
 139.662523,   35.588739,        7.04,
 139.667027,   35.588739,        8.92,
 139.671532,   35.588739,        8.58,
 139.676036,   35.588739,        8.23,
 139.680541,   35.588739,        7.91,
 139.685045,   35.588739,        7.59,
 139.689550,   35.588739,        7.30,
 139.694054,   35.588739,        7.02,
 139.698559,   35.588739,        6.78,
 139.703063,   35.588739,        6.58,
 139.707568,   35.588739,        6.48,
 139.712072,   35.588739,        6.51,
 139.716577,   35.588739,        6.79,
 139.721081,   35.588739,        7.58,
 139.725586,   35.588739,        9.60,
 139.730090,   35.588739,       12.48,
 139.734595,   35.588739,       15.34,
 139.739099,   35.588739,       17.89,
 139.743604,   35.588739,       20.03,
 139.748108,   35.588739,       22.09,
 139.752613,   35.588739,       23.94,
 139.757117,   35.588739,       25.68,
 139.761622,   35.588739,       26.26,
 139.766126,   35.588739,       27.06,
 139.770631,   35.588739,       28.26,
 139.775135,   35.588739,       29.09,
 139.779640,   35.588739,       29.37,
 139.784144,   35.588739,       29.70,
 139.788649,   35.588739,       30.17,
 139.793153,   35.588739,       31.88,
 139.797658,   35.588739,       33.58,
 139.802162,   35.588739,       35.53,
 139.806667,   35.588739,       37.45,
 139.811171,   35.588739,       39.33,
 139.815676,   35.588739,       41.24,
 139.820180,   35.588739,       43.11,
 139.824685,   35.588739,       45.04,
 139.829189,   35.588739,       46.28,
 139.833694,   35.588739,       46.68,
 139.838198,   35.588739,       46.91,
 139.842703,   35.588739,       46.83,
 139.847207,   35.588739,       46.84,
 139.851712,   35.588739,       46.87,
 139.856216,   35.588739,       46.87,
 139.860721,   35.588739,       46.88,
 139.865225,   35.588739,       46.97,
 139.869730,   35.588739,       47.11,
 139.874234,   35.588739,       47.27,
 139.878739,   35.588739,       47.46,
 139.883243,   35.588739,       47.63,
 139.887748,   35.588739,       47.80,
 139.892252,   35.588739,       48.07,
 139.896757,   35.588739,       48.37,
 139.901261,   35.588739,       48.66,
 139.905766,   35.588739,       48.97,
 139.910270,   35.588739,       49.28,
 139.914775,   35.588739,       49.59,
 139.919279,   35.588739,       49.91,
 139.923784,   35.588739,       50.23,
 139.928288,   35.588739,       50.55,
 139.932793,   35.588739,       50.85,
 139.937297,   35.588739,       51.14,
 139.941802,   35.588739,       51.43,
 139.946306,   35.588739,       51.74,
 139.950811,   35.588739,       52.04,
 139.955315,   35.588739,       52.32,
 139.959820,   35.588739,       52.57,
 139.964324,   35.588739,       52.82,
 139.968829,   35.588739,       53.07,
 139.973333,   35.588739,       53.33,
 139.977838,   35.588739,       53.59,
 139.982342,   35.588739,       53.84,
 139.986847,   35.588739,       54.09,
 139.991351,   35.588739,       54.37,
 139.995856,   35.588739,       54.68,
 140.000360,   35.588739,       55.02,
 140.004865,   35.588739,       55.37,
 140.009369,   35.588739,       55.72,
 140.013874,   35.588739,       56.08,
 140.018378,   35.588739,       56.46,
 140.022883,   35.588739,       56.87,
 140.027387,   35.588739,       57.26,
 140.031892,   35.588739,       57.60,
 140.036396,   35.588739,       57.92,
 140.040901,   35.588739,       58.16,
 140.045405,   35.588739,       58.37,
 140.049910,   35.588739,       58.56,
 140.054414,   35.588739,       58.70,
 140.058919,   35.588739,       58.79,
 140.063423,   35.588739,       58.84,
 140.067928,   35.588739,       58.66,
 140.072432,   35.588739,       58.65,
 140.076937,   35.588739,       58.79,
 140.081441,   35.588739,       59.35,
 140.085946,   35.588739,       60.35,
 140.090450,   35.588739,       61.47,
 140.094955,   35.588739,       62.37,
 140.099459,   35.588739,       63.26,
 140.103964,   35.588739,       64.10,
 140.108468,   35.588739,       64.91,
 140.112973,   35.588739,       65.59,
 140.117477,   35.588739,       65.56,
 140.121982,   35.588739,       65.98,
 140.126486,   35.588739,       66.38,
 140.130991,   35.588739,       66.79,
 140.135495,   35.588739,       67.20,
 140.140000,   35.588739,       67.60,
 140.144505,   35.588739,       68.00,
 140.149009,   35.588739,       68.39,
 140.153514,   35.588739,       68.79,
 140.158018,   35.588739,       69.18,
 140.162523,   35.588739,       69.57,
 140.167027,   35.588739,       69.96,
 140.171532,   35.588739,       70.35,
 140.176036,   35.588739,       70.73,
 140.180541,   35.588739,       71.11,
 140.185045,   35.588739,       71.49,
 140.189550,   35.588739,       71.87,
 140.194054,   35.588739,       72.25,
 140.198559,   35.588739,       72.62,
 140.203063,   35.588739,       72.99,
 140.207568,   35.588739,       73.36,
 140.212072,   35.588739,       73.72,
 140.216577,   35.588739,       74.09,
 140.221081,   35.588739,       74.45,
 140.225586,   35.588739,       74.81,
 140.230090,   35.588739,       75.17,
 140.234595,   35.588739,       75.52,
 140.239099,   35.588739,       75.87,
 140.243604,   35.588739,       76.22,
 140.248108,   35.588739,       76.57,
 140.252613,   35.588739,       76.92,
 140.257117,   35.588739,       77.26,
 140.261622,   35.588739,       77.60,
 140.266126,   35.588739,       77.94,
 140.270631,   35.588739,       78.28,
 140.275135,   35.588739,       78.61,
 140.279640,   35.588739,       78.95,
 140.284144,   35.588739,       79.28,
 140.288649,   35.588739,       79.60,
 140.293153,   35.588739,       79.93,
 140.297658,   35.588739,       80.25,
 140.302162,   35.588739,       80.57,
 140.306667,   35.588739,       80.89,
 140.311171,   35.588739,       81.21,
 140.315676,   35.588739,       81.52,
 140.320180,   35.588739,       81.84,
 140.324685,   35.588739,       82.15,
 140.329189,   35.588739,       82.45,
 140.333694,   35.588739,       82.76,
 140.338198,   35.588739,       83.06,
 140.342703,   35.588739,       83.36,
 140.347207,   35.588739,       83.66,
 140.351712,   35.588739,       83.96,
 140.356216,   35.588739,       84.25,
 140.360721,   35.588739,       84.54,
 140.365225,   35.588739,       84.83,
 140.369730,   35.588739,       85.12,
 140.374234,   35.588739,       85.41,
 140.378739,   35.588739,       85.69,
 140.383243,   35.588739,       85.97,
 140.387748,   35.588739,       86.25,
 139.140000,   35.593243,      -18.13,
 139.144505,   35.593243,      -19.60,
 139.149009,   35.593243,      -21.04,
 139.153514,   35.593243,      -22.45,
 139.158018,   35.593243,      -23.84,
 139.162523,   35.593243,      -25.19,
 139.167027,   35.593243,      -26.52,
 139.171532,   35.593243,      -27.82,
 139.176036,   35.593243,      -29.09,
 139.180541,   35.593243,      -30.33,
 139.185045,   35.593243,      -31.54,
 139.189550,   35.593243,      -32.72,
 139.194054,   35.593243,      -33.88,
 139.198559,   35.593243,      -35.00,
 139.203063,   35.593243,      -36.10,
 139.207568,   35.593243,      -37.17,
 139.212072,   35.593243,      -38.21,
 139.216577,   35.593243,      -39.22,
 139.221081,   35.593243,      -40.20,
 139.225586,   35.593243,      -41.15,
 139.230090,   35.593243,      -42.07,
 139.234595,   35.593243,      -42.97,
 139.239099,   35.593243,      -43.83,
 139.243604,   35.593243,      -44.67,
 139.248108,   35.593243,      -45.48,
 139.252613,   35.593243,      -46.26,
 139.257117,   35.593243,      -47.01,
 139.261622,   35.593243,      -47.73,
 139.266126,   35.593243,      -48.42,
 139.270631,   35.593243,      -49.09,
 139.275135,   35.593243,      -49.72,
 139.279640,   35.593243,      -50.33,
 139.284144,   35.593243,      -50.91,
 139.288649,   35.593243,      -51.45,
 139.293153,   35.593243,      -51.97,
 139.297658,   35.593243,      -52.46,
 139.302162,   35.593243,      -52.93,
 139.306667,   35.593243,      -53.36,
 139.311171,   35.593243,      -53.76,
 139.315676,   35.593243,      -54.14,
 139.320180,   35.593243,      -54.49,
 139.324685,   35.593243,      -54.81,
 139.329189,   35.593243,      -55.09,
 139.333694,   35.593243,      -55.35,
 139.338198,   35.593243,      -55.59,
 139.342703,   35.593243,      -55.79,
 139.347207,   35.593243,      -55.96,
 139.351712,   35.593243,      -56.11,
 139.356216,   35.593243,      -56.22,
 139.360721,   35.593243,      -56.31,
 139.365225,   35.593243,      -56.37,
 139.369730,   35.593243,      -56.40,
 139.374234,   35.593243,      -56.40,
 139.378739,   35.593243,      -56.37,
 139.383243,   35.593243,      -56.32,
 139.387748,   35.593243,      -56.23,
 139.392252,   35.593243,      -56.12,
 139.396757,   35.593243,      -55.97,
 139.401261,   35.593243,      -55.80,
 139.405766,   35.593243,      -55.60,
 139.410270,   35.593243,      -55.37,
 139.414775,   35.593243,      -55.11,
 139.419279,   35.593243,      -54.82,
 139.423784,   35.593243,      -54.51,
 139.428288,   35.593243,      -54.16,
 139.432793,   35.593243,      -53.79,
 139.437297,   35.593243,      -53.39,
 139.441802,   35.593243,      -52.95,
 139.446306,   35.593243,      -52.49,
 139.450811,   35.593243,      -52.00,
 139.455315,   35.593243,      -51.49,
 139.459820,   35.593243,      -50.94,
 139.464324,   35.593243,      -50.36,
 139.468829,   35.593243,      -49.76,
 139.473333,   35.593243,      -49.13,
 139.477838,   35.593243,      -48.46,
 139.482342,   35.593243,      -47.77,
 139.486847,   35.593243,      -47.05,
 139.491351,   35.593243,      -46.30,
 139.495856,   35.593243,      -45.53,
 139.500360,   35.593243,      -44.72,
 139.504865,   35.593243,      -43.89,
 139.509369,   35.593243,      -43.02,
 139.513874,   35.593243,      -42.13,
 139.518378,   35.593243,      -41.21,
 139.522883,   35.593243,      -40.26,
 139.527387,   35.593243,      -39.28,
 139.531892,   35.593243,      -38.27,
 139.536396,   35.593243,      -37.23,
 139.540901,   35.593243,      -36.17,
 139.545405,   35.593243,      -35.07,
 139.549910,   35.593243,      -33.95,
 139.554414,   35.593243,      -32.80,
 139.558919,   35.593243,      -31.61,
 139.563423,   35.593243,      -30.40,
 139.567928,   35.593243,      -29.17,
 139.572432,   35.593243,      -27.90,
 139.576937,   35.593243,      -26.60,
 139.581441,   35.593243,      -25.28,
 139.585946,   35.593243,      -23.92,
 139.590450,   35.593243,      -22.54,
 139.594955,   35.593243,      -21.13,
 139.599459,   35.593243,      -19.69,
 139.603964,   35.593243,      -18.22,
 139.608468,   35.593243,      -16.72,
 139.612973,   35.593243,      -15.19,
 139.617477,   35.593243,      -13.64,
 139.621982,   35.593243,      -12.05,
 139.626486,   35.593243,      -10.44,
 139.630991,   35.593243,       -8.80,
 139.635495,   35.593243,       -7.12,
 139.640000,   35.593243,       -5.42,
 139.644505,   35.593243,       -3.70,
 139.649009,   35.593243,       -1.94,
 139.653514,   35.593243,       -0.15,
 139.658018,   35.593243,        1.66,
 139.662523,   35.593243,        3.51,
 139.667027,   35.593243,        5.38,
 139.671532,   35.593243,        7.28,
 139.676036,   35.593243,        8.12,
 139.680541,   35.593243,        7.75,
 139.685045,   35.593243,        7.44,
 139.689550,   35.593243,        7.13,
 139.694054,   35.593243,        6.84,
 139.698559,   35.593243,        6.57,
 139.703063,   35.593243,        6.35,
 139.707568,   35.593243,        6.18,
 139.712072,   35.593243,        6.12,
 139.716577,   35.593243,        6.22,
 139.721081,   35.593243,        6.65,
 139.725586,   35.593243,        7.76,
 139.730090,   35.593243,       10.38,
 139.734595,   35.593243,       13.36,
 139.739099,   35.593243,       16.23,
 139.743604,   35.593243,       18.51,
 139.748108,   35.593243,       20.63,
 139.752613,   35.593243,       22.78,
 139.757117,   35.593243,       25.45,
 139.761622,   35.593243,       27.00,
 139.766126,   35.593243,       28.21,
 139.770631,   35.593243,       29.57,
 139.775135,   35.593243,       30.74,
 139.779640,   35.593243,       30.85,
 139.784144,   35.593243,       31.12,
 139.788649,   35.593243,       31.63,
 139.793153,   35.593243,       32.68,
 139.797658,   35.593243,       33.83,
 139.802162,   35.593243,       34.94,
 139.806667,   35.593243,       36.19,
 139.811171,   35.593243,       37.74,
 139.815676,   35.593243,       39.38,
 139.820180,   35.593243,       41.13,
 139.824685,   35.593243,       43.04,
 139.829189,   35.593243,       44.71,
 139.833694,   35.593243,       45.60,
 139.838198,   35.593243,       45.95,
 139.842703,   35.593243,       46.20,
 139.847207,   35.593243,       46.24,
 139.851712,   35.593243,       46.29,
 139.856216,   35.593243,       46.25,
 139.860721,   35.593243,       46.24,
 139.865225,   35.593243,       46.31,
 139.869730,   35.593243,       46.43,
 139.874234,   35.593243,       46.60,
 139.878739,   35.593243,       46.79,
 139.883243,   35.593243,       46.95,
 139.887748,   35.593243,       47.10,
 139.892252,   35.593243,       47.33,
 139.896757,   35.593243,       47.63,
 139.901261,   35.593243,       47.93,
 139.905766,   35.593243,       48.23,
 139.910270,   35.593243,       48.56,
 139.914775,   35.593243,       48.90,
 139.919279,   35.593243,       49.23,
 139.923784,   35.593243,       49.55,
 139.928288,   35.593243,       49.88,
 139.932793,   35.593243,       50.21,
 139.937297,   35.593243,       50.51,
 139.941802,   35.593243,       50.83,
 139.946306,   35.593243,       51.15,
 139.950811,   35.593243,       51.46,
 139.955315,   35.593243,       51.75,
 139.959820,   35.593243,       52.01,
 139.964324,   35.593243,       52.27,
 139.968829,   35.593243,       52.54,
 139.973333,   35.593243,       52.79,
 139.977838,   35.593243,       53.05,
 139.982342,   35.593243,       53.30,
 139.986847,   35.593243,       53.54,
 139.991351,   35.593243,       53.86,
 139.995856,   35.593243,       54.22,
 140.000360,   35.593243,       54.57,
 140.004865,   35.593243,       54.93,
 140.009369,   35.593243,       55.27,
 140.013874,   35.593243,       55.69,
 140.018378,   35.593243,       56.12,
 140.022883,   35.593243,       56.55,
 140.027387,   35.593243,       56.95,
 140.031892,   35.593243,       57.29,
 140.036396,   35.593243,       57.62,
 140.040901,   35.593243,       57.89,
 140.045405,   35.593243,       58.11,
 140.049910,   35.593243,       58.33,
 140.054414,   35.593243,       58.56,
 140.058919,   35.593243,       58.77,
 140.063423,   35.593243,       58.89,
 140.067928,   35.593243,       59.15,
 140.072432,   35.593243,       59.24,
 140.076937,   35.593243,       59.63,
 140.081441,   35.593243,       60.19,
 140.085946,   35.593243,       61.19,
 140.090450,   35.593243,       62.16,
 140.094955,   35.593243,       62.83,
 140.099459,   35.593243,       63.55,
 140.103964,   35.593243,       64.25,
 140.108468,   35.593243,       64.98,
 140.112973,   35.593243,       65.69,
 140.117477,   35.593243,       66.05,
 140.121982,   35.593243,       66.46,
 140.126486,   35.593243,       66.87,
 140.130991,   35.593243,       67.28,
 140.135495,   35.593243,       67.69,
 140.140000,   35.593243,       68.09,
 140.144505,   35.593243,       68.49,
 140.149009,   35.593243,       68.89,
 140.153514,   35.593243,       69.29,
 140.158018,   35.593243,       69.68,
 140.162523,   35.593243,       70.07,
 140.167027,   35.593243,       70.46,
 140.171532,   35.593243,       70.85,
 140.176036,   35.593243,       71.23,
 140.180541,   35.593243,       71.62,
 140.185045,   35.593243,       72.00,
 140.189550,   35.593243,       72.37,
 140.194054,   35.593243,       72.75,
 140.198559,   35.593243,       73.12,
 140.203063,   35.593243,       73.50,
 140.207568,   35.593243,       73.86,
 140.212072,   35.593243,       74.23,
 140.216577,   35.593243,       74.60,
 140.221081,   35.593243,       74.96,
 140.225586,   35.593243,       75.32,
 140.230090,   35.593243,       75.68,
 140.234595,   35.593243,       76.03,
 140.239099,   35.593243,       76.39,
 140.243604,   35.593243,       76.74,
 140.248108,   35.593243,       77.09,
 140.252613,   35.593243,       77.43,
 140.257117,   35.593243,       77.78,
 140.261622,   35.593243,       78.12,
 140.266126,   35.593243,       78.46,
 140.270631,   35.593243,       78.80,
 140.275135,   35.593243,       79.13,
 140.279640,   35.593243,       79.47,
 140.284144,   35.593243,       79.80,
 140.288649,   35.593243,       80.13,
 140.293153,   35.593243,       80.45,
 140.297658,   35.593243,       80.78,
 140.302162,   35.593243,       81.10,
 140.306667,   35.593243,       81.42,
 140.311171,   35.593243,       81.74,
 140.315676,   35.593243,       82.05,
 140.320180,   35.593243,       82.36,
 140.324685,   35.593243,       82.68,
 140.329189,   35.593243,       82.98,
 140.333694,   35.593243,       83.29,
 140.338198,   35.593243,       83.59,
 140.342703,   35.593243,       83.90,
 140.347207,   35.593243,       84.20,
 140.351712,   35.593243,       84.49,
 140.356216,   35.593243,       84.79,
 140.360721,   35.593243,       85.08,
 140.365225,   35.593243,       85.37,
 140.369730,   35.593243,       85.66,
 140.374234,   35.593243,       85.95,
 140.378739,   35.593243,       86.23,
 140.383243,   35.593243,       86.51,
 140.387748,   35.593243,       86.79,
 139.140000,   35.597748,      -20.27,
 139.144505,   35.597748,      -21.76,
 139.149009,   35.597748,      -23.21,
 139.153514,   35.597748,      -24.64,
 139.158018,   35.597748,      -26.03,
 139.162523,   35.597748,      -27.40,
 139.167027,   35.597748,      -28.74,
 139.171532,   35.597748,      -30.05,
 139.176036,   35.597748,      -31.33,
 139.180541,   35.597748,      -32.58,
 139.185045,   35.597748,      -33.81,
 139.189550,   35.597748,      -35.00,
 139.194054,   35.597748,      -36.17,
 139.198559,   35.597748,      -37.31,
 139.203063,   35.597748,      -38.42,
 139.207568,   35.597748,      -39.50,
 139.212072,   35.597748,      -40.55,
 139.216577,   35.597748,      -41.57,
 139.221081,   35.597748,      -42.56,
 139.225586,   35.597748,      -43.53,
 139.230090,   35.597748,      -44.46,
 139.234595,   35.597748,      -45.37,
 139.239099,   35.597748,      -46.25,
 139.243604,   35.597748,      -47.10,
 139.248108,   35.597748,      -47.92,
 139.252613,   35.597748,      -48.71,
 139.257117,   35.597748,      -49.47,
 139.261622,   35.597748,      -50.20,
 139.266126,   35.597748,      -50.91,
 139.270631,   35.597748,      -51.58,
 139.275135,   35.597748,      -52.23,
 139.279640,   35.597748,      -52.85,
 139.284144,   35.597748,      -53.44,
 139.288649,   35.597748,      -54.00,
 139.293153,   35.597748,      -54.53,
 139.297658,   35.597748,      -55.04,
 139.302162,   35.597748,      -55.51,
 139.306667,   35.597748,      -55.96,
 139.311171,   35.597748,      -56.37,
 139.315676,   35.597748,      -56.76,
 139.320180,   35.597748,      -57.12,
 139.324685,   35.597748,      -57.45,
 139.329189,   35.597748,      -57.75,
 139.333694,   35.597748,      -58.02,
 139.338198,   35.597748,      -58.27,
 139.342703,   35.597748,      -58.48,
 139.347207,   35.597748,      -58.67,
 139.351712,   35.597748,      -58.83,
 139.356216,   35.597748,      -58.95,
 139.360721,   35.597748,      -59.05,
 139.365225,   35.597748,      -59.12,
 139.369730,   35.597748,      -59.17,
 139.374234,   35.597748,      -59.18,
 139.378739,   35.597748,      -59.16,
 139.383243,   35.597748,      -59.12,
 139.387748,   35.597748,      -59.04,
 139.392252,   35.597748,      -58.94,
 139.396757,   35.597748,      -58.81,
 139.401261,   35.597748,      -58.65,
 139.405766,   35.597748,      -58.46,
 139.410270,   35.597748,      -58.25,
 139.414775,   35.597748,      -58.00,
 139.419279,   35.597748,      -57.72,
 139.423784,   35.597748,      -57.42,
 139.428288,   35.597748,      -57.09,
 139.432793,   35.597748,      -56.72,
 139.437297,   35.597748,      -56.33,
 139.441802,   35.597748,      -55.91,
 139.446306,   35.597748,      -55.47,
 139.450811,   35.597748,      -54.99,
 139.455315,   35.597748,      -54.48,
 139.459820,   35.597748,      -53.95,
 139.464324,   35.597748,      -53.39,
 139.468829,   35.597748,      -52.79,
 139.473333,   35.597748,      -52.17,
 139.477838,   35.597748,      -51.52,
 139.482342,   35.597748,      -50.84,
 139.486847,   35.597748,      -50.14,
 139.491351,   35.597748,      -49.40,
 139.495856,   35.597748,      -48.63,
 139.500360,   35.597748,      -47.84,
 139.504865,   35.597748,      -47.02,
 139.509369,   35.597748,      -46.16,
 139.513874,   35.597748,      -45.28,
 139.518378,   35.597748,      -44.37,
 139.522883,   35.597748,      -43.44,
 139.527387,   35.597748,      -42.47,
 139.531892,   35.597748,      -41.47,
 139.536396,   35.597748,      -40.45,
 139.540901,   35.597748,      -39.39,
 139.545405,   35.597748,      -38.31,
 139.549910,   35.597748,      -37.20,
 139.554414,   35.597748,      -36.06,
 139.558919,   35.597748,      -34.89,
 139.563423,   35.597748,      -33.69,
 139.567928,   35.597748,      -32.47,
 139.572432,   35.597748,      -31.21,
 139.576937,   35.597748,      -29.93,
 139.581441,   35.597748,      -28.61,
 139.585946,   35.597748,      -27.27,
 139.590450,   35.597748,      -25.90,
 139.594955,   35.597748,      -24.50,
 139.599459,   35.597748,      -23.07,
 139.603964,   35.597748,      -21.62,
 139.608468,   35.597748,      -20.13,
 139.612973,   35.597748,      -18.62,
 139.617477,   35.597748,      -17.07,
 139.621982,   35.597748,      -15.50,
 139.626486,   35.597748,      -13.90,
 139.630991,   35.597748,      -12.27,
 139.635495,   35.597748,      -10.61,
 139.640000,   35.597748,       -8.92,
 139.644505,   35.597748,       -7.20,
 139.649009,   35.597748,       -5.46,
 139.653514,   35.597748,       -3.68,
 139.658018,   35.597748,       -1.88,
 139.662523,   35.597748,       -0.05,
 139.667027,   35.597748,        1.81,
 139.671532,   35.597748,        3.70,
 139.676036,   35.597748,        5.62,
 139.680541,   35.597748,        7.57,
 139.685045,   35.597748,        7.28,
 139.689550,   35.597748,        6.96,
 139.694054,   35.597748,        6.66,
 139.698559,   35.597748,        6.37,
 139.703063,   35.597748,        6.12,
 139.707568,   35.597748,        5.92,
 139.712072,   35.597748,        5.78,
 139.716577,   35.597748,        5.76,
 139.721081,   35.597748,        5.95,
 139.725586,   35.597748,        6.56,
 139.730090,   35.597748,        8.19,
 139.734595,   35.597748,       11.23,
 139.739099,   35.597748,       14.30,
 139.743604,   35.597748,       16.97,
 139.748108,   35.597748,       19.13,
 139.752613,   35.597748,       21.39,
 139.757117,   35.597748,       24.40,
 139.761622,   35.597748,       27.27,
 139.766126,   35.597748,       28.89,
 139.770631,   35.597748,       30.54,
 139.775135,   35.597748,       31.58,
 139.779640,   35.597748,       31.84,
 139.784144,   35.597748,       32.23,
 139.788649,   35.597748,       32.81,
 139.793153,   35.597748,       33.19,
 139.797658,   35.597748,       33.31,
 139.802162,   35.597748,       33.89,
 139.806667,   35.597748,       34.88,
 139.811171,   35.597748,       36.18,
 139.815676,   35.597748,       37.66,
 139.820180,   35.597748,       39.21,
 139.824685,   35.597748,       40.90,
 139.829189,   35.597748,       42.42,
 139.833694,   35.597748,       43.67,
 139.838198,   35.597748,       44.51,
 139.842703,   35.597748,       45.04,
 139.847207,   35.597748,       45.50,
 139.851712,   35.597748,       45.59,
 139.856216,   35.597748,       45.51,
 139.860721,   35.597748,       45.51,
 139.865225,   35.597748,       45.59,
 139.869730,   35.597748,       45.68,
 139.874234,   35.597748,       45.81,
 139.878739,   35.597748,       46.04,
 139.883243,   35.597748,       46.20,
 139.887748,   35.597748,       46.33,
 139.892252,   35.597748,       46.58,
 139.896757,   35.597748,       46.88,
 139.901261,   35.597748,       47.18,
 139.905766,   35.597748,       47.53,
 139.910270,   35.597748,       47.89,
 139.914775,   35.597748,       48.26,
 139.919279,   35.597748,       48.60,
 139.923784,   35.597748,       48.95,
 139.928288,   35.597748,       49.29,
 139.932793,   35.597748,       49.63,
 139.937297,   35.597748,       49.97,
 139.941802,   35.597748,       50.31,
 139.946306,   35.597748,       50.62,
 139.950811,   35.597748,       50.92,
 139.955315,   35.597748,       51.21,
 139.959820,   35.597748,       51.48,
 139.964324,   35.597748,       51.74,
 139.968829,   35.597748,       52.01,
 139.973333,   35.597748,       52.27,
 139.977838,   35.597748,       52.54,
 139.982342,   35.597748,       52.80,
 139.986847,   35.597748,       53.08,
 139.991351,   35.597748,       53.42,
 139.995856,   35.597748,       53.78,
 140.000360,   35.597748,       54.14,
 140.004865,   35.597748,       54.50,
 140.009369,   35.597748,       54.91,
 140.013874,   35.597748,       55.38,
 140.018378,   35.597748,       55.82,
 140.022883,   35.597748,       56.25,
 140.027387,   35.597748,       56.68,
 140.031892,   35.597748,       57.04,
 140.036396,   35.597748,       57.36,
 140.040901,   35.597748,       57.64,
 140.045405,   35.597748,       57.82,
 140.049910,   35.597748,       58.04,
 140.054414,   35.597748,       58.22,
 140.058919,   35.597748,       58.47,
 140.063423,   35.597748,       58.78,
 140.067928,   35.597748,       59.20,
 140.072432,   35.597748,       59.64,
 140.076937,   35.597748,       60.09,
 140.081441,   35.597748,       60.71,
 140.085946,   35.597748,       61.76,
 140.090450,   35.597748,       63.21,
 140.094955,   35.597748,       63.65,
 140.099459,   35.597748,       65.13,
 140.103964,   35.597748,       67.00,
 140.108468,   35.597748,       68.42,
 140.112973,   35.597748,       68.08,
 140.117477,   35.597748,       66.48,
 140.121982,   35.597748,       66.96,
 140.126486,   35.597748,       67.37,
 140.130991,   35.597748,       67.78,
 140.135495,   35.597748,       68.18,
 140.140000,   35.597748,       68.59,
 140.144505,   35.597748,       68.99,
 140.149009,   35.597748,       69.39,
 140.153514,   35.597748,       69.78,
 140.158018,   35.597748,       70.18,
 140.162523,   35.597748,       70.57,
 140.167027,   35.597748,       70.96,
 140.171532,   35.597748,       71.35,
 140.176036,   35.597748,       71.73,
 140.180541,   35.597748,       72.12,
 140.185045,   35.597748,       72.50,
 140.189550,   35.597748,       72.88,
 140.194054,   35.597748,       73.26,
 140.198559,   35.597748,       73.63,
 140.203063,   35.597748,       74.00,
 140.207568,   35.597748,       74.37,
 140.212072,   35.597748,       74.74,
 140.216577,   35.597748,       75.11,
 140.221081,   35.597748,       75.47,
 140.225586,   35.597748,       75.83,
 140.230090,   35.597748,       76.19,
 140.234595,   35.597748,       76.55,
 140.239099,   35.597748,       76.90,
 140.243604,   35.597748,       77.25,
 140.248108,   35.597748,       77.60,
 140.252613,   35.597748,       77.95,
 140.257117,   35.597748,       78.30,
 140.261622,   35.597748,       78.64,
 140.266126,   35.597748,       78.98,
 140.270631,   35.597748,       79.32,
 140.275135,   35.597748,       79.65,
 140.279640,   35.597748,       79.99,
 140.284144,   35.597748,       80.32,
 140.288649,   35.597748,       80.65,
 140.293153,   35.597748,       80.98,
 140.297658,   35.597748,       81.30,
 140.302162,   35.597748,       81.63,
 140.306667,   35.597748,       81.95,
 140.311171,   35.597748,       82.27,
 140.315676,   35.597748,       82.58,
 140.320180,   35.597748,       82.90,
 140.324685,   35.597748,       83.21,
 140.329189,   35.597748,       83.52,
 140.333694,   35.597748,       83.82,
 140.338198,   35.597748,       84.13,
 140.342703,   35.597748,       84.43,
 140.347207,   35.597748,       84.73,
 140.351712,   35.597748,       85.03,
 140.356216,   35.597748,       85.33,
 140.360721,   35.597748,       85.62,
 140.365225,   35.597748,       85.91,
 140.369730,   35.597748,       86.20,
 140.374234,   35.597748,       86.49,
 140.378739,   35.597748,       86.77,
 140.383243,   35.597748,       87.05,
 140.387748,   35.597748,       87.33,
 139.140000,   35.602252,      -22.45,
 139.144505,   35.602252,      -23.94,
 139.149009,   35.602252,      -25.41,
 139.153514,   35.602252,      -26.85,
 139.158018,   35.602252,      -28.26,
 139.162523,   35.602252,      -29.64,
 139.167027,   35.602252,      -30.99,
 139.171532,   35.602252,      -32.31,
 139.176036,   35.602252,      -33.60,
 139.180541,   35.602252,      -34.87,
 139.185045,   35.602252,      -36.10,
 139.189550,   35.602252,      -37.31,
 139.194054,   35.602252,      -38.49,
 139.198559,   35.602252,      -39.64,
 139.203063,   35.602252,      -40.76,
 139.207568,   35.602252,      -41.85,
 139.212072,   35.602252,      -42.92,
 139.216577,   35.602252,      -43.95,
 139.221081,   35.602252,      -44.96,
 139.225586,   35.602252,      -45.93,
 139.230090,   35.602252,      -46.88,
 139.234595,   35.602252,      -47.80,
 139.239099,   35.602252,      -48.69,
 139.243604,   35.602252,      -49.55,
 139.248108,   35.602252,      -50.38,
 139.252613,   35.602252,      -51.19,
 139.257117,   35.602252,      -51.96,
 139.261622,   35.602252,      -52.71,
 139.266126,   35.602252,      -53.42,
 139.270631,   35.602252,      -54.11,
 139.275135,   35.602252,      -54.77,
 139.279640,   35.602252,      -55.40,
 139.284144,   35.602252,      -56.00,
 139.288649,   35.602252,      -56.58,
 139.293153,   35.602252,      -57.12,
 139.297658,   35.602252,      -57.64,
 139.302162,   35.602252,      -58.12,
 139.306667,   35.602252,      -58.58,
 139.311171,   35.602252,      -59.01,
 139.315676,   35.602252,      -59.41,
 139.320180,   35.602252,      -59.78,
 139.324685,   35.602252,      -60.12,
 139.329189,   35.602252,      -60.44,
 139.333694,   35.602252,      -60.72,
 139.338198,   35.602252,      -60.98,
 139.342703,   35.602252,      -61.20,
 139.347207,   35.602252,      -61.40,
 139.351712,   35.602252,      -61.57,
 139.356216,   35.602252,      -61.71,
 139.360721,   35.602252,      -61.82,
 139.365225,   35.602252,      -61.91,
 139.369730,   35.602252,      -61.96,
 139.374234,   35.602252,      -61.99,
 139.378739,   35.602252,      -61.98,
 139.383243,   35.602252,      -61.95,
 139.387748,   35.602252,      -61.89,
 139.392252,   35.602252,      -61.80,
 139.396757,   35.602252,      -61.68,
 139.401261,   35.602252,      -61.53,
 139.405766,   35.602252,      -61.35,
 139.410270,   35.602252,      -61.15,
 139.414775,   35.602252,      -60.92,
 139.419279,   35.602252,      -60.65,
 139.423784,   35.602252,      -60.36,
 139.428288,   35.602252,      -60.04,
 139.432793,   35.602252,      -59.69,
 139.437297,   35.602252,      -59.31,
 139.441802,   35.602252,      -58.90,
 139.446306,   35.602252,      -58.47,
 139.450811,   35.602252,      -58.00,
 139.455315,   35.602252,      -57.51,
 139.459820,   35.602252,      -56.99,
 139.464324,   35.602252,      -56.44,
 139.468829,   35.602252,      -55.86,
 139.473333,   35.602252,      -55.25,
 139.477838,   35.602252,      -54.61,
 139.482342,   35.602252,      -53.94,
 139.486847,   35.602252,      -53.25,
 139.491351,   35.602252,      -52.52,
 139.495856,   35.602252,      -51.77,
 139.500360,   35.602252,      -50.99,
 139.504865,   35.602252,      -50.18,
 139.509369,   35.602252,      -49.34,
 139.513874,   35.602252,      -48.47,
 139.518378,   35.602252,      -47.57,
 139.522883,   35.602252,      -46.64,
 139.527387,   35.602252,      -45.69,
 139.531892,   35.602252,      -44.71,
 139.536396,   35.602252,      -43.69,
 139.540901,   35.602252,      -42.65,
 139.545405,   35.602252,      -41.58,
 139.549910,   35.602252,      -40.48,
 139.554414,   35.602252,      -39.35,
 139.558919,   35.602252,      -38.20,
 139.563423,   35.602252,      -37.01,
 139.567928,   35.602252,      -35.80,
 139.572432,   35.602252,      -34.55,
 139.576937,   35.602252,      -33.28,
 139.581441,   35.602252,      -31.98,
 139.585946,   35.602252,      -30.65,
 139.590450,   35.602252,      -29.29,
 139.594955,   35.602252,      -27.90,
 139.599459,   35.602252,      -26.49,
 139.603964,   35.602252,      -25.04,
 139.608468,   35.602252,      -23.57,
 139.612973,   35.602252,      -22.07,
 139.617477,   35.602252,      -20.54,
 139.621982,   35.602252,      -18.97,
 139.626486,   35.602252,      -17.39,
 139.630991,   35.602252,      -15.77,
 139.635495,   35.602252,      -14.12,
 139.640000,   35.602252,      -12.44,
 139.644505,   35.602252,      -10.74,
 139.649009,   35.602252,       -9.01,
 139.653514,   35.602252,       -7.24,
 139.658018,   35.602252,       -5.45,
 139.662523,   35.602252,       -3.63,
 139.667027,   35.602252,       -1.78,
 139.671532,   35.602252,        0.09,
 139.676036,   35.602252,        2.00,
 139.680541,   35.602252,        3.93,
 139.685045,   35.602252,        5.90,
 139.689550,   35.602252,        6.81,
 139.694054,   35.602252,        6.47,
 139.698559,   35.602252,        6.18,
 139.703063,   35.602252,        5.90,
 139.707568,   35.602252,        5.66,
 139.712072,   35.602252,        5.48,
 139.716577,   35.602252,        5.37,
 139.721081,   35.602252,        5.41,
 139.725586,   35.602252,        5.71,
 139.730090,   35.602252,        6.58,
 139.734595,   35.602252,        8.97,
 139.739099,   35.602252,       12.16,
 139.743604,   35.602252,       15.29,
 139.748108,   35.602252,       17.60,
 139.752613,   35.602252,       19.92,
 139.757117,   35.602252,       23.01,
 139.761622,   35.602252,       26.97,
 139.766126,   35.602252,       29.35,
 139.770631,   35.602252,       31.45,
 139.775135,   35.602252,       32.16,
 139.779640,   35.602252,       32.66,
 139.784144,   35.602252,       32.97,
 139.788649,   35.602252,       32.92,
 139.793153,   35.602252,       32.99,
 139.797658,   35.602252,       32.34,
 139.802162,   35.602252,       32.67,
 139.806667,   35.602252,       33.51,
 139.811171,   35.602252,       34.64,
 139.815676,   35.602252,       35.96,
 139.820180,   35.602252,       37.37,
 139.824685,   35.602252,       38.87,
 139.829189,   35.602252,       40.37,
 139.833694,   35.602252,       41.65,
 139.838198,   35.602252,       42.84,
 139.842703,   35.602252,       43.62,
 139.847207,   35.602252,       44.22,
 139.851712,   35.602252,       44.46,
 139.856216,   35.602252,       44.49,
 139.860721,   35.602252,       44.51,
 139.865225,   35.602252,       44.64,
 139.869730,   35.602252,       44.78,
 139.874234,   35.602252,       44.92,
 139.878739,   35.602252,       45.06,
 139.883243,   35.602252,       45.26,
 139.887748,   35.602252,       45.48,
 139.892252,   35.602252,       45.79,
 139.896757,   35.602252,       46.12,
 139.901261,   35.602252,       46.45,
 139.905766,   35.602252,       46.86,
 139.910270,   35.602252,       47.25,
 139.914775,   35.602252,       47.70,
 139.919279,   35.602252,       48.08,
 139.923784,   35.602252,       48.45,
 139.928288,   35.602252,       48.80,
 139.932793,   35.602252,       49.12,
 139.937297,   35.602252,       49.47,
 139.941802,   35.602252,       49.82,
 139.946306,   35.602252,       50.13,
 139.950811,   35.602252,       50.45,
 139.955315,   35.602252,       50.75,
 139.959820,   35.602252,       51.01,
 139.964324,   35.602252,       51.25,
 139.968829,   35.602252,       51.49,
 139.973333,   35.602252,       51.77,
 139.977838,   35.602252,       52.06,
 139.982342,   35.602252,       52.34,
 139.986847,   35.602252,       52.65,
 139.991351,   35.602252,       53.00,
 139.995856,   35.602252,       53.36,
 140.000360,   35.602252,       53.71,
 140.004865,   35.602252,       54.11,
 140.009369,   35.602252,       54.58,
 140.013874,   35.602252,       55.08,
 140.018378,   35.602252,       55.54,
 140.022883,   35.602252,       55.99,
 140.027387,   35.602252,       56.45,
 140.031892,   35.602252,       56.84,
 140.036396,   35.602252,       57.14,
 140.040901,   35.602252,       57.39,
 140.045405,   35.602252,       57.48,
 140.049910,   35.602252,       57.58,
 140.054414,   35.602252,       57.61,
 140.058919,   35.602252,       57.84,
 140.063423,   35.602252,       58.23,
 140.067928,   35.602252,       58.69,
 140.072432,   35.602252,       59.37,
 140.076937,   35.602252,       59.90,
 140.081441,   35.602252,       60.49,
 140.085946,   35.602252,       61.98,
 140.090450,   35.602252,       64.93,
 140.094955,   35.602252,       67.68,
 140.099459,   35.602252,       70.12,
 140.103964,   35.602252,       71.84,
 140.108468,   35.602252,       72.68,
 140.112973,   35.602252,       72.14,
 140.117477,   35.602252,       70.28,
 140.121982,   35.602252,       67.24,
 140.126486,   35.602252,       67.86,
 140.130991,   35.602252,       68.27,
 140.135495,   35.602252,       68.68,
 140.140000,   35.602252,       69.08,
 140.144505,   35.602252,       69.48,
 140.149009,   35.602252,       69.89,
 140.153514,   35.602252,       70.28,
 140.158018,   35.602252,       70.68,
 140.162523,   35.602252,       71.07,
 140.167027,   35.602252,       71.46,
 140.171532,   35.602252,       71.85,
 140.176036,   35.602252,       72.24,
 140.180541,   35.602252,       72.62,
 140.185045,   35.602252,       73.01,
 140.189550,   35.602252,       73.39,
 140.194054,   35.602252,       73.76,
 140.198559,   35.602252,       74.14,
 140.203063,   35.602252,       74.51,
 140.207568,   35.602252,       74.88,
 140.212072,   35.602252,       75.25,
 140.216577,   35.602252,       75.62,
 140.221081,   35.602252,       75.98,
 140.225586,   35.602252,       76.35,
 140.230090,   35.602252,       76.70,
 140.234595,   35.602252,       77.06,
 140.239099,   35.602252,       77.42,
 140.243604,   35.602252,       77.77,
 140.248108,   35.602252,       78.12,
 140.252613,   35.602252,       78.47,
 140.257117,   35.602252,       78.82,
 140.261622,   35.602252,       79.16,
 140.266126,   35.602252,       79.50,
 140.270631,   35.602252,       79.84,
 140.275135,   35.602252,       80.18,
 140.279640,   35.602252,       80.51,
 140.284144,   35.602252,       80.85,
 140.288649,   35.602252,       81.18,
 140.293153,   35.602252,       81.51,
 140.297658,   35.602252,       81.83,
 140.302162,   35.602252,       82.16,
 140.306667,   35.602252,       82.48,
 140.311171,   35.602252,       82.80,
 140.315676,   35.602252,       83.11,
 140.320180,   35.602252,       83.43,
 140.324685,   35.602252,       83.74,
 140.329189,   35.602252,       84.05,
 140.333694,   35.602252,       84.36,
 140.338198,   35.602252,       84.66,
 140.342703,   35.602252,       84.97,
 140.347207,   35.602252,       85.27,
 140.351712,   35.602252,       85.57,
 140.356216,   35.602252,       85.87,
 140.360721,   35.602252,       86.16,
 140.365225,   35.602252,       86.45,
 140.369730,   35.602252,       86.74,
 140.374234,   35.602252,       87.03,
 140.378739,   35.602252,       87.32,
 140.383243,   35.602252,       87.60,
 140.387748,   35.602252,       87.88,
 139.140000,   35.606757,      -24.65,
 139.144505,   35.606757,      -26.16,
 139.149009,   35.606757,      -27.64,
 139.153514,   35.606757,      -29.09,
 139.158018,   35.606757,      -30.51,
 139.162523,   35.606757,      -31.90,
 139.167027,   35.606757,      -33.26,
 139.171532,   35.606757,      -34.60,
 139.176036,   35.606757,      -35.90,
 139.180541,   35.606757,      -37.18,
 139.185045,   35.606757,      -38.43,
 139.189550,   35.606757,      -39.65,
 139.194054,   35.606757,      -40.84,
 139.198559,   35.606757,      -42.00,
 139.203063,   35.606757,      -43.13,
 139.207568,   35.606757,      -44.24,
 139.212072,   35.606757,      -45.31,
 139.216577,   35.606757,      -46.36,
 139.221081,   35.606757,      -47.38,
 139.225586,   35.606757,      -48.37,
 139.230090,   35.606757,      -49.33,
 139.234595,   35.606757,      -50.26,
 139.239099,   35.606757,      -51.16,
 139.243604,   35.606757,      -52.03,
 139.248108,   35.606757,      -52.88,
 139.252613,   35.606757,      -53.69,
 139.257117,   35.606757,      -54.48,
 139.261622,   35.606757,      -55.24,
 139.266126,   35.606757,      -55.97,
 139.270631,   35.606757,      -56.67,
 139.275135,   35.606757,      -57.34,
 139.279640,   35.606757,      -57.98,
 139.284144,   35.606757,      -58.60,
 139.288649,   35.606757,      -59.18,
 139.293153,   35.606757,      -59.74,
 139.297658,   35.606757,      -60.27,
 139.302162,   35.606757,      -60.76,
 139.306667,   35.606757,      -61.23,
 139.311171,   35.606757,      -61.67,
 139.315676,   35.606757,      -62.09,
 139.320180,   35.606757,      -62.47,
 139.324685,   35.606757,      -62.82,
 139.329189,   35.606757,      -63.15,
 139.333694,   35.606757,      -63.45,
 139.338198,   35.606757,      -63.72,
 139.342703,   35.606757,      -63.95,
 139.347207,   35.606757,      -64.16,
 139.351712,   35.606757,      -64.35,
 139.356216,   35.606757,      -64.50,
 139.360721,   35.606757,      -64.62,
 139.365225,   35.606757,      -64.72,
 139.369730,   35.606757,      -64.78,
 139.374234,   35.606757,      -64.82,
 139.378739,   35.606757,      -64.83,
 139.383243,   35.606757,      -64.81,
 139.387748,   35.606757,      -64.76,
 139.392252,   35.606757,      -64.68,
 139.396757,   35.606757,      -64.58,
 139.401261,   35.606757,      -64.44,
 139.405766,   35.606757,      -64.28,
 139.410270,   35.606757,      -64.08,
 139.414775,   35.606757,      -63.86,
 139.419279,   35.606757,      -63.61,
 139.423784,   35.606757,      -63.33,
 139.428288,   35.606757,      -63.02,
 139.432793,   35.606757,      -62.68,
 139.437297,   35.606757,      -62.32,
 139.441802,   35.606757,      -61.92,
 139.446306,   35.606757,      -61.50,
 139.450811,   35.606757,      -61.05,
 139.455315,   35.606757,      -60.56,
 139.459820,   35.606757,      -60.05,
 139.464324,   35.606757,      -59.51,
 139.468829,   35.606757,      -58.95,
 139.473333,   35.606757,      -58.35,
 139.477838,   35.606757,      -57.72,
 139.482342,   35.606757,      -57.07,
 139.486847,   35.606757,      -56.39,
 139.491351,   35.606757,      -55.67,
 139.495856,   35.606757,      -54.93,
 139.500360,   35.606757,      -54.16,
 139.504865,   35.606757,      -53.36,
 139.509369,   35.606757,      -52.54,
 139.513874,   35.606757,      -51.68,
 139.518378,   35.606757,      -50.80,
 139.522883,   35.606757,      -49.88,
 139.527387,   35.606757,      -48.94,
 139.531892,   35.606757,      -47.97,
 139.536396,   35.606757,      -46.97,
 139.540901,   35.606757,      -45.94,
 139.545405,   35.606757,      -44.88,
 139.549910,   35.606757,      -43.79,
 139.554414,   35.606757,      -42.68,
 139.558919,   35.606757,      -41.53,
 139.563423,   35.606757,      -40.36,
 139.567928,   35.606757,      -39.16,
 139.572432,   35.606757,      -37.92,
 139.576937,   35.606757,      -36.66,
 139.581441,   35.606757,      -35.38,
 139.585946,   35.606757,      -34.06,
 139.590450,   35.606757,      -32.71,
 139.594955,   35.606757,      -31.34,
 139.599459,   35.606757,      -29.93,
 139.603964,   35.606757,      -28.50,
 139.608468,   35.606757,      -27.04,
 139.612973,   35.606757,      -25.55,
 139.617477,   35.606757,      -24.03,
 139.621982,   35.606757,      -22.48,
 139.626486,   35.606757,      -20.90,
 139.630991,   35.606757,      -19.30,
 139.635495,   35.606757,      -17.66,
 139.640000,   35.606757,      -16.00,
 139.644505,   35.606757,      -14.31,
 139.649009,   35.606757,      -12.58,
 139.653514,   35.606757,      -10.83,
 139.658018,   35.606757,       -9.06,
 139.662523,   35.606757,       -7.25,
 139.667027,   35.606757,       -5.41,
 139.671532,   35.606757,       -3.55,
 139.676036,   35.606757,       -1.65,
 139.680541,   35.606757,        0.27,
 139.685045,   35.606757,        2.22,
 139.689550,   35.606757,        4.20,
 139.694054,   35.606757,        6.21,
 139.698559,   35.606757,        5.98,
 139.703063,   35.606757,        5.69,
 139.707568,   35.606757,        5.43,
 139.712072,   35.606757,        5.20,
 139.716577,   35.606757,        5.03,
 139.721081,   35.606757,        4.95,
 139.725586,   35.606757,        5.05,
 139.730090,   35.606757,        5.50,
 139.734595,   35.606757,        6.80,
 139.739099,   35.606757,        9.88,
 139.743604,   35.606757,       13.23,
 139.748108,   35.606757,       16.03,
 139.752613,   35.606757,       18.37,
 139.757117,   35.606757,       21.50,
 139.761622,   35.606757,       26.21,
 139.766126,   35.606757,       29.45,
 139.770631,   35.606757,       31.24,
 139.775135,   35.606757,       31.96,
 139.779640,   35.606757,       32.52,
 139.784144,   35.606757,       32.84,
 139.788649,   35.606757,       32.03,
 139.793153,   35.606757,       31.81,
 139.797658,   35.606757,       30.93,
 139.802162,   35.606757,       31.20,
 139.806667,   35.606757,       32.03,
 139.811171,   35.606757,       33.09,
 139.815676,   35.606757,       34.31,
 139.820180,   35.606757,       35.61,
 139.824685,   35.606757,       37.09,
 139.829189,   35.606757,       38.58,
 139.833694,   35.606757,       39.74,
 139.838198,   35.606757,       40.87,
 139.842703,   35.606757,       41.74,
 139.847207,   35.606757,       42.42,
 139.851712,   35.606757,       42.65,
 139.856216,   35.606757,       42.88,
 139.860721,   35.606757,       43.09,
 139.865225,   35.606757,       43.28,
 139.869730,   35.606757,       43.60,
 139.874234,   35.606757,       43.74,
 139.878739,   35.606757,       43.91,
 139.883243,   35.606757,       44.14,
 139.887748,   35.606757,       44.52,
 139.892252,   35.606757,       44.93,
 139.896757,   35.606757,       45.33,
 139.901261,   35.606757,       45.73,
 139.905766,   35.606757,       46.27,
 139.910270,   35.606757,       46.78,
 139.914775,   35.606757,       47.28,
 139.919279,   35.606757,       47.68,
 139.923784,   35.606757,       48.06,
 139.928288,   35.606757,       48.40,
 139.932793,   35.606757,       48.76,
 139.937297,   35.606757,       49.09,
 139.941802,   35.606757,       49.43,
 139.946306,   35.606757,       49.73,
 139.950811,   35.606757,       50.02,
 139.955315,   35.606757,       50.31,
 139.959820,   35.606757,       50.56,
 139.964324,   35.606757,       50.79,
 139.968829,   35.606757,       51.03,
 139.973333,   35.606757,       51.30,
 139.977838,   35.606757,       51.60,
 139.982342,   35.606757,       51.90,
 139.986847,   35.606757,       52.22,
 139.991351,   35.606757,       52.57,
 139.995856,   35.606757,       52.93,
 140.000360,   35.606757,       53.29,
 140.004865,   35.606757,       53.75,
 140.009369,   35.606757,       54.28,
 140.013874,   35.606757,       54.79,
 140.018378,   35.606757,       55.29,
 140.022883,   35.606757,       55.80,
 140.027387,   35.606757,       56.26,
 140.031892,   35.606757,       56.65,
 140.036396,   35.606757,       56.92,
 140.040901,   35.606757,       57.20,
 140.045405,   35.606757,       57.11,
 140.049910,   35.606757,       57.05,
 140.054414,   35.606757,       57.02,
 140.058919,   35.606757,       57.14,
 140.063423,   35.606757,       57.48,
 140.067928,   35.606757,       58.01,
 140.072432,   35.606757,       58.66,
 140.076937,   35.606757,       59.21,
 140.081441,   35.606757,       59.98,
 140.085946,   35.606757,       61.08,
 140.090450,   35.606757,       64.77,
 140.094955,   35.606757,       71.50,
 140.099459,   35.606757,       75.20,
 140.103964,   35.606757,       77.07,
 140.108468,   35.606757,       77.96,
 140.112973,   35.606757,       77.52,
 140.117477,   35.606757,       75.76,
 140.121982,   35.606757,       72.68,
 140.126486,   35.606757,       68.28,
 140.130991,   35.606757,       68.72,
 140.135495,   35.606757,       69.18,
 140.140000,   35.606757,       69.58,
 140.144505,   35.606757,       69.99,
 140.149009,   35.606757,       70.39,
 140.153514,   35.606757,       70.79,
 140.158018,   35.606757,       71.18,
 140.162523,   35.606757,       71.58,
 140.167027,   35.606757,       71.97,
 140.171532,   35.606757,       72.36,
 140.176036,   35.606757,       72.75,
 140.180541,   35.606757,       73.13,
 140.185045,   35.606757,       73.51,
 140.189550,   35.606757,       73.90,
 140.194054,   35.606757,       74.27,
 140.198559,   35.606757,       74.65,
 140.203063,   35.606757,       75.02,
 140.207568,   35.606757,       75.40,
 140.212072,   35.606757,       75.77,
 140.216577,   35.606757,       76.13,
 140.221081,   35.606757,       76.50,
 140.225586,   35.606757,       76.86,
 140.230090,   35.606757,       77.22,
 140.234595,   35.606757,       77.58,
 140.239099,   35.606757,       77.94,
 140.243604,   35.606757,       78.29,
 140.248108,   35.606757,       78.64,
 140.252613,   35.606757,       78.99,
 140.257117,   35.606757,       79.34,
 140.261622,   35.606757,       79.68,
 140.266126,   35.606757,       80.03,
 140.270631,   35.606757,       80.37,
 140.275135,   35.606757,       80.70,
 140.279640,   35.606757,       81.04,
 140.284144,   35.606757,       81.37,
 140.288649,   35.606757,       81.71,
 140.293153,   35.606757,       82.03,
 140.297658,   35.606757,       82.36,
 140.302162,   35.606757,       82.69,
 140.306667,   35.606757,       83.01,
 140.311171,   35.606757,       83.33,
 140.315676,   35.606757,       83.65,
 140.320180,   35.606757,       83.96,
 140.324685,   35.606757,       84.28,
 140.329189,   35.606757,       84.59,
 140.333694,   35.606757,       84.90,
 140.338198,   35.606757,       85.20,
 140.342703,   35.606757,       85.51,
 140.347207,   35.606757,       85.81,
 140.351712,   35.606757,       86.11,
 140.356216,   35.606757,       86.41,
 140.360721,   35.606757,       86.70,
 140.365225,   35.606757,       87.00,
 140.369730,   35.606757,       87.29,
 140.374234,   35.606757,       87.58,
 140.378739,   35.606757,       87.86,
 140.383243,   35.606757,       88.15,
 140.387748,   35.606757,       88.43,
 139.140000,   35.611261,      -26.88,
 139.144505,   35.611261,      -28.40,
 139.149009,   35.611261,      -29.89,
 139.153514,   35.611261,      -31.36,
 139.158018,   35.611261,      -32.79,
 139.162523,   35.611261,      -34.19,
 139.167027,   35.611261,      -35.57,
 139.171532,   35.611261,      -36.92,
 139.176036,   35.611261,      -38.23,
 139.180541,   35.611261,      -39.52,
 139.185045,   35.611261,      -40.78,
 139.189550,   35.611261,      -42.02,
 139.194054,   35.611261,      -43.22,
 139.198559,   35.611261,      -44.39,
 139.203063,   35.611261,      -45.54,
 139.207568,   35.611261,      -46.65,
 139.212072,   35.611261,      -47.74,
 139.216577,   35.611261,      -48.80,
 139.221081,   35.611261,      -49.83,
 139.225586,   35.611261,      -50.83,
 139.230090,   35.611261,      -51.80,
 139.234595,   35.611261,      -52.74,
 139.239099,   35.611261,      -53.66,
 139.243604,   35.611261,      -54.54,
 139.248108,   35.611261,      -55.40,
 139.252613,   35.611261,      -56.23,
 139.257117,   35.611261,      -57.03,
 139.261622,   35.611261,      -57.80,
 139.266126,   35.611261,      -58.54,
 139.270631,   35.611261,      -59.25,
 139.275135,   35.611261,      -59.94,
 139.279640,   35.611261,      -60.59,
 139.284144,   35.611261,      -61.22,
 139.288649,   35.611261,      -61.82,
 139.293153,   35.611261,      -62.38,
 139.297658,   35.611261,      -62.92,
 139.302162,   35.611261,      -63.43,
 139.306667,   35.611261,      -63.92,
 139.311171,   35.611261,      -64.37,
 139.315676,   35.611261,      -64.79,
 139.320180,   35.611261,      -65.19,
 139.324685,   35.611261,      -65.56,
 139.329189,   35.611261,      -65.89,
 139.333694,   35.611261,      -66.20,
 139.338198,   35.611261,      -66.48,
 139.342703,   35.611261,      -66.73,
 139.347207,   35.611261,      -66.96,
 139.351712,   35.611261,      -67.15,
 139.356216,   35.611261,      -67.31,
 139.360721,   35.611261,      -67.45,
 139.365225,   35.611261,      -67.56,
 139.369730,   35.611261,      -67.64,
 139.374234,   35.611261,      -67.69,
 139.378739,   35.611261,      -67.71,
 139.383243,   35.611261,      -67.70,
 139.387748,   35.611261,      -67.66,
 139.392252,   35.611261,      -67.60,
 139.396757,   35.611261,      -67.50,
 139.401261,   35.611261,      -67.38,
 139.405766,   35.611261,      -67.23,
 139.410270,   35.611261,      -67.04,
 139.414775,   35.611261,      -66.83,
 139.419279,   35.611261,      -66.60,
 139.423784,   35.611261,      -66.33,
 139.428288,   35.611261,      -66.03,
 139.432793,   35.611261,      -65.71,
 139.437297,   35.611261,      -65.35,
 139.441802,   35.611261,      -64.97,
 139.446306,   35.611261,      -64.56,
 139.450811,   35.611261,      -64.12,
 139.455315,   35.611261,      -63.65,
 139.459820,   35.611261,      -63.15,
 139.464324,   35.611261,      -62.62,
 139.468829,   35.611261,      -62.07,
 139.473333,   35.611261,      -61.48,
 139.477838,   35.611261,      -60.87,
 139.482342,   35.611261,      -60.23,
 139.486847,   35.611261,      -59.55,
 139.491351,   35.611261,      -58.85,
 139.495856,   35.611261,      -58.13,
 139.500360,   35.611261,      -57.37,
 139.504865,   35.611261,      -56.58,
 139.509369,   35.611261,      -55.77,
 139.513874,   35.611261,      -54.92,
 139.518378,   35.611261,      -54.05,
 139.522883,   35.611261,      -53.15,
 139.527387,   35.611261,      -52.22,
 139.531892,   35.611261,      -51.26,
 139.536396,   35.611261,      -50.27,
 139.540901,   35.611261,      -49.25,
 139.545405,   35.611261,      -48.21,
 139.549910,   35.611261,      -47.13,
 139.554414,   35.611261,      -46.03,
 139.558919,   35.611261,      -44.89,
 139.563423,   35.611261,      -43.73,
 139.567928,   35.611261,      -42.54,
 139.572432,   35.611261,      -41.32,
 139.576937,   35.611261,      -40.08,
 139.581441,   35.611261,      -38.80,
 139.585946,   35.611261,      -37.49,
 139.590450,   35.611261,      -36.16,
 139.594955,   35.611261,      -34.80,
 139.599459,   35.611261,      -33.41,
 139.603964,   35.611261,      -31.98,
 139.608468,   35.611261,      -30.53,
 139.612973,   35.611261,      -29.06,
 139.617477,   35.611261,      -27.55,
 139.621982,   35.611261,      -26.01,
 139.626486,   35.611261,      -24.45,
 139.630991,   35.611261,      -22.85,
 139.635495,   35.611261,      -21.23,
 139.640000,   35.611261,      -19.58,
 139.644505,   35.611261,      -17.90,
 139.649009,   35.611261,      -16.19,
 139.653514,   35.611261,      -14.45,
 139.658018,   35.611261,      -12.69,
 139.662523,   35.611261,      -10.89,
 139.667027,   35.611261,       -9.07,
 139.671532,   35.611261,       -7.21,
 139.676036,   35.611261,       -5.33,
 139.680541,   35.611261,       -3.42,
 139.685045,   35.611261,       -1.48,
 139.689550,   35.611261,        0.49,
 139.694054,   35.611261,        2.49,
 139.698559,   35.611261,        4.51,
 139.703063,   35.611261,        5.50,
 139.707568,   35.611261,        5.20,
 139.712072,   35.611261,        4.94,
 139.716577,   35.611261,        4.72,
 139.721081,   35.611261,        4.57,
 139.725586,   35.611261,        4.53,
 139.730090,   35.611261,        4.71,
 139.734595,   35.611261,        5.37,
 139.739099,   35.611261,        7.46,
 139.743604,   35.611261,       10.94,
 139.748108,   35.611261,       14.40,
 139.752613,   35.611261,       16.77,
 139.757117,   35.611261,       19.84,
 139.761622,   35.611261,       25.04,
 139.766126,   35.611261,       28.18,
 139.770631,   35.611261,       29.81,
 139.775135,   35.611261,       30.98,
 139.779640,   35.611261,       31.40,
 139.784144,   35.611261,       31.21,
 139.788649,   35.611261,       30.19,
 139.793153,   35.611261,       29.42,
 139.797658,   35.611261,       28.97,
 139.802162,   35.611261,       29.50,
 139.806667,   35.611261,       30.46,
 139.811171,   35.611261,       31.56,
 139.815676,   35.611261,       32.73,
 139.820180,   35.611261,       33.89,
 139.824685,   35.611261,       35.59,
 139.829189,   35.611261,       37.11,
 139.833694,   35.611261,       38.08,
 139.838198,   35.611261,       38.80,
 139.842703,   35.611261,       39.46,
 139.847207,   35.611261,       40.06,
 139.851712,   35.611261,       40.45,
 139.856216,   35.611261,       40.76,
 139.860721,   35.611261,       41.05,
 139.865225,   35.611261,       41.40,
 139.869730,   35.611261,       41.83,
 139.874234,   35.611261,       42.24,
 139.878739,   35.611261,       42.54,
 139.883243,   35.611261,       42.96,
 139.887748,   35.611261,       43.46,
 139.892252,   35.611261,       44.02,
 139.896757,   35.611261,       44.67,
 139.901261,   35.611261,       45.27,
 139.905766,   35.611261,       45.92,
 139.910270,   35.611261,       46.61,
 139.914775,   35.611261,       47.22,
 139.919279,   35.611261,       47.49,
 139.923784,   35.611261,       47.82,
 139.928288,   35.611261,       48.13,
 139.932793,   35.611261,       48.43,
 139.937297,   35.611261,       48.76,
 139.941802,   35.611261,       49.07,
 139.946306,   35.611261,       49.37,
 139.950811,   35.611261,       49.63,
 139.955315,   35.611261,       49.88,
 139.959820,   35.611261,       50.11,
 139.964324,   35.611261,       50.34,
 139.968829,   35.611261,       50.57,
 139.973333,   35.611261,       50.84,
 139.977838,   35.611261,       51.14,
 139.982342,   35.611261,       51.44,
 139.986847,   35.611261,       51.76,
 139.991351,   35.611261,       52.12,
 139.995856,   35.611261,       52.49,
 140.000360,   35.611261,       52.88,
 140.004865,   35.611261,       53.43,
 140.009369,   35.611261,       54.00,
 140.013874,   35.611261,       54.55,
 140.018378,   35.611261,       55.13,
 140.022883,   35.611261,       55.69,
 140.027387,   35.611261,       56.15,
 140.031892,   35.611261,       56.43,
 140.036396,   35.611261,       56.64,
 140.040901,   35.611261,       56.77,
 140.045405,   35.611261,       56.67,
 140.049910,   35.611261,       56.56,
 140.054414,   35.611261,       56.50,
 140.058919,   35.611261,       56.56,
 140.063423,   35.611261,       56.76,
 140.067928,   35.611261,       57.34,
 140.072432,   35.611261,       57.96,
 140.076937,   35.611261,       58.77,
 140.081441,   35.611261,       61.35,
 140.085946,   35.611261,       65.66,
 140.090450,   35.611261,       71.05,
 140.094955,   35.611261,       76.40,
 140.099459,   35.611261,       80.79,
 140.103964,   35.611261,       83.57,
 140.108468,   35.611261,       84.56,
 140.112973,   35.611261,       84.22,
 140.117477,   35.611261,       82.56,
 140.121982,   35.611261,       79.59,
 140.126486,   35.611261,       75.29,
 140.130991,   35.611261,       69.67,
 140.135495,   35.611261,       69.48,
 140.140000,   35.611261,       70.08,
 140.144505,   35.611261,       70.49,
 140.149009,   35.611261,       70.89,
 140.153514,   35.611261,       71.29,
 140.158018,   35.611261,       71.69,
 140.162523,   35.611261,       72.08,
 140.167027,   35.611261,       72.48,
 140.171532,   35.611261,       72.87,
 140.176036,   35.611261,       73.25,
 140.180541,   35.611261,       73.64,
 140.185045,   35.611261,       74.03,
 140.189550,   35.611261,       74.41,
 140.194054,   35.611261,       74.79,
 140.198559,   35.611261,       75.16,
 140.203063,   35.611261,       75.54,
 140.207568,   35.611261,       75.91,
 140.212072,   35.611261,       76.28,
 140.216577,   35.611261,       76.65,
 140.221081,   35.611261,       77.02,
 140.225586,   35.611261,       77.38,
 140.230090,   35.611261,       77.74,
 140.234595,   35.611261,       78.10,
 140.239099,   35.611261,       78.46,
 140.243604,   35.611261,       78.81,
 140.248108,   35.611261,       79.17,
 140.252613,   35.611261,       79.52,
 140.257117,   35.611261,       79.86,
 140.261622,   35.611261,       80.21,
 140.266126,   35.611261,       80.55,
 140.270631,   35.611261,       80.89,
 140.275135,   35.611261,       81.23,
 140.279640,   35.611261,       81.57,
 140.284144,   35.611261,       81.90,
 140.288649,   35.611261,       82.24,
 140.293153,   35.611261,       82.57,
 140.297658,   35.611261,       82.89,
 140.302162,   35.611261,       83.22,
 140.306667,   35.611261,       83.54,
 140.311171,   35.611261,       83.86,
 140.315676,   35.611261,       84.18,
 140.320180,   35.611261,       84.50,
 140.324685,   35.611261,       84.81,
 140.329189,   35.611261,       85.13,
 140.333694,   35.611261,       85.44,
 140.338198,   35.611261,       85.74,
 140.342703,   35.611261,       86.05,
 140.347207,   35.611261,       86.35,
 140.351712,   35.611261,       86.65,
 140.356216,   35.611261,       86.95,
 140.360721,   35.611261,       87.25,
 140.365225,   35.611261,       87.54,
 140.369730,   35.611261,       87.83,
 140.374234,   35.611261,       88.12,
 140.378739,   35.611261,       88.41,
 140.383243,   35.611261,       88.70,
 140.387748,   35.611261,       88.98,
 139.140000,   35.615766,      -29.14,
 139.144505,   35.615766,      -30.68,
 139.149009,   35.615766,      -32.18,
 139.153514,   35.615766,      -33.65,
 139.158018,   35.615766,      -35.10,
 139.162523,   35.615766,      -36.52,
 139.167027,   35.615766,      -37.90,
 139.171532,   35.615766,      -39.26,
 139.176036,   35.615766,      -40.59,
 139.180541,   35.615766,      -41.89,
 139.185045,   35.615766,      -43.17,
 139.189550,   35.615766,      -44.41,
 139.194054,   35.615766,      -45.62,
 139.198559,   35.615766,      -46.81,
 139.203063,   35.615766,      -47.97,
 139.207568,   35.615766,      -49.10,
 139.212072,   35.615766,      -50.20,
 139.216577,   35.615766,      -51.27,
 139.221081,   35.615766,      -52.31,
 139.225586,   35.615766,      -53.32,
 139.230090,   35.615766,      -54.31,
 139.234595,   35.615766,      -55.26,
 139.239099,   35.615766,      -56.19,
 139.243604,   35.615766,      -57.09,
 139.248108,   35.615766,      -57.95,
 139.252613,   35.615766,      -58.79,
 139.257117,   35.615766,      -59.61,
 139.261622,   35.615766,      -60.39,
 139.266126,   35.615766,      -61.14,
 139.270631,   35.615766,      -61.87,
 139.275135,   35.615766,      -62.56,
 139.279640,   35.615766,      -63.23,
 139.284144,   35.615766,      -63.87,
 139.288649,   35.615766,      -64.48,
 139.293153,   35.615766,      -65.06,
 139.297658,   35.615766,      -65.61,
 139.302162,   35.615766,      -66.13,
 139.306667,   35.615766,      -66.63,
 139.311171,   35.615766,      -67.09,
 139.315676,   35.615766,      -67.53,
 139.320180,   35.615766,      -67.94,
 139.324685,   35.615766,      -68.32,
 139.329189,   35.615766,      -68.67,
 139.333694,   35.615766,      -68.99,
 139.338198,   35.615766,      -69.28,
 139.342703,   35.615766,      -69.54,
 139.347207,   35.615766,      -69.78,
 139.351712,   35.615766,      -69.98,
 139.356216,   35.615766,      -70.16,
 139.360721,   35.615766,      -70.31,
 139.365225,   35.615766,      -70.43,
 139.369730,   35.615766,      -70.52,
 139.374234,   35.615766,      -70.58,
 139.378739,   35.615766,      -70.61,
 139.383243,   35.615766,      -70.62,
 139.387748,   35.615766,      -70.59,
 139.392252,   35.615766,      -70.54,
 139.396757,   35.615766,      -70.46,
 139.401261,   35.615766,      -70.34,
 139.405766,   35.615766,      -70.20,
 139.410270,   35.615766,      -70.04,
 139.414775,   35.615766,      -69.84,
 139.419279,   35.615766,      -69.61,
 139.423784,   35.615766,      -69.36,
 139.428288,   35.615766,      -69.07,
 139.432793,   35.615766,      -68.76,
 139.437297,   35.615766,      -68.42,
 139.441802,   35.615766,      -68.05,
 139.446306,   35.615766,      -67.65,
 139.450811,   35.615766,      -67.22,
 139.455315,   35.615766,      -66.76,
 139.459820,   35.615766,      -66.27,
 139.464324,   35.615766,      -65.76,
 139.468829,   35.615766,      -65.22,
 139.473333,   35.615766,      -64.64,
 139.477838,   35.615766,      -64.04,
 139.482342,   35.615766,      -63.41,
 139.486847,   35.615766,      -62.75,
 139.491351,   35.615766,      -62.06,
 139.495856,   35.615766,      -61.35,
 139.500360,   35.615766,      -60.60,
 139.504865,   35.615766,      -59.83,
 139.509369,   35.615766,      -59.02,
 139.513874,   35.615766,      -58.19,
 139.518378,   35.615766,      -57.33,
 139.522883,   35.615766,      -56.44,
 139.527387,   35.615766,      -55.52,
 139.531892,   35.615766,      -54.58,
 139.536396,   35.615766,      -53.60,
 139.540901,   35.615766,      -52.59,
 139.545405,   35.615766,      -51.56,
 139.549910,   35.615766,      -50.50,
 139.554414,   35.615766,      -49.41,
 139.558919,   35.615766,      -48.29,
 139.563423,   35.615766,      -47.14,
 139.567928,   35.615766,      -45.96,
 139.572432,   35.615766,      -44.75,
 139.576937,   35.615766,      -43.52,
 139.581441,   35.615766,      -42.25,
 139.585946,   35.615766,      -40.96,
 139.590450,   35.615766,      -39.64,
 139.594955,   35.615766,      -38.29,
 139.599459,   35.615766,      -36.91,
 139.603964,   35.615766,      -35.50,
 139.608468,   35.615766,      -34.06,
 139.612973,   35.615766,      -32.59,
 139.617477,   35.615766,      -31.10,
 139.621982,   35.615766,      -29.58,
 139.626486,   35.615766,      -28.02,
 139.630991,   35.615766,      -26.44,
 139.635495,   35.615766,      -24.83,
 139.640000,   35.615766,      -23.19,
 139.644505,   35.615766,      -21.52,
 139.649009,   35.615766,      -19.83,
 139.653514,   35.615766,      -18.10,
 139.658018,   35.615766,      -16.35,
 139.662523,   35.615766,      -14.56,
 139.667027,   35.615766,      -12.75,
 139.671532,   35.615766,      -10.91,
 139.676036,   35.615766,       -9.04,
 139.680541,   35.615766,       -7.14,
 139.685045,   35.615766,       -5.21,
 139.689550,   35.615766,       -3.26,
 139.694054,   35.615766,       -1.27,
 139.698559,   35.615766,        0.74,
 139.703063,   35.615766,        2.79,
 139.707568,   35.615766,        4.86,
 139.712072,   35.615766,        4.70,
 139.716577,   35.615766,        4.44,
 139.721081,   35.615766,        4.24,
 139.725586,   35.615766,        4.10,
 139.730090,   35.615766,        4.11,
 139.734595,   35.615766,        4.40,
 139.739099,   35.615766,        5.42,
 139.743604,   35.615766,        8.48,
 139.748108,   35.615766,       12.28,
 139.752613,   35.615766,       15.12,
 139.757117,   35.615766,       18.04,
 139.761622,   35.615766,       23.39,
 139.766126,   35.615766,       26.18,
 139.770631,   35.615766,       27.93,
 139.775135,   35.615766,       28.76,
 139.779640,   35.615766,       29.12,
 139.784144,   35.615766,       27.99,
 139.788649,   35.615766,       27.08,
 139.793153,   35.615766,       26.62,
 139.797658,   35.615766,       27.24,
 139.802162,   35.615766,       28.00,
 139.806667,   35.615766,       28.99,
 139.811171,   35.615766,       30.32,
 139.815676,   35.615766,       31.87,
 139.820180,   35.615766,       33.58,
 139.824685,   35.615766,       35.01,
 139.829189,   35.615766,       35.95,
 139.833694,   35.615766,       36.43,
 139.838198,   35.615766,       36.78,
 139.842703,   35.615766,       37.06,
 139.847207,   35.615766,       37.26,
 139.851712,   35.615766,       37.47,
 139.856216,   35.615766,       37.78,
 139.860721,   35.615766,       38.27,
 139.865225,   35.615766,       38.75,
 139.869730,   35.615766,       39.26,
 139.874234,   35.615766,       40.05,
 139.878739,   35.615766,       40.98,
 139.883243,   35.615766,       41.47,
 139.887748,   35.615766,       42.28,
 139.892252,   35.615766,       43.11,
 139.896757,   35.615766,       44.00,
 139.901261,   35.615766,       45.07,
 139.905766,   35.615766,       45.89,
 139.910270,   35.615766,       46.74,
 139.914775,   35.615766,       47.47,
 139.919279,   35.615766,       47.63,
 139.923784,   35.615766,       47.75,
 139.928288,   35.615766,       47.92,
 139.932793,   35.615766,       48.15,
 139.937297,   35.615766,       48.46,
 139.941802,   35.615766,       48.75,
 139.946306,   35.615766,       49.02,
 139.950811,   35.615766,       49.25,
 139.955315,   35.615766,       49.45,
 139.959820,   35.615766,       49.67,
 139.964324,   35.615766,       49.89,
 139.968829,   35.615766,       50.11,
 139.973333,   35.615766,       50.38,
 139.977838,   35.615766,       50.66,
 139.982342,   35.615766,       50.96,
 139.986847,   35.615766,       51.28,
 139.991351,   35.615766,       51.64,
 139.995856,   35.615766,       52.06,
 140.000360,   35.615766,       52.50,
 140.004865,   35.615766,       53.05,
 140.009369,   35.615766,       53.69,
 140.013874,   35.615766,       54.35,
 140.018378,   35.615766,       54.93,
 140.022883,   35.615766,       55.55,
 140.027387,   35.615766,       56.07,
 140.031892,   35.615766,       56.31,
 140.036396,   35.615766,       56.45,
 140.040901,   35.615766,       56.55,
 140.045405,   35.615766,       56.55,
 140.049910,   35.615766,       56.47,
 140.054414,   35.615766,       56.27,
 140.058919,   35.615766,       56.27,
 140.063423,   35.615766,       56.47,
 140.067928,   35.615766,       57.08,
 140.072432,   35.615766,       60.43,
 140.076937,   35.615766,       64.62,
 140.081441,   35.615766,       68.73,
 140.085946,   35.615766,       72.59,
 140.090450,   35.615766,       76.58,
 140.094955,   35.615766,       80.77,
 140.099459,   35.615766,       85.22,
 140.103964,   35.615766,       90.37,
 140.108468,   35.615766,       92.48,
 140.112973,   35.615766,       92.25,
 140.117477,   35.615766,       90.69,
 140.121982,   35.615766,       87.81,
 140.126486,   35.615766,       83.61,
 140.130991,   35.615766,       78.09,
 140.135495,   35.615766,       71.25,
 140.140000,   35.615766,       70.24,
 140.144505,   35.615766,       70.97,
 140.149009,   35.615766,       71.40,
 140.153514,   35.615766,       71.80,
 140.158018,   35.615766,       72.19,
 140.162523,   35.615766,       72.59,
 140.167027,   35.615766,       72.98,
 140.171532,   35.615766,       73.38,
 140.176036,   35.615766,       73.77,
 140.180541,   35.615766,       74.15,
 140.185045,   35.615766,       74.54,
 140.189550,   35.615766,       74.92,
 140.194054,   35.615766,       75.30,
 140.198559,   35.615766,       75.68,
 140.203063,   35.615766,       76.06,
 140.207568,   35.615766,       76.43,
 140.212072,   35.615766,       76.80,
 140.216577,   35.615766,       77.17,
 140.221081,   35.615766,       77.54,
 140.225586,   35.615766,       77.90,
 140.230090,   35.615766,       78.26,
 140.234595,   35.615766,       78.62,
 140.239099,   35.615766,       78.98,
 140.243604,   35.615766,       79.34,
 140.248108,   35.615766,       79.69,
 140.252613,   35.615766,       80.04,
 140.257117,   35.615766,       80.39,
 140.261622,   35.615766,       80.74,
 140.266126,   35.615766,       81.08,
 140.270631,   35.615766,       81.42,
 140.275135,   35.615766,       81.76,
 140.279640,   35.615766,       82.10,
 140.284144,   35.615766,       82.44,
 140.288649,   35.615766,       82.77,
 140.293153,   35.615766,       83.10,
 140.297658,   35.615766,       83.43,
 140.302162,   35.615766,       83.76,
 140.306667,   35.615766,       84.08,
 140.311171,   35.615766,       84.40,
 140.315676,   35.615766,       84.72,
 140.320180,   35.615766,       85.04,
 140.324685,   35.615766,       85.35,
 140.329189,   35.615766,       85.67,
 140.333694,   35.615766,       85.98,
 140.338198,   35.615766,       86.29,
 140.342703,   35.615766,       86.59,
 140.347207,   35.615766,       86.90,
 140.351712,   35.615766,       87.20,
 140.356216,   35.615766,       87.50,
 140.360721,   35.615766,       87.79,
 140.365225,   35.615766,       88.09,
 140.369730,   35.615766,       88.38,
 140.374234,   35.615766,       88.67,
 140.378739,   35.615766,       88.96,
 140.383243,   35.615766,       89.25,
 140.387748,   35.615766,       89.53,
 139.140000,   35.620270,      -31.43,
 139.144505,   35.620270,      -32.98,
 139.149009,   35.620270,      -34.49,
 139.153514,   35.620270,      -35.98,
 139.158018,   35.620270,      -37.44,
 139.162523,   35.620270,      -38.87,
 139.167027,   35.620270,      -40.27,
 139.171532,   35.620270,      -41.64,
 139.176036,   35.620270,      -42.98,
 139.180541,   35.620270,      -44.29,
 139.185045,   35.620270,      -45.58,
 139.189550,   35.620270,      -46.83,
 139.194054,   35.620270,      -48.06,
 139.198559,   35.620270,      -49.26,
 139.203063,   35.620270,      -50.43,
 139.207568,   35.620270,      -51.57,
 139.212072,   35.620270,      -52.68,
 139.216577,   35.620270,      -53.76,
 139.221081,   35.620270,      -54.82,
 139.225586,   35.620270,      -55.84,
 139.230090,   35.620270,      -56.84,
 139.234595,   35.620270,      -57.81,
 139.239099,   35.620270,      -58.75,
 139.243604,   35.620270,      -59.66,
 139.248108,   35.620270,      -60.54,
 139.252613,   35.620270,      -61.39,
 139.257117,   35.620270,      -62.21,
 139.261622,   35.620270,      -63.01,
 139.266126,   35.620270,      -63.77,
 139.270631,   35.620270,      -64.51,
 139.275135,   35.620270,      -65.22,
 139.279640,   35.620270,      -65.90,
 139.284144,   35.620270,      -66.55,
 139.288649,   35.620270,      -67.17,
 139.293153,   35.620270,      -67.76,
 139.297658,   35.620270,      -68.33,
 139.302162,   35.620270,      -68.86,
 139.306667,   35.620270,      -69.37,
 139.311171,   35.620270,      -69.84,
 139.315676,   35.620270,      -70.29,
 139.320180,   35.620270,      -70.71,
 139.324685,   35.620270,      -71.10,
 139.329189,   35.620270,      -71.47,
 139.333694,   35.620270,      -71.80,
 139.338198,   35.620270,      -72.10,
 139.342703,   35.620270,      -72.38,
 139.347207,   35.620270,      -72.63,
 139.351712,   35.620270,      -72.84,
 139.356216,   35.620270,      -73.03,
 139.360721,   35.620270,      -73.19,
 139.365225,   35.620270,      -73.33,
 139.369730,   35.620270,      -73.43,
 139.374234,   35.620270,      -73.50,
 139.378739,   35.620270,      -73.55,
 139.383243,   35.620270,      -73.56,
 139.387748,   35.620270,      -73.55,
 139.392252,   35.620270,      -73.51,
 139.396757,   35.620270,      -73.44,
 139.401261,   35.620270,      -73.34,
 139.405766,   35.620270,      -73.21,
 139.410270,   35.620270,      -73.05,
 139.414775,   35.620270,      -72.87,
 139.419279,   35.620270,      -72.65,
 139.423784,   35.620270,      -72.41,
 139.428288,   35.620270,      -72.14,
 139.432793,   35.620270,      -71.84,
 139.437297,   35.620270,      -71.51,
 139.441802,   35.620270,      -71.15,
 139.446306,   35.620270,      -70.76,
 139.450811,   35.620270,      -70.35,
 139.455315,   35.620270,      -69.90,
 139.459820,   35.620270,      -69.43,
 139.464324,   35.620270,      -68.92,
 139.468829,   35.620270,      -68.39,
 139.473333,   35.620270,      -67.83,
 139.477838,   35.620270,      -67.24,
 139.482342,   35.620270,      -66.63,
 139.486847,   35.620270,      -65.98,
 139.491351,   35.620270,      -65.30,
 139.495856,   35.620270,      -64.60,
 139.500360,   35.620270,      -63.86,
 139.504865,   35.620270,      -63.10,
 139.509369,   35.620270,      -62.31,
 139.513874,   35.620270,      -61.49,
 139.518378,   35.620270,      -60.64,
 139.522883,   35.620270,      -59.77,
 139.527387,   35.620270,      -58.86,
 139.531892,   35.620270,      -57.92,
 139.536396,   35.620270,      -56.96,
 139.540901,   35.620270,      -55.97,
 139.545405,   35.620270,      -54.95,
 139.549910,   35.620270,      -53.90,
 139.554414,   35.620270,      -52.82,
 139.558919,   35.620270,      -51.71,
 139.563423,   35.620270,      -50.57,
 139.567928,   35.620270,      -49.40,
 139.572432,   35.620270,      -48.21,
 139.576937,   35.620270,      -46.99,
 139.581441,   35.620270,      -45.73,
 139.585946,   35.620270,      -44.45,
 139.590450,   35.620270,      -43.14,
 139.594955,   35.620270,      -41.80,
 139.599459,   35.620270,      -40.44,
 139.603964,   35.620270,      -39.04,
 139.608468,   35.620270,      -37.62,
 139.612973,   35.620270,      -36.16,
 139.617477,   35.620270,      -34.68,
 139.621982,   35.620270,      -33.17,
 139.626486,   35.620270,      -31.63,
 139.630991,   35.620270,      -30.06,
 139.635495,   35.620270,      -28.46,
 139.640000,   35.620270,      -26.83,
 139.644505,   35.620270,      -25.18,
 139.649009,   35.620270,      -23.49,
 139.653514,   35.620270,      -21.78,
 139.658018,   35.620270,      -20.03,
 139.662523,   35.620270,      -18.26,
 139.667027,   35.620270,      -16.46,
 139.671532,   35.620270,      -14.63,
 139.676036,   35.620270,      -12.78,
 139.680541,   35.620270,      -10.89,
 139.685045,   35.620270,       -8.97,
 139.689550,   35.620270,       -7.03,
 139.694054,   35.620270,       -5.06,
 139.698559,   35.620270,       -3.06,
 139.703063,   35.620270,       -1.02,
 139.707568,   35.620270,        1.03,
 139.712072,   35.620270,        3.12,
 139.716577,   35.620270,        4.20,
 139.721081,   35.620270,        3.94,
 139.725586,   35.620270,        3.74,
 139.730090,   35.620270,        3.63,
 139.734595,   35.620270,        3.68,
 139.739099,   35.620270,        4.14,
 139.743604,   35.620270,        5.89,
 139.748108,   35.620270,        9.79,
 139.752613,   35.620270,       13.45,
 139.757117,   35.620270,       16.17,
 139.761622,   35.620270,       21.60,
 139.766126,   35.620270,       23.62,
 139.770631,   35.620270,       25.26,
 139.775135,   35.620270,       26.29,
 139.779640,   35.620270,       26.62,
 139.784144,   35.620270,       25.54,
 139.788649,   35.620270,       24.65,
 139.793153,   35.620270,       25.44,
 139.797658,   35.620270,       26.09,
 139.802162,   35.620270,       27.34,
 139.806667,   35.620270,       28.63,
 139.811171,   35.620270,       30.13,
 139.815676,   35.620270,       31.76,
 139.820180,   35.620270,       33.71,
 139.824685,   35.620270,       34.97,
 139.829189,   35.620270,       35.65,
 139.833694,   35.620270,       35.42,
 139.838198,   35.620270,       33.73,
 139.842703,   35.620270,       33.69,
 139.847207,   35.620270,       33.93,
 139.851712,   35.620270,       34.09,
 139.856216,   35.620270,       34.45,
 139.860721,   35.620270,       34.55,
 139.865225,   35.620270,       35.19,
 139.869730,   35.620270,       35.99,
 139.874234,   35.620270,       37.19,
 139.878739,   35.620270,       38.67,
 139.883243,   35.620270,       39.95,
 139.887748,   35.620270,       41.06,
 139.892252,   35.620270,       42.14,
 139.896757,   35.620270,       43.37,
 139.901261,   35.620270,       44.71,
 139.905766,   35.620270,       45.90,
 139.910270,   35.620270,       46.61,
 139.914775,   35.620270,       47.25,
 139.919279,   35.620270,       47.56,
 139.923784,   35.620270,       47.72,
 139.928288,   35.620270,       47.81,
 139.932793,   35.620270,       47.94,
 139.937297,   35.620270,       48.17,
 139.941802,   35.620270,       48.43,
 139.946306,   35.620270,       48.64,
 139.950811,   35.620270,       48.83,
 139.955315,   35.620270,       49.03,
 139.959820,   35.620270,       49.21,
 139.964324,   35.620270,       49.40,
 139.968829,   35.620270,       49.60,
 139.973333,   35.620270,       49.83,
 139.977838,   35.620270,       50.11,
 139.982342,   35.620270,       50.42,
 139.986847,   35.620270,       50.78,
 139.991351,   35.620270,       51.17,
 139.995856,   35.620270,       51.61,
 140.000360,   35.620270,       52.10,
 140.004865,   35.620270,       52.63,
 140.009369,   35.620270,       53.28,
 140.013874,   35.620270,       53.95,
 140.018378,   35.620270,       54.60,
 140.022883,   35.620270,       55.24,
 140.027387,   35.620270,       55.95,
 140.031892,   35.620270,       56.38,
 140.036396,   35.620270,       56.65,
 140.040901,   35.620270,       56.76,
 140.045405,   35.620270,       56.66,
 140.049910,   35.620270,       56.54,
 140.054414,   35.620270,       56.44,
 140.058919,   35.620270,       56.42,
 140.063423,   35.620270,       58.03,
 140.067928,   35.620270,       62.02,
 140.072432,   35.620270,       65.54,
 140.076937,   35.620270,       68.94,
 140.081441,   35.620270,       72.60,
 140.085946,   35.620270,       76.43,
 140.090450,   35.620270,       80.51,
 140.094955,   35.620270,       84.84,
 140.099459,   35.620270,       89.42,
 140.103964,   35.620270,       94.25,
 140.108468,   35.620270,       99.96,
 140.112973,   35.620270,      101.59,
 140.117477,   35.620270,      100.14,
 140.121982,   35.620270,       97.36,
 140.126486,   35.620270,       93.26,
 140.130991,   35.620270,       87.84,
 140.135495,   35.620270,       81.10,
 140.140000,   35.620270,       73.04,
 140.144505,   35.620270,       71.00,
 140.149009,   35.620270,       71.73,
 140.153514,   35.620270,       72.31,
 140.158018,   35.620270,       72.70,
 140.162523,   35.620270,       73.10,
 140.167027,   35.620270,       73.50,
 140.171532,   35.620270,       73.89,
 140.176036,   35.620270,       74.28,
 140.180541,   35.620270,       74.67,
 140.185045,   35.620270,       75.05,
 140.189550,   35.620270,       75.44,
 140.194054,   35.620270,       75.82,
 140.198559,   35.620270,       76.20,
 140.203063,   35.620270,       76.57,
 140.207568,   35.620270,       76.95,
 140.212072,   35.620270,       77.32,
 140.216577,   35.620270,       77.69,
 140.221081,   35.620270,       78.06,
 140.225586,   35.620270,       78.42,
 140.230090,   35.620270,       78.79,
 140.234595,   35.620270,       79.15,
 140.239099,   35.620270,       79.51,
 140.243604,   35.620270,       79.86,
 140.248108,   35.620270,       80.22,
 140.252613,   35.620270,       80.57,
 140.257117,   35.620270,       80.92,
 140.261622,   35.620270,       81.27,
 140.266126,   35.620270,       81.61,
 140.270631,   35.620270,       81.96,
 140.275135,   35.620270,       82.30,
 140.279640,   35.620270,       82.63,
 140.284144,   35.620270,       82.97,
 140.288649,   35.620270,       83.31,
 140.293153,   35.620270,       83.64,
 140.297658,   35.620270,       83.97,
 140.302162,   35.620270,       84.29,
 140.306667,   35.620270,       84.62,
 140.311171,   35.620270,       84.94,
 140.315676,   35.620270,       85.26,
 140.320180,   35.620270,       85.58,
 140.324685,   35.620270,       85.90,
 140.329189,   35.620270,       86.21,
 140.333694,   35.620270,       86.52,
 140.338198,   35.620270,       86.83,
 140.342703,   35.620270,       87.14,
 140.347207,   35.620270,       87.44,
 140.351712,   35.620270,       87.75,
 140.356216,   35.620270,       88.05,
 140.360721,   35.620270,       88.34,
 140.365225,   35.620270,       88.64,
 140.369730,   35.620270,       88.93,
 140.374234,   35.620270,       89.22,
 140.378739,   35.620270,       89.51,
 140.383243,   35.620270,       89.80,
 140.387748,   35.620270,       90.09,
 139.140000,   35.624775,      -33.75,
 139.144505,   35.624775,      -35.31,
 139.149009,   35.624775,      -36.84,
 139.153514,   35.624775,      -38.33,
 139.158018,   35.624775,      -39.80,
 139.162523,   35.624775,      -41.25,
 139.167027,   35.624775,      -42.66,
 139.171532,   35.624775,      -44.04,
 139.176036,   35.624775,      -45.40,
 139.180541,   35.624775,      -46.72,
 139.185045,   35.624775,      -48.02,
 139.189550,   35.624775,      -49.29,
 139.194054,   35.624775,      -50.53,
 139.198559,   35.624775,      -51.74,
 139.203063,   35.624775,      -52.92,
 139.207568,   35.624775,      -54.07,
 139.212072,   35.624775,      -55.19,
 139.216577,   35.624775,      -56.29,
 139.221081,   35.624775,      -57.35,
 139.225586,   35.624775,      -58.39,
 139.230090,   35.624775,      -59.40,
 139.234595,   35.624775,      -60.38,
 139.239099,   35.624775,      -61.33,
 139.243604,   35.624775,      -62.25,
 139.248108,   35.624775,      -63.15,
 139.252613,   35.624775,      -64.01,
 139.257117,   35.624775,      -64.85,
 139.261622,   35.624775,      -65.65,
 139.266126,   35.624775,      -66.43,
 139.270631,   35.624775,      -67.18,
 139.275135,   35.624775,      -67.90,
 139.279640,   35.624775,      -68.59,
 139.284144,   35.624775,      -69.25,
 139.288649,   35.624775,      -69.89,
 139.293153,   35.624775,      -70.49,
 139.297658,   35.624775,      -71.07,
 139.302162,   35.624775,      -71.62,
 139.306667,   35.624775,      -72.14,
 139.311171,   35.624775,      -72.63,
 139.315676,   35.624775,      -73.09,
 139.320180,   35.624775,      -73.52,
 139.324685,   35.624775,      -73.92,
 139.329189,   35.624775,      -74.30,
 139.333694,   35.624775,      -74.64,
 139.338198,   35.624775,      -74.96,
 139.342703,   35.624775,      -75.25,
 139.347207,   35.624775,      -75.50,
 139.351712,   35.624775,      -75.73,
 139.356216,   35.624775,      -75.94,
 139.360721,   35.624775,      -76.11,
 139.365225,   35.624775,      -76.25,
 139.369730,   35.624775,      -76.37,
 139.374234,   35.624775,      -76.45,
 139.378739,   35.624775,      -76.51,
 139.383243,   35.624775,      -76.54,
 139.387748,   35.624775,      -76.54,
 139.392252,   35.624775,      -76.51,
 139.396757,   35.624775,      -76.45,
 139.401261,   35.624775,      -76.36,
 139.405766,   35.624775,      -76.25,
 139.410270,   35.624775,      -76.10,
 139.414775,   35.624775,      -75.93,
 139.419279,   35.624775,      -75.73,
 139.423784,   35.624775,      -75.50,
 139.428288,   35.624775,      -75.24,
 139.432793,   35.624775,      -74.95,
 139.437297,   35.624775,      -74.63,
 139.441802,   35.624775,      -74.28,
 139.446306,   35.624775,      -73.91,
 139.450811,   35.624775,      -73.50,
 139.455315,   35.624775,      -73.07,
 139.459820,   35.624775,      -72.61,
 139.464324,   35.624775,      -72.12,
 139.468829,   35.624775,      -71.60,
 139.473333,   35.624775,      -71.05,
 139.477838,   35.624775,      -70.47,
 139.482342,   35.624775,      -69.87,
 139.486847,   35.624775,      -69.23,
 139.491351,   35.624775,      -68.57,
 139.495856,   35.624775,      -67.88,
 139.500360,   35.624775,      -67.16,
 139.504865,   35.624775,      -66.41,
 139.509369,   35.624775,      -65.63,
 139.513874,   35.624775,      -64.82,
 139.518378,   35.624775,      -63.98,
 139.522883,   35.624775,      -63.12,
 139.527387,   35.624775,      -62.22,
 139.531892,   35.624775,      -61.30,
 139.536396,   35.624775,      -60.35,
 139.540901,   35.624775,      -59.37,
 139.545405,   35.624775,      -58.36,
 139.549910,   35.624775,      -57.32,
 139.554414,   35.624775,      -56.25,
 139.558919,   35.624775,      -55.16,
 139.563423,   35.624775,      -54.03,
 139.567928,   35.624775,      -52.88,
 139.572432,   35.624775,      -51.70,
 139.576937,   35.624775,      -50.49,
 139.581441,   35.624775,      -49.25,
 139.585946,   35.624775,      -47.98,
 139.590450,   35.624775,      -46.68,
 139.594955,   35.624775,      -45.35,
 139.599459,   35.624775,      -44.00,
 139.603964,   35.624775,      -42.61,
 139.608468,   35.624775,      -41.20,
 139.612973,   35.624775,      -39.76,
 139.617477,   35.624775,      -38.29,
 139.621982,   35.624775,      -36.79,
 139.626486,   35.624775,      -35.26,
 139.630991,   35.624775,      -33.70,
 139.635495,   35.624775,      -32.11,
 139.640000,   35.624775,      -30.50,
 139.644505,   35.624775,      -28.86,
 139.649009,   35.624775,      -27.18,
 139.653514,   35.624775,      -25.48,
 139.658018,   35.624775,      -23.75,
 139.662523,   35.624775,      -21.99,
 139.667027,   35.624775,      -20.20,
 139.671532,   35.624775,      -18.39,
 139.676036,   35.624775,      -16.54,
 139.680541,   35.624775,      -14.67,
 139.685045,   35.624775,      -12.77,
 139.689550,   35.624775,      -10.83,
 139.694054,   35.624775,       -8.87,
 139.698559,   35.624775,       -6.88,
 139.703063,   35.624775,       -4.86,
 139.707568,   35.624775,       -2.82,
 139.712072,   35.624775,       -0.74,
 139.716577,   35.624775,        1.36,
 139.721081,   35.624775,        3.50,
 139.725586,   35.624775,        3.42,
 139.730090,   35.624775,        3.23,
 139.734595,   35.624775,        3.14,
 139.739099,   35.624775,        3.27,
 139.743604,   35.624775,        4.01,
 139.748108,   35.624775,        7.08,
 139.752613,   35.624775,       11.63,
 139.757117,   35.624775,       14.28,
 139.761622,   35.624775,       18.54,
 139.766126,   35.624775,       20.28,
 139.770631,   35.624775,       22.07,
 139.775135,   35.624775,       23.52,
 139.779640,   35.624775,       24.65,
 139.784144,   35.624775,       24.63,
 139.788649,   35.624775,       24.25,
 139.793153,   35.624775,       24.68,
 139.797658,   35.624775,       25.58,
 139.802162,   35.624775,       26.83,
 139.806667,   35.624775,       28.17,
 139.811171,   35.624775,       29.66,
 139.815676,   35.624775,       31.26,
 139.820180,   35.624775,       32.58,
 139.824685,   35.624775,       33.77,
 139.829189,   35.624775,       34.40,
 139.833694,   35.624775,       32.21,
 139.838198,   35.624775,       29.16,
 139.842703,   35.624775,       28.98,
 139.847207,   35.624775,       29.46,
 139.851712,   35.624775,       29.64,
 139.856216,   35.624775,       29.61,
 139.860721,   35.624775,       30.06,
 139.865225,   35.624775,       31.15,
 139.869730,   35.624775,       32.61,
 139.874234,   35.624775,       34.38,
 139.878739,   35.624775,       36.14,
 139.883243,   35.624775,       37.89,
 139.887748,   35.624775,       39.58,
 139.892252,   35.624775,       41.18,
 139.896757,   35.624775,       42.49,
 139.901261,   35.624775,       43.70,
 139.905766,   35.624775,       44.86,
 139.910270,   35.624775,       45.97,
 139.914775,   35.624775,       47.03,
 139.919279,   35.624775,       47.26,
 139.923784,   35.624775,       47.48,
 139.928288,   35.624775,       47.64,
 139.932793,   35.624775,       47.71,
 139.937297,   35.624775,       47.84,
 139.941802,   35.624775,       48.02,
 139.946306,   35.624775,       48.21,
 139.950811,   35.624775,       48.36,
 139.955315,   35.624775,       48.52,
 139.959820,   35.624775,       48.67,
 139.964324,   35.624775,       48.83,
 139.968829,   35.624775,       49.00,
 139.973333,   35.624775,       49.22,
 139.977838,   35.624775,       49.50,
 139.982342,   35.624775,       49.82,
 139.986847,   35.624775,       50.18,
 139.991351,   35.624775,       50.59,
 139.995856,   35.624775,       51.07,
 140.000360,   35.624775,       51.58,
 140.004865,   35.624775,       52.12,
 140.009369,   35.624775,       52.74,
 140.013874,   35.624775,       53.45,
 140.018378,   35.624775,       54.21,
 140.022883,   35.624775,       54.89,
 140.027387,   35.624775,       55.58,
 140.031892,   35.624775,       56.25,
 140.036396,   35.624775,       56.76,
 140.040901,   35.624775,       57.09,
 140.045405,   35.624775,       56.94,
 140.049910,   35.624775,       56.82,
 140.054414,   35.624775,       56.70,
 140.058919,   35.624775,       59.24,
 140.063423,   35.624775,       62.32,
 140.067928,   35.624775,       65.38,
 140.072432,   35.624775,       68.71,
 140.076937,   35.624775,       72.30,
 140.081441,   35.624775,       76.02,
 140.085946,   35.624775,       79.98,
 140.090450,   35.624775,       84.20,
 140.094955,   35.624775,       88.66,
 140.099459,   35.624775,       93.38,
 140.103964,   35.624775,       98.34,
 140.108468,   35.624775,      103.67,
 140.112973,   35.624775,      109.54,
 140.117477,   35.624775,      110.90,
 140.121982,   35.624775,      108.23,
 140.126486,   35.624775,      104.23,
 140.130991,   35.624775,       98.92,
 140.135495,   35.624775,       92.28,
 140.140000,   35.624775,       84.32,
 140.144505,   35.624775,       75.04,
 140.149009,   35.624775,       71.76,
 140.153514,   35.624775,       72.49,
 140.158018,   35.624775,       73.21,
 140.162523,   35.624775,       73.61,
 140.167027,   35.624775,       74.01,
 140.171532,   35.624775,       74.40,
 140.176036,   35.624775,       74.79,
 140.180541,   35.624775,       75.18,
 140.185045,   35.624775,       75.57,
 140.189550,   35.624775,       75.95,
 140.194054,   35.624775,       76.34,
 140.198559,   35.624775,       76.72,
 140.203063,   35.624775,       77.09,
 140.207568,   35.624775,       77.47,
 140.212072,   35.624775,       77.84,
 140.216577,   35.624775,       78.21,
 140.221081,   35.624775,       78.58,
 140.225586,   35.624775,       78.95,
 140.230090,   35.624775,       79.31,
 140.234595,   35.624775,       79.68,
 140.239099,   35.624775,       80.03,
 140.243604,   35.624775,       80.39,
 140.248108,   35.624775,       80.75,
 140.252613,   35.624775,       81.10,
 140.257117,   35.624775,       81.45,
 140.261622,   35.624775,       81.80,
 140.266126,   35.624775,       82.15,
 140.270631,   35.624775,       82.49,
 140.275135,   35.624775,       82.83,
 140.279640,   35.624775,       83.17,
 140.284144,   35.624775,       83.51,
 140.288649,   35.624775,       83.84,
 140.293153,   35.624775,       84.18,
 140.297658,   35.624775,       84.51,
 140.302162,   35.624775,       84.83,
 140.306667,   35.624775,       85.16,
 140.311171,   35.624775,       85.48,
 140.315676,   35.624775,       85.81,
 140.320180,   35.624775,       86.12,
 140.324685,   35.624775,       86.44,
 140.329189,   35.624775,       86.76,
 140.333694,   35.624775,       87.07,
 140.338198,   35.624775,       87.38,
 140.342703,   35.624775,       87.69,
 140.347207,   35.624775,       87.99,
 140.351712,   35.624775,       88.30,
 140.356216,   35.624775,       88.60,
 140.360721,   35.624775,       88.90,
 140.365225,   35.624775,       89.19,
 140.369730,   35.624775,       89.49,
 140.374234,   35.624775,       89.78,
 140.378739,   35.624775,       90.07,
 140.383243,   35.624775,       90.36,
 140.387748,   35.624775,       90.64,
 139.140000,   35.629279,      -36.10,
 139.144505,   35.629279,      -37.67,
 139.149009,   35.629279,      -39.21,
 139.153514,   35.629279,      -40.72,
 139.158018,   35.629279,      -42.20,
 139.162523,   35.629279,      -43.65,
 139.167027,   35.629279,      -45.08,
 139.171532,   35.629279,      -46.47,
 139.176036,   35.629279,      -47.84,
 139.180541,   35.629279,      -49.18,
 139.185045,   35.629279,      -50.49,
 139.189550,   35.629279,      -51.77,
 139.194054,   35.629279,      -53.02,
 139.198559,   35.629279,      -54.24,
 139.203063,   35.629279,      -55.43,
 139.207568,   35.629279,      -56.60,
 139.212072,   35.629279,      -57.74,
 139.216577,   35.629279,      -58.84,
 139.221081,   35.629279,      -59.92,
 139.225586,   35.629279,      -60.97,
 139.230090,   35.629279,      -61.99,
 139.234595,   35.629279,      -62.98,
 139.239099,   35.629279,      -63.95,
 139.243604,   35.629279,      -64.88,
 139.248108,   35.629279,      -65.79,
 139.252613,   35.629279,      -66.66,
 139.257117,   35.629279,      -67.51,
 139.261622,   35.629279,      -68.33,
 139.266126,   35.629279,      -69.12,
 139.270631,   35.629279,      -69.88,
 139.275135,   35.629279,      -70.61,
 139.279640,   35.629279,      -71.32,
 139.284144,   35.629279,      -71.99,
 139.288649,   35.629279,      -72.64,
 139.293153,   35.629279,      -73.25,
 139.297658,   35.629279,      -73.84,
 139.302162,   35.629279,      -74.40,
 139.306667,   35.629279,      -74.93,
 139.311171,   35.629279,      -75.43,
 139.315676,   35.629279,      -75.91,
 139.320180,   35.629279,      -76.35,
 139.324685,   35.629279,      -76.77,
 139.329189,   35.629279,      -77.15,
 139.333694,   35.629279,      -77.51,
 139.338198,   35.629279,      -77.84,
 139.342703,   35.629279,      -78.14,
 139.347207,   35.629279,      -78.41,
 139.351712,   35.629279,      -78.65,
 139.356216,   35.629279,      -78.87,
 139.360721,   35.629279,      -79.05,
 139.365225,   35.629279,      -79.21,
 139.369730,   35.629279,      -79.33,
 139.374234,   35.629279,      -79.43,
 139.378739,   35.629279,      -79.50,
 139.383243,   35.629279,      -79.54,
 139.387748,   35.629279,      -79.55,
 139.392252,   35.629279,      -79.54,
 139.396757,   35.629279,      -79.49,
 139.401261,   35.629279,      -79.42,
 139.405766,   35.629279,      -79.31,
 139.410270,   35.629279,      -79.18,
 139.414775,   35.629279,      -79.02,
 139.419279,   35.629279,      -78.83,
 139.423784,   35.629279,      -78.61,
 139.428288,   35.629279,      -78.36,
 139.432793,   35.629279,      -78.09,
 139.437297,   35.629279,      -77.78,
 139.441802,   35.629279,      -77.45,
 139.446306,   35.629279,      -77.08,
 139.450811,   35.629279,      -76.69,
 139.455315,   35.629279,      -76.27,
 139.459820,   35.629279,      -75.82,
 139.464324,   35.629279,      -75.34,
 139.468829,   35.629279,      -74.83,
 139.473333,   35.629279,      -74.30,
 139.477838,   35.629279,      -73.73,
 139.482342,   35.629279,      -73.14,
 139.486847,   35.629279,      -72.52,
 139.491351,   35.629279,      -71.87,
 139.495856,   35.629279,      -71.19,
 139.500360,   35.629279,      -70.48,
 139.504865,   35.629279,      -69.74,
 139.509369,   35.629279,      -68.97,
 139.513874,   35.629279,      -68.18,
 139.518378,   35.629279,      -67.35,
 139.522883,   35.629279,      -66.50,
 139.527387,   35.629279,      -65.62,
 139.531892,   35.629279,      -64.71,
 139.536396,   35.629279,      -63.77,
 139.540901,   35.629279,      -62.80,
 139.545405,   35.629279,      -61.80,
 139.549910,   35.629279,      -60.77,
 139.554414,   35.629279,      -59.72,
 139.558919,   35.629279,      -58.64,
 139.563423,   35.629279,      -57.52,
 139.567928,   35.629279,      -56.38,
 139.572432,   35.629279,      -55.21,
 139.576937,   35.629279,      -54.01,
 139.581441,   35.629279,      -52.78,
 139.585946,   35.629279,      -51.53,
 139.590450,   35.629279,      -50.24,
 139.594955,   35.629279,      -48.93,
 139.599459,   35.629279,      -47.58,
 139.603964,   35.629279,      -46.21,
 139.608468,   35.629279,      -44.81,
 139.612973,   35.629279,      -43.38,
 139.617477,   35.629279,      -41.92,
 139.621982,   35.629279,      -40.44,
 139.626486,   35.629279,      -38.92,
 139.630991,   35.629279,      -37.37,
 139.635495,   35.629279,      -35.80,
 139.640000,   35.629279,      -34.20,
 139.644505,   35.629279,      -32.57,
 139.649009,   35.629279,      -30.91,
 139.653514,   35.629279,      -29.22,
 139.658018,   35.629279,      -27.50,
 139.662523,   35.629279,      -25.75,
 139.667027,   35.629279,      -23.98,
 139.671532,   35.629279,      -22.17,
 139.676036,   35.629279,      -20.34,
 139.680541,   35.629279,      -18.48,
 139.685045,   35.629279,      -16.58,
 139.689550,   35.629279,      -14.66,
 139.694054,   35.629279,      -12.72,
 139.698559,   35.629279,      -10.74,
 139.703063,   35.629279,       -8.73,
 139.707568,   35.629279,       -6.70,
 139.712072,   35.629279,       -4.63,
 139.716577,   35.629279,       -2.54,
 139.721081,   35.629279,       -0.42,
 139.725586,   35.629279,        1.73,
 139.730090,   35.629279,        2.90,
 139.734595,   35.629279,        2.71,
 139.739099,   35.629279,        2.64,
 139.743604,   35.629279,        2.88,
 139.748108,   35.629279,        4.29,
 139.752613,   35.629279,        8.91,
 139.757117,   35.629279,       12.39,
 139.761622,   35.629279,       14.39,
 139.766126,   35.629279,       16.25,
 139.770631,   35.629279,       18.20,
 139.775135,   35.629279,       20.25,
 139.779640,   35.629279,       22.18,
 139.784144,   35.629279,       23.84,
 139.788649,   35.629279,       24.19,
 139.793153,   35.629279,       24.55,
 139.797658,   35.629279,       25.40,
 139.802162,   35.629279,       26.42,
 139.806667,   35.629279,       27.62,
 139.811171,   35.629279,       28.73,
 139.815676,   35.629279,       29.48,
 139.820180,   35.629279,       30.61,
 139.824685,   35.629279,       31.39,
 139.829189,   35.629279,       30.26,
 139.833694,   35.629279,       27.32,
 139.838198,   35.629279,       24.18,
 139.842703,   35.629279,       23.99,
 139.847207,   35.629279,       24.55,
 139.851712,   35.629279,       24.92,
 139.856216,   35.629279,       24.90,
 139.860721,   35.629279,       25.36,
 139.865225,   35.629279,       27.02,
 139.869730,   35.629279,       28.72,
 139.874234,   35.629279,       30.74,
 139.878739,   35.629279,       30.88,
 139.883243,   35.629279,       31.09,
 139.887748,   35.629279,       32.98,
 139.892252,   35.629279,       36.74,
 139.896757,   35.629279,       39.39,
 139.901261,   35.629279,       41.74,
 139.905766,   35.629279,       43.66,
 139.910270,   35.629279,       44.90,
 139.914775,   35.629279,       45.86,
 139.919279,   35.629279,       46.69,
 139.923784,   35.629279,       46.99,
 139.928288,   35.629279,       47.23,
 139.932793,   35.629279,       47.31,
 139.937297,   35.629279,       47.39,
 139.941802,   35.629279,       47.51,
 139.946306,   35.629279,       47.64,
 139.950811,   35.629279,       47.72,
 139.955315,   35.629279,       47.82,
 139.959820,   35.629279,       48.00,
 139.964324,   35.629279,       48.19,
 139.968829,   35.629279,       48.38,
 139.973333,   35.629279,       48.60,
 139.977838,   35.629279,       48.85,
 139.982342,   35.629279,       49.18,
 139.986847,   35.629279,       49.56,
 139.991351,   35.629279,       49.96,
 139.995856,   35.629279,       50.42,
 140.000360,   35.629279,       50.93,
 140.004865,   35.629279,       51.45,
 140.009369,   35.629279,       52.07,
 140.013874,   35.629279,       52.79,
 140.018378,   35.629279,       53.53,
 140.022883,   35.629279,       54.24,
 140.027387,   35.629279,       54.97,
 140.031892,   35.629279,       55.71,
 140.036396,   35.629279,       56.41,
 140.040901,   35.629279,       57.02,
 140.045405,   35.629279,       57.09,
 140.049910,   35.629279,       57.10,
 140.054414,   35.629279,       59.30,
 140.058919,   35.629279,       61.97,
 140.063423,   35.629279,       64.82,
 140.067928,   35.629279,       68.37,
 140.072432,   35.629279,       71.73,
 140.076937,   35.629279,       75.33,
 140.081441,   35.629279,       79.19,
 140.085946,   35.629279,       83.29,
 140.090450,   35.629279,       87.64,
 140.094955,   35.629279,       92.24,
 140.099459,   35.629279,       97.08,
 140.103964,   35.629279,      102.18,
 140.108468,   35.629279,      107.52,
 140.112973,   35.629279,      113.26,
 140.117477,   35.629279,      119.12,
 140.121982,   35.629279,      120.42,
 140.126486,   35.629279,      116.52,
 140.130991,   35.629279,      111.31,
 140.135495,   35.629279,      104.77,
 140.140000,   35.629279,       96.91,
 140.144505,   35.629279,       87.73,
 140.149009,   35.629279,       77.23,
 140.153514,   35.629279,       72.52,
 140.158018,   35.629279,       73.25,
 140.162523,   35.629279,       73.97,
 140.167027,   35.629279,       74.53,
 140.171532,   35.629279,       74.92,
 140.176036,   35.629279,       75.31,
 140.180541,   35.629279,       75.70,
 140.185045,   35.629279,       76.09,
 140.189550,   35.629279,       76.48,
 140.194054,   35.629279,       76.86,
 140.198559,   35.629279,       77.24,
 140.203063,   35.629279,       77.62,
 140.207568,   35.629279,       77.99,
 140.212072,   35.629279,       78.37,
 140.216577,   35.629279,       78.74,
 140.221081,   35.629279,       79.11,
 140.225586,   35.629279,       79.48,
 140.230090,   35.629279,       79.84,
 140.234595,   35.629279,       80.20,
 140.239099,   35.629279,       80.57,
 140.243604,   35.629279,       80.92,
 140.248108,   35.629279,       81.28,
 140.252613,   35.629279,       81.63,
 140.257117,   35.629279,       81.98,
 140.261622,   35.629279,       82.33,
 140.266126,   35.629279,       82.68,
 140.270631,   35.629279,       83.03,
 140.275135,   35.629279,       83.37,
 140.279640,   35.629279,       83.71,
 140.284144,   35.629279,       84.05,
 140.288649,   35.629279,       84.38,
 140.293153,   35.629279,       84.72,
 140.297658,   35.629279,       85.05,
 140.302162,   35.629279,       85.38,
 140.306667,   35.629279,       85.70,
 140.311171,   35.629279,       86.03,
 140.315676,   35.629279,       86.35,
 140.320180,   35.629279,       86.67,
 140.324685,   35.629279,       86.99,
 140.329189,   35.629279,       87.30,
 140.333694,   35.629279,       87.62,
 140.338198,   35.629279,       87.93,
 140.342703,   35.629279,       88.24,
 140.347207,   35.629279,       88.54,
 140.351712,   35.629279,       88.85,
 140.356216,   35.629279,       89.15,
 140.360721,   35.629279,       89.45,
 140.365225,   35.629279,       89.75,
 140.369730,   35.629279,       90.04,
 140.374234,   35.629279,       90.34,
 140.378739,   35.629279,       90.63,
 140.383243,   35.629279,       90.92,
 140.387748,   35.629279,       91.20,
 139.140000,   35.633784,      -38.48,
 139.144505,   35.633784,      -40.06,
 139.149009,   35.633784,      -41.61,
 139.153514,   35.633784,      -43.13,
 139.158018,   35.633784,      -44.63,
 139.162523,   35.633784,      -46.09,
 139.167027,   35.633784,      -47.53,
 139.171532,   35.633784,      -48.93,
 139.176036,   35.633784,      -50.31,
 139.180541,   35.633784,      -51.66,
 139.185045,   35.633784,      -52.99,
 139.189550,   35.633784,      -54.28,
 139.194054,   35.633784,      -55.54,
 139.198559,   35.633784,      -56.78,
 139.203063,   35.633784,      -57.98,
 139.207568,   35.633784,      -59.16,
 139.212072,   35.633784,      -60.31,
 139.216577,   35.633784,      -61.43,
 139.221081,   35.633784,      -62.52,
 139.225586,   35.633784,      -63.58,
 139.230090,   35.633784,      -64.61,
 139.234595,   35.633784,      -65.62,
 139.239099,   35.633784,      -66.59,
 139.243604,   35.633784,      -67.54,
 139.248108,   35.633784,      -68.45,
 139.252613,   35.633784,      -69.34,
 139.257117,   35.633784,      -70.20,
 139.261622,   35.633784,      -71.03,
 139.266126,   35.633784,      -71.84,
 139.270631,   35.633784,      -72.61,
 139.275135,   35.633784,      -73.35,
 139.279640,   35.633784,      -74.07,
 139.284144,   35.633784,      -74.76,
 139.288649,   35.633784,      -75.42,
 139.293153,   35.633784,      -76.04,
 139.297658,   35.633784,      -76.64,
 139.302162,   35.633784,      -77.22,
 139.306667,   35.633784,      -77.76,
 139.311171,   35.633784,      -78.27,
 139.315676,   35.633784,      -78.76,
 139.320180,   35.633784,      -79.21,
 139.324685,   35.633784,      -79.64,
 139.329189,   35.633784,      -80.04,
 139.333694,   35.633784,      -80.41,
 139.338198,   35.633784,      -80.75,
 139.342703,   35.633784,      -81.06,
 139.347207,   35.633784,      -81.35,
 139.351712,   35.633784,      -81.60,
 139.356216,   35.633784,      -81.83,
 139.360721,   35.633784,      -82.02,
 139.365225,   35.633784,      -82.19,
 139.369730,   35.633784,      -82.33,
 139.374234,   35.633784,      -82.44,
 139.378739,   35.633784,      -82.52,
 139.383243,   35.633784,      -82.58,
 139.387748,   35.633784,      -82.60,
 139.392252,   35.633784,      -82.59,
 139.396757,   35.633784,      -82.56,
 139.401261,   35.633784,      -82.50,
 139.405766,   35.633784,      -82.41,
 139.410270,   35.633784,      -82.29,
 139.414775,   35.633784,      -82.14,
 139.419279,   35.633784,      -81.96,
 139.423784,   35.633784,      -81.75,
 139.428288,   35.633784,      -81.52,
 139.432793,   35.633784,      -81.25,
 139.437297,   35.633784,      -80.96,
 139.441802,   35.633784,      -80.64,
 139.446306,   35.633784,      -80.29,
 139.450811,   35.633784,      -79.91,
 139.455315,   35.633784,      -79.50,
 139.459820,   35.633784,      -79.06,
 139.464324,   35.633784,      -78.59,
 139.468829,   35.633784,      -78.10,
 139.473333,   35.633784,      -77.58,
 139.477838,   35.633784,      -77.02,
 139.482342,   35.633784,      -76.44,
 139.486847,   35.633784,      -75.83,
 139.491351,   35.633784,      -75.19,
 139.495856,   35.633784,      -74.52,
 139.500360,   35.633784,      -73.83,
 139.504865,   35.633784,      -73.10,
 139.509369,   35.633784,      -72.35,
 139.513874,   35.633784,      -71.56,
 139.518378,   35.633784,      -70.75,
 139.522883,   35.633784,      -69.91,
 139.527387,   35.633784,      -69.04,
 139.531892,   35.633784,      -68.14,
 139.536396,   35.633784,      -67.21,
 139.540901,   35.633784,      -66.26,
 139.545405,   35.633784,      -65.27,
 139.549910,   35.633784,      -64.26,
 139.554414,   35.633784,      -63.22,
 139.558919,   35.633784,      -62.14,
 139.563423,   35.633784,      -61.04,
 139.567928,   35.633784,      -59.91,
 139.572432,   35.633784,      -58.76,
 139.576937,   35.633784,      -57.57,
 139.581441,   35.633784,      -56.35,
 139.585946,   35.633784,      -55.11,
 139.590450,   35.633784,      -53.83,
 139.594955,   35.633784,      -52.53,
 139.599459,   35.633784,      -51.20,
 139.603964,   35.633784,      -49.84,
 139.608468,   35.633784,      -48.45,
 139.612973,   35.633784,      -47.03,
 139.617477,   35.633784,      -45.59,
 139.621982,   35.633784,      -44.11,
 139.626486,   35.633784,      -42.61,
 139.630991,   35.633784,      -41.08,
 139.635495,   35.633784,      -39.51,
 139.640000,   35.633784,      -37.92,
 139.644505,   35.633784,      -36.30,
 139.649009,   35.633784,      -34.66,
 139.653514,   35.633784,      -32.98,
 139.658018,   35.633784,      -31.27,
 139.662523,   35.633784,      -29.54,
 139.667027,   35.633784,      -27.77,
 139.671532,   35.633784,      -25.98,
 139.676036,   35.633784,      -24.16,
 139.680541,   35.633784,      -22.31,
 139.685045,   35.633784,      -20.43,
 139.689550,   35.633784,      -18.52,
 139.694054,   35.633784,      -16.59,
 139.698559,   35.633784,      -14.62,
 139.703063,   35.633784,      -12.63,
 139.707568,   35.633784,      -10.61,
 139.712072,   35.633784,       -8.55,
 139.716577,   35.633784,       -6.47,
 139.721081,   35.633784,       -4.36,
 139.725586,   35.633784,       -2.22,
 139.730090,   35.633784,       -0.06,
 139.734595,   35.633784,        2.14,
 139.739099,   35.633784,        2.17,
 139.743604,   35.633784,        2.13,
 139.748108,   35.633784,        2.57,
 139.752613,   35.633784,        5.78,
 139.757117,   35.633784,       10.50,
 139.761622,   35.633784,       11.47,
 139.766126,   35.633784,       13.16,
 139.770631,   35.633784,       14.99,
 139.775135,   35.633784,       16.75,
 139.779640,   35.633784,       18.84,
 139.784144,   35.633784,       21.62,
 139.788649,   35.633784,       23.50,
 139.793153,   35.633784,       24.66,
 139.797658,   35.633784,       25.51,
 139.802162,   35.633784,       26.41,
 139.806667,   35.633784,       26.93,
 139.811171,   35.633784,       27.28,
 139.815676,   35.633784,       27.74,
 139.820180,   35.633784,       27.95,
 139.824685,   35.633784,       27.93,
 139.829189,   35.633784,       26.30,
 139.833694,   35.633784,       22.41,
 139.838198,   35.633784,       18.71,
 139.842703,   35.633784,       18.71,
 139.847207,   35.633784,       19.75,
 139.851712,   35.633784,       20.28,
 139.856216,   35.633784,       20.50,
 139.860721,   35.633784,       21.29,
 139.865225,   35.633784,       23.01,
 139.869730,   35.633784,       24.64,
 139.874234,   35.633784,       23.45,
 139.878739,   35.633784,       19.37,
 139.883243,   35.633784,       21.48,
 139.887748,   35.633784,       26.21,
 139.892252,   35.633784,       30.58,
 139.896757,   35.633784,       34.33,
 139.901261,   35.633784,       37.85,
 139.905766,   35.633784,       40.95,
 139.910270,   35.633784,       43.46,
 139.914775,   35.633784,       45.05,
 139.919279,   35.633784,       45.78,
 139.923784,   35.633784,       46.18,
 139.928288,   35.633784,       46.41,
 139.932793,   35.633784,       46.63,
 139.937297,   35.633784,       46.74,
 139.941802,   35.633784,       46.75,
 139.946306,   35.633784,       46.81,
 139.950811,   35.633784,       46.95,
 139.955315,   35.633784,       47.10,
 139.959820,   35.633784,       47.26,
 139.964324,   35.633784,       47.43,
 139.968829,   35.633784,       47.63,
 139.973333,   35.633784,       47.89,
 139.977838,   35.633784,       48.17,
 139.982342,   35.633784,       48.52,
 139.986847,   35.633784,       48.91,
 139.991351,   35.633784,       49.31,
 139.995856,   35.633784,       49.74,
 140.000360,   35.633784,       50.24,
 140.004865,   35.633784,       50.77,
 140.009369,   35.633784,       51.33,
 140.013874,   35.633784,       52.03,
 140.018378,   35.633784,       52.72,
 140.022883,   35.633784,       53.44,
 140.027387,   35.633784,       54.21,
 140.031892,   35.633784,       54.99,
 140.036396,   35.633784,       55.85,
 140.040901,   35.633784,       56.44,
 140.045405,   35.633784,       56.63,
 140.049910,   35.633784,       58.70,
 140.054414,   35.633784,       61.27,
 140.058919,   35.633784,       64.65,
 140.063423,   35.633784,       67.65,
 140.067928,   35.633784,       70.89,
 140.072432,   35.633784,       74.38,
 140.076937,   35.633784,       78.12,
 140.081441,   35.633784,       82.11,
 140.085946,   35.633784,       86.34,
 140.090450,   35.633784,       90.83,
 140.094955,   35.633784,       95.56,
 140.099459,   35.633784,      100.54,
 140.103964,   35.633784,      105.77,
 140.108468,   35.633784,      111.25,
 140.112973,   35.633784,      116.98,
 140.117477,   35.633784,      122.84,
 140.121982,   35.633784,      128.71,
 140.126486,   35.633784,      130.14,
 140.130991,   35.633784,      125.02,
 140.135495,   35.633784,      118.59,
 140.140000,   35.633784,      110.83,
 140.144505,   35.633784,      101.75,
 140.149009,   35.633784,       91.35,
 140.153514,   35.633784,       79.63,
 140.158018,   35.633784,       73.28,
 140.162523,   35.633784,       74.01,
 140.167027,   35.633784,       74.73,
 140.171532,   35.633784,       75.44,
 140.176036,   35.633784,       75.83,
 140.180541,   35.633784,       76.22,
 140.185045,   35.633784,       76.61,
 140.189550,   35.633784,       77.00,
 140.194054,   35.633784,       77.38,
 140.198559,   35.633784,       77.76,
 140.203063,   35.633784,       78.14,
 140.207568,   35.633784,       78.52,
 140.212072,   35.633784,       78.90,
 140.216577,   35.633784,       79.27,
 140.221081,   35.633784,       79.64,
 140.225586,   35.633784,       80.01,
 140.230090,   35.633784,       80.37,
 140.234595,   35.633784,       80.74,
 140.239099,   35.633784,       81.10,
 140.243604,   35.633784,       81.46,
 140.248108,   35.633784,       81.81,
 140.252613,   35.633784,       82.17,
 140.257117,   35.633784,       82.52,
 140.261622,   35.633784,       82.87,
 140.266126,   35.633784,       83.22,
 140.270631,   35.633784,       83.56,
 140.275135,   35.633784,       83.91,
 140.279640,   35.633784,       84.25,
 140.284144,   35.633784,       84.59,
 140.288649,   35.633784,       84.92,
 140.293153,   35.633784,       85.26,
 140.297658,   35.633784,       85.59,
 140.302162,   35.633784,       85.92,
 140.306667,   35.633784,       86.25,
 140.311171,   35.633784,       86.57,
 140.315676,   35.633784,       86.90,
 140.320180,   35.633784,       87.22,
 140.324685,   35.633784,       87.54,
 140.329189,   35.633784,       87.85,
 140.333694,   35.633784,       88.17,
 140.338198,   35.633784,       88.48,
 140.342703,   35.633784,       88.79,
 140.347207,   35.633784,       89.10,
 140.351712,   35.633784,       89.40,
 140.356216,   35.633784,       89.71,
 140.360721,   35.633784,       90.01,
 140.365225,   35.633784,       90.30,
 140.369730,   35.633784,       90.60,
 140.374234,   35.633784,       90.90,
 140.378739,   35.633784,       91.19,
 140.383243,   35.633784,       91.48,
 140.387748,   35.633784,       91.76,
 139.140000,   35.638288,      -40.88,
 139.144505,   35.638288,      -42.47,
 139.149009,   35.638288,      -44.04,
 139.153514,   35.638288,      -45.57,
 139.158018,   35.638288,      -47.08,
 139.162523,   35.638288,      -48.56,
 139.167027,   35.638288,      -50.01,
 139.171532,   35.638288,      -51.43,
 139.176036,   35.638288,      -52.82,
 139.180541,   35.638288,      -54.18,
 139.185045,   35.638288,      -55.51,
 139.189550,   35.638288,      -56.82,
 139.194054,   35.638288,      -58.09,
 139.198559,   35.638288,      -59.34,
 139.203063,   35.638288,      -60.56,
 139.207568,   35.638288,      -61.75,
 139.212072,   35.638288,      -62.91,
 139.216577,   35.638288,      -64.04,
 139.221081,   35.638288,      -65.14,
 139.225586,   35.638288,      -66.21,
 139.230090,   35.638288,      -67.26,
 139.234595,   35.638288,      -68.28,
 139.239099,   35.638288,      -69.26,
 139.243604,   35.638288,      -70.22,
 139.248108,   35.638288,      -71.15,
 139.252613,   35.638288,      -72.05,
 139.257117,   35.638288,      -72.92,
 139.261622,   35.638288,      -73.77,
 139.266126,   35.638288,      -74.58,
 139.270631,   35.638288,      -75.37,
 139.275135,   35.638288,      -76.12,
 139.279640,   35.638288,      -76.85,
 139.284144,   35.638288,      -77.55,
 139.288649,   35.638288,      -78.22,
 139.293153,   35.638288,      -78.86,
 139.297658,   35.638288,      -79.48,
 139.302162,   35.638288,      -80.06,
 139.306667,   35.638288,      -80.61,
 139.311171,   35.638288,      -81.14,
 139.315676,   35.638288,      -81.64,
 139.320180,   35.638288,      -82.11,
 139.324685,   35.638288,      -82.55,
 139.329189,   35.638288,      -82.96,
 139.333694,   35.638288,      -83.34,
 139.338198,   35.638288,      -83.69,
 139.342703,   35.638288,      -84.02,
 139.347207,   35.638288,      -84.31,
 139.351712,   35.638288,      -84.58,
 139.356216,   35.638288,      -84.82,
 139.360721,   35.638288,      -85.03,
 139.365225,   35.638288,      -85.21,
 139.369730,   35.638288,      -85.36,
 139.374234,   35.638288,      -85.48,
 139.378739,   35.638288,      -85.57,
 139.383243,   35.638288,      -85.64,
 139.387748,   35.638288,      -85.67,
 139.392252,   35.638288,      -85.68,
 139.396757,   35.638288,      -85.66,
 139.401261,   35.638288,      -85.61,
 139.405766,   35.638288,      -85.53,
 139.410270,   35.638288,      -85.42,
 139.414775,   35.638288,      -85.28,
 139.419279,   35.638288,      -85.12,
 139.423784,   35.638288,      -84.92,
 139.428288,   35.638288,      -84.70,
 139.432793,   35.638288,      -84.45,
 139.437297,   35.638288,      -84.17,
 139.441802,   35.638288,      -83.86,
 139.446306,   35.638288,      -83.52,
 139.450811,   35.638288,      -83.15,
 139.455315,   35.638288,      -82.75,
 139.459820,   35.638288,      -82.33,
 139.464324,   35.638288,      -81.88,
 139.468829,   35.638288,      -81.39,
 139.473333,   35.638288,      -80.88,
 139.477838,   35.638288,      -80.34,
 139.482342,   35.638288,      -79.77,
 139.486847,   35.638288,      -79.17,
 139.491351,   35.638288,      -78.55,
 139.495856,   35.638288,      -77.89,
 139.500360,   35.638288,      -77.20,
 139.504865,   35.638288,      -76.49,
 139.509369,   35.638288,      -75.75,
 139.513874,   35.638288,      -74.98,
 139.518378,   35.638288,      -74.18,
 139.522883,   35.638288,      -73.35,
 139.527387,   35.638288,      -72.49,
 139.531892,   35.638288,      -71.60,
 139.536396,   35.638288,      -70.69,
 139.540901,   35.638288,      -69.74,
 139.545405,   35.638288,      -68.77,
 139.549910,   35.638288,      -67.77,
 139.554414,   35.638288,      -66.74,
 139.558919,   35.638288,      -65.68,
 139.563423,   35.638288,      -64.59,
 139.567928,   35.638288,      -63.47,
 139.572432,   35.638288,      -62.33,
 139.576937,   35.638288,      -61.15,
 139.581441,   35.638288,      -59.95,
 139.585946,   35.638288,      -58.72,
 139.590450,   35.638288,      -57.46,
 139.594955,   35.638288,      -56.17,
 139.599459,   35.638288,      -54.85,
 139.603964,   35.638288,      -53.50,
 139.608468,   35.638288,      -52.12,
 139.612973,   35.638288,      -50.72,
 139.617477,   35.638288,      -49.28,
 139.621982,   35.638288,      -47.82,
 139.626486,   35.638288,      -46.33,
 139.630991,   35.638288,      -44.81,
 139.635495,   35.638288,      -43.26,
 139.640000,   35.638288,      -41.68,
 139.644505,   35.638288,      -40.07,
 139.649009,   35.638288,      -38.44,
 139.653514,   35.638288,      -36.77,
 139.658018,   35.638288,      -35.08,
 139.662523,   35.638288,      -33.35,
 139.667027,   35.638288,      -31.60,
 139.671532,   35.638288,      -29.82,
 139.676036,   35.638288,      -28.01,
 139.680541,   35.638288,      -26.18,
 139.685045,   35.638288,      -24.31,
 139.689550,   35.638288,      -22.41,
 139.694054,   35.638288,      -20.49,
 139.698559,   35.638288,      -18.54,
 139.703063,   35.638288,      -16.55,
 139.707568,   35.638288,      -14.54,
 139.712072,   35.638288,      -12.50,
 139.716577,   35.638288,      -10.43,
 139.721081,   35.638288,       -8.34,
 139.725586,   35.638288,       -6.21,
 139.730090,   35.638288,       -4.06,
 139.734595,   35.638288,       -1.87,
 139.739099,   35.638288,        0.34,
 139.743604,   35.638288,        1.62,
 139.748108,   35.638288,        1.62,
 139.752613,   35.638288,        2.61,
 139.757117,   35.638288,        8.89,
 139.761622,   35.638288,        9.83,
 139.766126,   35.638288,       10.80,
 139.770631,   35.638288,       13.14,
 139.775135,   35.638288,       15.32,
 139.779640,   35.638288,       18.78,
 139.784144,   35.638288,       21.92,
 139.788649,   35.638288,       23.83,
 139.793153,   35.638288,       24.89,
 139.797658,   35.638288,       25.40,
 139.802162,   35.638288,       25.77,
 139.806667,   35.638288,       25.94,
 139.811171,   35.638288,       26.19,
 139.815676,   35.638288,       26.18,
 139.820180,   35.638288,       26.00,
 139.824685,   35.638288,       25.86,
 139.829189,   35.638288,       24.46,
 139.833694,   35.638288,       18.89,
 139.838198,   35.638288,       13.17,
 139.842703,   35.638288,       14.31,
 139.847207,   35.638288,       16.12,
 139.851712,   35.638288,       16.16,
 139.856216,   35.638288,       15.56,
 139.860721,   35.638288,       14.76,
 139.865225,   35.638288,       14.25,
 139.869730,   35.638288,       12.62,
 139.874234,   35.638288,        8.49,
 139.878739,   35.638288,        8.75,
 139.883243,   35.638288,       14.55,
 139.887748,   35.638288,       20.25,
 139.892252,   35.638288,       25.33,
 139.896757,   35.638288,       29.87,
 139.901261,   35.638288,       34.09,
 139.905766,   35.638288,       37.91,
 139.910270,   35.638288,       41.26,
 139.914775,   35.638288,       43.87,
 139.919279,   35.638288,       45.18,
 139.923784,   35.638288,       45.60,
 139.928288,   35.638288,       45.69,
 139.932793,   35.638288,       45.83,
 139.937297,   35.638288,       45.94,
 139.941802,   35.638288,       45.93,
 139.946306,   35.638288,       45.96,
 139.950811,   35.638288,       46.08,
 139.955315,   35.638288,       46.26,
 139.959820,   35.638288,       46.46,
 139.964324,   35.638288,       46.64,
 139.968829,   35.638288,       46.85,
 139.973333,   35.638288,       47.16,
 139.977838,   35.638288,       47.48,
 139.982342,   35.638288,       47.83,
 139.986847,   35.638288,       48.21,
 139.991351,   35.638288,       48.61,
 139.995856,   35.638288,       49.01,
 140.000360,   35.638288,       49.49,
 140.004865,   35.638288,       50.02,
 140.009369,   35.638288,       50.54,
 140.013874,   35.638288,       51.16,
 140.018378,   35.638288,       51.87,
 140.022883,   35.638288,       52.61,
 140.027387,   35.638288,       53.39,
 140.031892,   35.638288,       54.17,
 140.036396,   35.638288,       54.98,
 140.040901,   35.638288,       55.66,
 140.045405,   35.638288,       57.83,
 140.049910,   35.638288,       60.98,
 140.054414,   35.638288,       63.77,
 140.058919,   35.638288,       66.65,
 140.063423,   35.638288,       69.78,
 140.067928,   35.638288,       73.16,
 140.072432,   35.638288,       76.78,
 140.076937,   35.638288,       80.66,
 140.081441,   35.638288,       84.78,
 140.085946,   35.638288,       89.15,
 140.090450,   35.638288,       93.77,
 140.094955,   35.638288,       98.64,
 140.099459,   35.638288,      103.75,
 140.103964,   35.638288,      109.12,
 140.108468,   35.638288,      114.73,
 140.112973,   35.638288,      120.59,
 140.117477,   35.638288,      126.56,
 140.121982,   35.638288,      132.43,
 140.126486,   35.638288,      138.29,
 140.130991,   35.638288,      140.06,
 140.135495,   35.638288,      133.72,
 140.140000,   35.638288,      126.06,
 140.144505,   35.638288,      117.09,
 140.149009,   35.638288,      106.79,
 140.153514,   35.638288,       95.17,
 140.158018,   35.638288,       82.23,
 140.162523,   35.638288,       74.04,
 140.167027,   35.638288,       74.77,
 140.171532,   35.638288,       75.49,
 140.176036,   35.638288,       76.22,
 140.180541,   35.638288,       76.75,
 140.185045,   35.638288,       77.14,
 140.189550,   35.638288,       77.52,
 140.194054,   35.638288,       77.91,
 140.198559,   35.638288,       78.29,
 140.203063,   35.638288,       78.67,
 140.207568,   35.638288,       79.05,
 140.212072,   35.638288,       79.42,
 140.216577,   35.638288,       79.80,
 140.221081,   35.638288,       80.17,
 140.225586,   35.638288,       80.54,
 140.230090,   35.638288,       80.91,
 140.234595,   35.638288,       81.27,
 140.239099,   35.638288,       81.63,
 140.243604,   35.638288,       81.99,
 140.248108,   35.638288,       82.35,
 140.252613,   35.638288,       82.71,
 140.257117,   35.638288,       83.06,
 140.261622,   35.638288,       83.41,
 140.266126,   35.638288,       83.76,
 140.270631,   35.638288,       84.11,
 140.275135,   35.638288,       84.45,
 140.279640,   35.638288,       84.79,
 140.284144,   35.638288,       85.13,
 140.288649,   35.638288,       85.47,
 140.293153,   35.638288,       85.80,
 140.297658,   35.638288,       86.14,
 140.302162,   35.638288,       86.47,
 140.306667,   35.638288,       86.80,
 140.311171,   35.638288,       87.12,
 140.315676,   35.638288,       87.45,
 140.320180,   35.638288,       87.77,
 140.324685,   35.638288,       88.09,
 140.329189,   35.638288,       88.41,
 140.333694,   35.638288,       88.72,
 140.338198,   35.638288,       89.03,
 140.342703,   35.638288,       89.34,
 140.347207,   35.638288,       89.65,
 140.351712,   35.638288,       89.96,
 140.356216,   35.638288,       90.26,
 140.360721,   35.638288,       90.56,
 140.365225,   35.638288,       90.86,
 140.369730,   35.638288,       91.16,
 140.374234,   35.638288,       91.46,
 140.378739,   35.638288,       91.75,
 140.383243,   35.638288,       92.04,
 140.387748,   35.638288,       92.33,
 139.140000,   35.642793,      -43.32,
 139.144505,   35.642793,      -44.92,
 139.149009,   35.642793,      -46.50,
 139.153514,   35.642793,      -48.04,
 139.158018,   35.642793,      -49.56,
 139.162523,   35.642793,      -51.05,
 139.167027,   35.642793,      -52.51,
 139.171532,   35.642793,      -53.94,
 139.176036,   35.642793,      -55.35,
 139.180541,   35.642793,      -56.72,
 139.185045,   35.642793,      -58.07,
 139.189550,   35.642793,      -59.38,
 139.194054,   35.642793,      -60.67,
 139.198559,   35.642793,      -61.93,
 139.203063,   35.642793,      -63.16,
 139.207568,   35.642793,      -64.36,
 139.212072,   35.642793,      -65.53,
 139.216577,   35.642793,      -66.68,
 139.221081,   35.642793,      -67.79,
 139.225586,   35.642793,      -68.88,
 139.230090,   35.642793,      -69.94,
 139.234595,   35.642793,      -70.97,
 139.239099,   35.642793,      -71.96,
 139.243604,   35.642793,      -72.94,
 139.248108,   35.642793,      -73.88,
 139.252613,   35.642793,      -74.79,
 139.257117,   35.642793,      -75.67,
 139.261622,   35.642793,      -76.53,
 139.266126,   35.642793,      -77.36,
 139.270631,   35.642793,      -78.15,
 139.275135,   35.642793,      -78.92,
 139.279640,   35.642793,      -79.66,
 139.284144,   35.642793,      -80.37,
 139.288649,   35.642793,      -81.06,
 139.293153,   35.642793,      -81.71,
 139.297658,   35.642793,      -82.34,
 139.302162,   35.642793,      -82.93,
 139.306667,   35.642793,      -83.50,
 139.311171,   35.642793,      -84.04,
 139.315676,   35.642793,      -84.55,
 139.320180,   35.642793,      -85.03,
 139.324685,   35.642793,      -85.48,
 139.329189,   35.642793,      -85.90,
 139.333694,   35.642793,      -86.30,
 139.338198,   35.642793,      -86.66,
 139.342703,   35.642793,      -87.00,
 139.347207,   35.642793,      -87.31,
 139.351712,   35.642793,      -87.58,
 139.356216,   35.642793,      -87.83,
 139.360721,   35.642793,      -88.06,
 139.365225,   35.642793,      -88.25,
 139.369730,   35.642793,      -88.41,
 139.374234,   35.642793,      -88.55,
 139.378739,   35.642793,      -88.65,
 139.383243,   35.642793,      -88.73,
 139.387748,   35.642793,      -88.78,
 139.392252,   35.642793,      -88.80,
 139.396757,   35.642793,      -88.79,
 139.401261,   35.642793,      -88.75,
 139.405766,   35.642793,      -88.68,
 139.410270,   35.642793,      -88.58,
 139.414775,   35.642793,      -88.46,
 139.419279,   35.642793,      -88.31,
 139.423784,   35.642793,      -88.12,
 139.428288,   35.642793,      -87.91,
 139.432793,   35.642793,      -87.67,
 139.437297,   35.642793,      -87.40,
 139.441802,   35.642793,      -87.11,
 139.446306,   35.642793,      -86.78,
 139.450811,   35.642793,      -86.42,
 139.455315,   35.642793,      -86.04,
 139.459820,   35.642793,      -85.63,
 139.464324,   35.642793,      -85.18,
 139.468829,   35.642793,      -84.71,
 139.473333,   35.642793,      -84.21,
 139.477838,   35.642793,      -83.69,
 139.482342,   35.642793,      -83.13,
 139.486847,   35.642793,      -82.54,
 139.491351,   35.642793,      -81.93,
 139.495856,   35.642793,      -81.28,
 139.500360,   35.642793,      -80.61,
 139.504865,   35.642793,      -79.91,
 139.509369,   35.642793,      -79.18,
 139.513874,   35.642793,      -78.42,
 139.518378,   35.642793,      -77.63,
 139.522883,   35.642793,      -76.82,
 139.527387,   35.642793,      -75.97,
 139.531892,   35.642793,      -75.10,
 139.536396,   35.642793,      -74.19,
 139.540901,   35.642793,      -73.26,
 139.545405,   35.642793,      -72.30,
 139.549910,   35.642793,      -71.31,
 139.554414,   35.642793,      -70.29,
 139.558919,   35.642793,      -69.24,
 139.563423,   35.642793,      -68.17,
 139.567928,   35.642793,      -67.06,
 139.572432,   35.642793,      -65.93,
 139.576937,   35.642793,      -64.77,
 139.581441,   35.642793,      -63.58,
 139.585946,   35.642793,      -62.36,
 139.590450,   35.642793,      -61.11,
 139.594955,   35.642793,      -59.83,
 139.599459,   35.642793,      -58.52,
 139.603964,   35.642793,      -57.19,
 139.608468,   35.642793,      -55.82,
 139.612973,   35.642793,      -54.43,
 139.617477,   35.642793,      -53.01,
 139.621982,   35.642793,      -51.55,
 139.626486,   35.642793,      -50.08,
 139.630991,   35.642793,      -48.57,
 139.635495,   35.642793,      -47.03,
 139.640000,   35.642793,      -45.46,
 139.644505,   35.642793,      -43.87,
 139.649009,   35.642793,      -42.24,
 139.653514,   35.642793,      -40.59,
 139.658018,   35.642793,      -38.91,
 139.662523,   35.642793,      -37.20,
 139.667027,   35.642793,      -35.46,
 139.671532,   35.642793,      -33.69,
 139.676036,   35.642793,      -31.89,
 139.680541,   35.642793,      -30.07,
 139.685045,   35.642793,      -28.21,
 139.689550,   35.642793,      -26.33,
 139.694054,   35.642793,      -24.42,
 139.698559,   35.642793,      -22.48,
 139.703063,   35.642793,      -20.51,
 139.707568,   35.642793,      -18.51,
 139.712072,   35.642793,      -16.48,
 139.716577,   35.642793,      -14.43,
 139.721081,   35.642793,      -12.34,
 139.725586,   35.642793,      -10.23,
 139.730090,   35.642793,       -8.08,
 139.734595,   35.642793,       -5.91,
 139.739099,   35.642793,       -3.71,
 139.743604,   35.642793,       -1.48,
 139.748108,   35.642793,        0.78,
 139.752613,   35.642793,        1.09,
 139.757117,   35.642793,        5.07,
 139.761622,   35.642793,        7.53,
 139.766126,   35.642793,        8.99,
 139.770631,   35.642793,       12.13,
 139.775135,   35.642793,       15.52,
 139.779640,   35.642793,       20.08,
 139.784144,   35.642793,       23.01,
 139.788649,   35.642793,       24.25,
 139.793153,   35.642793,       24.75,
 139.797658,   35.642793,       24.97,
 139.802162,   35.642793,       25.13,
 139.806667,   35.642793,       25.20,
 139.811171,   35.642793,       25.27,
 139.815676,   35.642793,       25.21,
 139.820180,   35.642793,       25.04,
 139.824685,   35.642793,       24.77,
 139.829189,   35.642793,       22.47,
 139.833694,   35.642793,       17.23,
 139.838198,   35.642793,       12.01,
 139.842703,   35.642793,       10.93,
 139.847207,   35.642793,       12.77,
 139.851712,   35.642793,       11.95,
 139.856216,   35.642793,       10.44,
 139.860721,   35.642793,        8.40,
 139.865225,   35.642793,        6.07,
 139.869730,   35.642793,        2.82,
 139.874234,   35.642793,        1.97,
 139.878739,   35.642793,        6.60,
 139.883243,   35.642793,       11.98,
 139.887748,   35.642793,       17.21,
 139.892252,   35.642793,       22.12,
 139.896757,   35.642793,       26.67,
 139.901261,   35.642793,       30.98,
 139.905766,   35.642793,       35.13,
 139.910270,   35.642793,       38.99,
 139.914775,   35.642793,       42.30,
 139.919279,   35.642793,       44.54,
 139.923784,   35.642793,       45.14,
 139.928288,   35.642793,       45.13,
 139.932793,   35.642793,       45.16,
 139.937297,   35.642793,       45.16,
 139.941802,   35.642793,       45.19,
 139.946306,   35.642793,       45.18,
 139.950811,   35.642793,       45.20,
 139.955315,   35.642793,       45.44,
 139.959820,   35.642793,       45.68,
 139.964324,   35.642793,       45.89,
 139.968829,   35.642793,       46.14,
 139.973333,   35.642793,       46.49,
 139.977838,   35.642793,       46.82,
 139.982342,   35.642793,       47.14,
 139.986847,   35.642793,       47.52,
 139.991351,   35.642793,       47.97,
 139.995856,   35.642793,       48.34,
 140.000360,   35.642793,       48.70,
 140.004865,   35.642793,       49.21,
 140.009369,   35.642793,       49.72,
 140.013874,   35.642793,       50.25,
 140.018378,   35.642793,       50.97,
 140.022883,   35.642793,       51.76,
 140.027387,   35.642793,       52.57,
 140.031892,   35.642793,       53.35,
 140.036396,   35.642793,       54.43,
 140.040901,   35.642793,       56.88,
 140.045405,   35.642793,       60.10,
 140.049910,   35.642793,       62.62,
 140.054414,   35.642793,       65.39,
 140.058919,   35.642793,       68.40,
 140.063423,   35.642793,       71.66,
 140.067928,   35.642793,       75.18,
 140.072432,   35.642793,       78.94,
 140.076937,   35.642793,       82.94,
 140.081441,   35.642793,       87.20,
 140.085946,   35.642793,       91.71,
 140.090450,   35.642793,       96.46,
 140.094955,   35.642793,      101.46,
 140.099459,   35.642793,      106.71,
 140.103964,   35.642793,      112.21,
 140.108468,   35.642793,      117.96,
 140.112973,   35.642793,      123.96,
 140.117477,   35.642793,      130.20,
 140.121982,   35.642793,      136.15,
 140.126486,   35.642793,      142.01,
 140.130991,   35.642793,      147.88,
 140.135495,   35.642793,      150.18,
 140.140000,   35.642793,      142.62,
 140.144505,   35.642793,      133.75,
 140.149009,   35.642793,      123.55,
 140.153514,   35.642793,      112.03,
 140.158018,   35.642793,       99.19,
 140.162523,   35.642793,       85.03,
 140.167027,   35.642793,       74.80,
 140.171532,   35.642793,       75.53,
 140.176036,   35.642793,       76.25,
 140.180541,   35.642793,       76.98,
 140.185045,   35.642793,       77.66,
 140.189550,   35.642793,       78.05,
 140.194054,   35.642793,       78.44,
 140.198559,   35.642793,       78.82,
 140.203063,   35.642793,       79.20,
 140.207568,   35.642793,       79.58,
 140.212072,   35.642793,       79.96,
 140.216577,   35.642793,       80.33,
 140.221081,   35.642793,       80.70,
 140.225586,   35.642793,       81.07,
 140.230090,   35.642793,       81.44,
 140.234595,   35.642793,       81.81,
 140.239099,   35.642793,       82.17,
 140.243604,   35.642793,       82.53,
 140.248108,   35.642793,       82.89,
 140.252613,   35.642793,       83.25,
 140.257117,   35.642793,       83.60,
 140.261622,   35.642793,       83.95,
 140.266126,   35.642793,       84.30,
 140.270631,   35.642793,       84.65,
 140.275135,   35.642793,       84.99,
 140.279640,   35.642793,       85.34,
 140.284144,   35.642793,       85.68,
 140.288649,   35.642793,       86.02,
 140.293153,   35.642793,       86.35,
 140.297658,   35.642793,       86.69,
 140.302162,   35.642793,       87.02,
 140.306667,   35.642793,       87.35,
 140.311171,   35.642793,       87.67,
 140.315676,   35.642793,       88.00,
 140.320180,   35.642793,       88.32,
 140.324685,   35.642793,       88.64,
 140.329189,   35.642793,       88.96,
 140.333694,   35.642793,       89.28,
 140.338198,   35.642793,       89.59,
 140.342703,   35.642793,       89.90,
 140.347207,   35.642793,       90.21,
 140.351712,   35.642793,       90.52,
 140.356216,   35.642793,       90.82,
 140.360721,   35.642793,       91.13,
 140.365225,   35.642793,       91.43,
 140.369730,   35.642793,       91.72,
 140.374234,   35.642793,       92.02,
 140.378739,   35.642793,       92.31,
 140.383243,   35.642793,       92.60,
 140.387748,   35.642793,       92.89,
 139.140000,   35.647297,      -45.78,
 139.144505,   35.647297,      -47.39,
 139.149009,   35.647297,      -48.98,
 139.153514,   35.647297,      -50.54,
 139.158018,   35.647297,      -52.07,
 139.162523,   35.647297,      -53.58,
 139.167027,   35.647297,      -55.05,
 139.171532,   35.647297,      -56.49,
 139.176036,   35.647297,      -57.91,
 139.180541,   35.647297,      -59.29,
 139.185045,   35.647297,      -60.65,
 139.189550,   35.647297,      -61.98,
 139.194054,   35.647297,      -63.28,
 139.198559,   35.647297,      -64.55,
 139.203063,   35.647297,      -65.79,
 139.207568,   35.647297,      -67.01,
 139.212072,   35.647297,      -68.19,
 139.216577,   35.647297,      -69.35,
 139.221081,   35.647297,      -70.48,
 139.225586,   35.647297,      -71.57,
 139.230090,   35.647297,      -72.64,
 139.234595,   35.647297,      -73.68,
 139.239099,   35.647297,      -74.70,
 139.243604,   35.647297,      -75.68,
 139.248108,   35.647297,      -76.63,
 139.252613,   35.647297,      -77.56,
 139.257117,   35.647297,      -78.45,
 139.261622,   35.647297,      -79.32,
 139.266126,   35.647297,      -80.16,
 139.270631,   35.647297,      -80.97,
 139.275135,   35.647297,      -81.75,
 139.279640,   35.647297,      -82.50,
 139.284144,   35.647297,      -83.23,
 139.288649,   35.647297,      -83.92,
 139.293153,   35.647297,      -84.59,
 139.297658,   35.647297,      -85.22,
 139.302162,   35.647297,      -85.83,
 139.306667,   35.647297,      -86.41,
 139.311171,   35.647297,      -86.96,
 139.315676,   35.647297,      -87.48,
 139.320180,   35.647297,      -87.98,
 139.324685,   35.647297,      -88.44,
 139.329189,   35.647297,      -88.88,
 139.333694,   35.647297,      -89.28,
 139.338198,   35.647297,      -89.66,
 139.342703,   35.647297,      -90.01,
 139.347207,   35.647297,      -90.33,
 139.351712,   35.647297,      -90.62,
 139.356216,   35.647297,      -90.88,
 139.360721,   35.647297,      -91.11,
 139.365225,   35.647297,      -91.32,
 139.369730,   35.647297,      -91.49,
 139.374234,   35.647297,      -91.64,
 139.378739,   35.647297,      -91.76,
 139.383243,   35.647297,      -91.85,
 139.387748,   35.647297,      -91.91,
 139.392252,   35.647297,      -91.94,
 139.396757,   35.647297,      -91.94,
 139.401261,   35.647297,      -91.92,
 139.405766,   35.647297,      -91.86,
 139.410270,   35.647297,      -91.78,
 139.414775,   35.647297,      -91.66,
 139.419279,   35.647297,      -91.52,
 139.423784,   35.647297,      -91.35,
 139.428288,   35.647297,      -91.15,
 139.432793,   35.647297,      -90.93,
 139.437297,   35.647297,      -90.67,
 139.441802,   35.647297,      -90.38,
 139.446306,   35.647297,      -90.07,
 139.450811,   35.647297,      -89.73,
 139.455315,   35.647297,      -89.35,
 139.459820,   35.647297,      -88.95,
 139.464324,   35.647297,      -88.52,
 139.468829,   35.647297,      -88.06,
 139.473333,   35.647297,      -87.58,
 139.477838,   35.647297,      -87.06,
 139.482342,   35.647297,      -86.52,
 139.486847,   35.647297,      -85.94,
 139.491351,   35.647297,      -85.34,
 139.495856,   35.647297,      -84.71,
 139.500360,   35.647297,      -84.05,
 139.504865,   35.647297,      -83.36,
 139.509369,   35.647297,      -82.64,
 139.513874,   35.647297,      -81.89,
 139.518378,   35.647297,      -81.12,
 139.522883,   35.647297,      -80.31,
 139.527387,   35.647297,      -79.48,
 139.531892,   35.647297,      -78.62,
 139.536396,   35.647297,      -77.73,
 139.540901,   35.647297,      -76.81,
 139.545405,   35.647297,      -75.86,
 139.549910,   35.647297,      -74.88,
 139.554414,   35.647297,      -73.87,
 139.558919,   35.647297,      -72.84,
 139.563423,   35.647297,      -71.77,
 139.567928,   35.647297,      -70.68,
 139.572432,   35.647297,      -69.56,
 139.576937,   35.647297,      -68.41,
 139.581441,   35.647297,      -67.23,
 139.585946,   35.647297,      -66.02,
 139.590450,   35.647297,      -64.79,
 139.594955,   35.647297,      -63.52,
 139.599459,   35.647297,      -62.22,
 139.603964,   35.647297,      -60.90,
 139.608468,   35.647297,      -59.55,
 139.612973,   35.647297,      -58.17,
 139.617477,   35.647297,      -56.76,
 139.621982,   35.647297,      -55.32,
 139.626486,   35.647297,      -53.85,
 139.630991,   35.647297,      -52.36,
 139.635495,   35.647297,      -50.83,
 139.640000,   35.647297,      -49.28,
 139.644505,   35.647297,      -47.69,
 139.649009,   35.647297,      -46.08,
 139.653514,   35.647297,      -44.44,
 139.658018,   35.647297,      -42.77,
 139.662523,   35.647297,      -41.07,
 139.667027,   35.647297,      -39.35,
 139.671532,   35.647297,      -37.59,
 139.676036,   35.647297,      -35.81,
 139.680541,   35.647297,      -33.99,
 139.685045,   35.647297,      -32.15,
 139.689550,   35.647297,      -30.28,
 139.694054,   35.647297,      -28.38,
 139.698559,   35.647297,      -26.45,
 139.703063,   35.647297,      -24.49,
 139.707568,   35.647297,      -22.50,
 139.712072,   35.647297,      -20.49,
 139.716577,   35.647297,      -18.45,
 139.721081,   35.647297,      -16.37,
 139.725586,   35.647297,      -14.27,
 139.730090,   35.647297,      -12.14,
 139.734595,   35.647297,       -9.98,
 139.739099,   35.647297,       -7.79,
 139.743604,   35.647297,       -5.57,
 139.748108,   35.647297,       -3.33,
 139.752613,   35.647297,       -1.05,
 139.757117,   35.647297,        0.54,
 139.761622,   35.647297,        3.67,
 139.766126,   35.647297,        7.22,
 139.770631,   35.647297,       10.86,
 139.775135,   35.647297,       15.91,
 139.779640,   35.647297,       21.77,
 139.784144,   35.647297,       24.06,
 139.788649,   35.647297,       24.12,
 139.793153,   35.647297,       23.86,
 139.797658,   35.647297,       23.62,
 139.802162,   35.647297,       23.46,
 139.806667,   35.647297,       23.37,
 139.811171,   35.647297,       23.38,
 139.815676,   35.647297,       23.39,
 139.820180,   35.647297,       23.65,
 139.824685,   35.647297,       23.32,
 139.829189,   35.647297,       19.46,
 139.833694,   35.647297,       15.07,
 139.838198,   35.647297,       10.22,
 139.842703,   35.647297,        7.86,
 139.847207,   35.647297,        9.72,
 139.851712,   35.647297,        9.47,
 139.856216,   35.647297,        7.79,
 139.860721,   35.647297,        5.79,
 139.865225,   35.647297,        3.70,
 139.869730,   35.647297,        3.41,
 139.874234,   35.647297,        4.77,
 139.878739,   35.647297,        8.31,
 139.883243,   35.647297,       12.48,
 139.887748,   35.647297,       16.71,
 139.892252,   35.647297,       20.91,
 139.896757,   35.647297,       25.10,
 139.901261,   35.647297,       29.18,
 139.905766,   35.647297,       33.12,
 139.910270,   35.647297,       36.98,
 139.914775,   35.647297,       40.71,
 139.919279,   35.647297,       43.72,
 139.923784,   35.647297,       44.74,
 139.928288,   35.647297,       44.64,
 139.932793,   35.647297,       44.61,
 139.937297,   35.647297,       44.53,
 139.941802,   35.647297,       44.50,
 139.946306,   35.647297,       44.48,
 139.950811,   35.647297,       44.49,
 139.955315,   35.647297,       44.71,
 139.959820,   35.647297,       44.97,
 139.964324,   35.647297,       45.22,
 139.968829,   35.647297,       45.53,
 139.973333,   35.647297,       45.86,
 139.977838,   35.647297,       46.20,
 139.982342,   35.647297,       46.56,
 139.986847,   35.647297,       47.02,
 139.991351,   35.647297,       47.48,
 139.995856,   35.647297,       47.83,
 140.000360,   35.647297,       48.09,
 140.004865,   35.647297,       48.52,
 140.009369,   35.647297,       49.00,
 140.013874,   35.647297,       49.43,
 140.018378,   35.647297,       50.17,
 140.022883,   35.647297,       50.98,
 140.027387,   35.647297,       51.75,
 140.031892,   35.647297,       53.30,
 140.036396,   35.647297,       56.64,
 140.040901,   35.647297,       58.80,
 140.045405,   35.647297,       61.20,
 140.049910,   35.647297,       63.85,
 140.054414,   35.647297,       66.75,
 140.058919,   35.647297,       69.90,
 140.063423,   35.647297,       73.30,
 140.067928,   35.647297,       76.95,
 140.072432,   35.647297,       80.84,
 140.076937,   35.647297,       84.98,
 140.081441,   35.647297,       89.38,
 140.085946,   35.647297,       94.02,
 140.090450,   35.647297,       98.90,
 140.094955,   35.647297,      104.04,
 140.099459,   35.647297,      109.43,
 140.103964,   35.647297,      115.06,
 140.108468,   35.647297,      120.94,
 140.112973,   35.647297,      127.07,
 140.117477,   35.647297,      133.45,
 140.121982,   35.647297,      139.87,
 140.126486,   35.647297,      145.73,
 140.130991,   35.647297,      151.60,
 140.135495,   35.647297,      157.46,
 140.140000,   35.647297,      160.50,
 140.144505,   35.647297,      151.73,
 140.149009,   35.647297,      141.63,
 140.153514,   35.647297,      130.21,
 140.158018,   35.647297,      117.47,
 140.162523,   35.647297,      103.41,
 140.167027,   35.647297,       88.03,
 140.171532,   35.647297,       75.56,
 140.176036,   35.647297,       76.29,
 140.180541,   35.647297,       77.01,
 140.185045,   35.647297,       77.74,
 140.189550,   35.647297,       78.46,
 140.194054,   35.647297,       78.97,
 140.198559,   35.647297,       79.35,
 140.203063,   35.647297,       79.73,
 140.207568,   35.647297,       80.11,
 140.212072,   35.647297,       80.49,
 140.216577,   35.647297,       80.87,
 140.221081,   35.647297,       81.24,
 140.225586,   35.647297,       81.61,
 140.230090,   35.647297,       81.98,
 140.234595,   35.647297,       82.34,
 140.239099,   35.647297,       82.71,
 140.243604,   35.647297,       83.07,
 140.248108,   35.647297,       83.43,
 140.252613,   35.647297,       83.79,
 140.257117,   35.647297,       84.14,
 140.261622,   35.647297,       84.50,
 140.266126,   35.647297,       84.85,
 140.270631,   35.647297,       85.19,
 140.275135,   35.647297,       85.54,
 140.279640,   35.647297,       85.88,
 140.284144,   35.647297,       86.23,
 140.288649,   35.647297,       86.56,
 140.293153,   35.647297,       86.90,
 140.297658,   35.647297,       87.24,
 140.302162,   35.647297,       87.57,
 140.306667,   35.647297,       87.90,
 140.311171,   35.647297,       88.23,
 140.315676,   35.647297,       88.55,
 140.320180,   35.647297,       88.88,
 140.324685,   35.647297,       89.20,
 140.329189,   35.647297,       89.52,
 140.333694,   35.647297,       89.83,
 140.338198,   35.647297,       90.15,
 140.342703,   35.647297,       90.46,
 140.347207,   35.647297,       90.77,
 140.351712,   35.647297,       91.08,
 140.356216,   35.647297,       91.39,
 140.360721,   35.647297,       91.69,
 140.365225,   35.647297,       91.99,
 140.369730,   35.647297,       92.29,
 140.374234,   35.647297,       92.59,
 140.378739,   35.647297,       92.88,
 140.383243,   35.647297,       93.17,
 140.387748,   35.647297,       93.46,
 139.140000,   35.651802,      -48.27,
 139.144505,   35.651802,      -49.90,
 139.149009,   35.651802,      -51.50,
 139.153514,   35.651802,      -53.07,
 139.158018,   35.651802,      -54.61,
 139.162523,   35.651802,      -56.13,
 139.167027,   35.651802,      -57.61,
 139.171532,   35.651802,      -59.07,
 139.176036,   35.651802,      -60.50,
 139.180541,   35.651802,      -61.90,
 139.185045,   35.651802,      -63.27,
 139.189550,   35.651802,      -64.61,
 139.194054,   35.651802,      -65.92,
 139.198559,   35.651802,      -67.20,
 139.203063,   35.651802,      -68.46,
 139.207568,   35.651802,      -69.68,
 139.212072,   35.651802,      -70.88,
 139.216577,   35.651802,      -72.05,
 139.221081,   35.651802,      -73.19,
 139.225586,   35.651802,      -74.30,
 139.230090,   35.651802,      -75.38,
 139.234595,   35.651802,      -76.43,
 139.239099,   35.651802,      -77.45,
 139.243604,   35.651802,      -78.45,
 139.248108,   35.651802,      -79.42,
 139.252613,   35.651802,      -80.35,
 139.257117,   35.651802,      -81.26,
 139.261622,   35.651802,      -82.14,
 139.266126,   35.651802,      -82.99,
 139.270631,   35.651802,      -83.81,
 139.275135,   35.651802,      -84.61,
 139.279640,   35.651802,      -85.37,
 139.284144,   35.651802,      -86.11,
 139.288649,   35.651802,      -86.81,
 139.293153,   35.651802,      -87.49,
 139.297658,   35.651802,      -88.14,
 139.302162,   35.651802,      -88.76,
 139.306667,   35.651802,      -89.35,
 139.311171,   35.651802,      -89.92,
 139.315676,   35.651802,      -90.45,
 139.320180,   35.651802,      -90.95,
 139.324685,   35.651802,      -91.43,
 139.329189,   35.651802,      -91.88,
 139.333694,   35.651802,      -92.30,
 139.338198,   35.651802,      -92.69,
 139.342703,   35.651802,      -93.05,
 139.347207,   35.651802,      -93.38,
 139.351712,   35.651802,      -93.68,
 139.356216,   35.651802,      -93.96,
 139.360721,   35.651802,      -94.20,
 139.365225,   35.651802,      -94.42,
 139.369730,   35.651802,      -94.61,
 139.374234,   35.651802,      -94.76,
 139.378739,   35.651802,      -94.90,
 139.383243,   35.651802,      -95.00,
 139.387748,   35.651802,      -95.07,
 139.392252,   35.651802,      -95.11,
 139.396757,   35.651802,      -95.13,
 139.401261,   35.651802,      -95.11,
 139.405766,   35.651802,      -95.07,
 139.410270,   35.651802,      -95.00,
 139.414775,   35.651802,      -94.90,
 139.419279,   35.651802,      -94.77,
 139.423784,   35.651802,      -94.61,
 139.428288,   35.651802,      -94.42,
 139.432793,   35.651802,      -94.21,
 139.437297,   35.651802,      -93.96,
 139.441802,   35.651802,      -93.69,
 139.446306,   35.651802,      -93.39,
 139.450811,   35.651802,      -93.06,
 139.455315,   35.651802,      -92.70,
 139.459820,   35.651802,      -92.31,
 139.464324,   35.651802,      -91.89,
 139.468829,   35.651802,      -91.44,
 139.473333,   35.651802,      -90.97,
 139.477838,   35.651802,      -90.46,
 139.482342,   35.651802,      -89.93,
 139.486847,   35.651802,      -89.37,
 139.491351,   35.651802,      -88.78,
 139.495856,   35.651802,      -88.16,
 139.500360,   35.651802,      -87.51,
 139.504865,   35.651802,      -86.83,
 139.509369,   35.651802,      -86.13,
 139.513874,   35.651802,      -85.39,
 139.518378,   35.651802,      -84.63,
 139.522883,   35.651802,      -83.84,
 139.527387,   35.651802,      -83.02,
 139.531892,   35.651802,      -82.17,
 139.536396,   35.651802,      -81.29,
 139.540901,   35.651802,      -80.38,
 139.545405,   35.651802,      -79.44,
 139.549910,   35.651802,      -78.48,
 139.554414,   35.651802,      -77.48,
 139.558919,   35.651802,      -76.46,
 139.563423,   35.651802,      -75.41,
 139.567928,   35.651802,      -74.33,
 139.572432,   35.651802,      -73.22,
 139.576937,   35.651802,      -72.08,
 139.581441,   35.651802,      -70.91,
 139.585946,   35.651802,      -69.72,
 139.590450,   35.651802,      -68.49,
 139.594955,   35.651802,      -67.24,
 139.599459,   35.651802,      -65.96,
 139.603964,   35.651802,      -64.65,
 139.608468,   35.651802,      -63.31,
 139.612973,   35.651802,      -61.94,
 139.617477,   35.651802,      -60.54,
 139.621982,   35.651802,      -59.11,
 139.626486,   35.651802,      -57.66,
 139.630991,   35.651802,      -56.17,
 139.635495,   35.651802,      -54.66,
 139.640000,   35.651802,      -53.12,
 139.644505,   35.651802,      -51.55,
 139.649009,   35.651802,      -49.95,
 139.653514,   35.651802,      -48.32,
 139.658018,   35.651802,      -46.66,
 139.662523,   35.651802,      -44.98,
 139.667027,   35.651802,      -43.26,
 139.671532,   35.651802,      -41.52,
 139.676036,   35.651802,      -39.74,
 139.680541,   35.651802,      -37.94,
 139.685045,   35.651802,      -36.11,
 139.689550,   35.651802,      -34.25,
 139.694054,   35.651802,      -32.37,
 139.698559,   35.651802,      -30.45,
 139.703063,   35.651802,      -28.50,
 139.707568,   35.651802,      -26.53,
 139.712072,   35.651802,      -24.53,
 139.716577,   35.651802,      -22.49,
 139.721081,   35.651802,      -20.43,
 139.725586,   35.651802,      -18.34,
 139.730090,   35.651802,      -16.22,
 139.734595,   35.651802,      -14.08,
 139.739099,   35.651802,      -11.90,
 139.743604,   35.651802,       -9.70,
 139.748108,   35.651802,       -7.46,
 139.752613,   35.651802,       -5.20,
 139.757117,   35.651802,       -2.91,
 139.761622,   35.651802,       -0.86,
 139.766126,   35.651802,        4.53,
 139.770631,   35.651802,        8.97,
 139.775135,   35.651802,       13.34,
 139.779640,   35.651802,       17.11,
 139.784144,   35.651802,       18.90,
 139.788649,   35.651802,       19.83,
 139.793153,   35.651802,       20.42,
 139.797658,   35.651802,       20.78,
 139.802162,   35.651802,       20.98,
 139.806667,   35.651802,       20.85,
 139.811171,   35.651802,       20.65,
 139.815676,   35.651802,       20.41,
 139.820180,   35.651802,       20.08,
 139.824685,   35.651802,       19.45,
 139.829189,   35.651802,       18.00,
 139.833694,   35.651802,       13.93,
 139.838198,   35.651802,        9.19,
 139.842703,   35.651802,        6.24,
 139.847207,   35.651802,        7.62,
 139.851712,   35.651802,        7.71,
 139.856216,   35.651802,        5.93,
 139.860721,   35.651802,        4.19,
 139.865225,   35.651802,        3.91,
 139.869730,   35.651802,        4.77,
 139.874234,   35.651802,        6.56,
 139.878739,   35.651802,        9.63,
 139.883243,   35.651802,       13.22,
 139.887748,   35.651802,       16.95,
 139.892252,   35.651802,       20.70,
 139.896757,   35.651802,       24.46,
 139.901261,   35.651802,       28.25,
 139.905766,   35.651802,       32.00,
 139.910270,   35.651802,       35.69,
 139.914775,   35.651802,       39.34,
 139.919279,   35.651802,       42.90,
 139.923784,   35.651802,       44.40,
 139.928288,   35.651802,       44.16,
 139.932793,   35.651802,       44.02,
 139.937297,   35.651802,       43.92,
 139.941802,   35.651802,       43.85,
 139.946306,   35.651802,       43.86,
 139.950811,   35.651802,       43.90,
 139.955315,   35.651802,       44.10,
 139.959820,   35.651802,       44.33,
 139.964324,   35.651802,       44.61,
 139.968829,   35.651802,       44.99,
 139.973333,   35.651802,       45.29,
 139.977838,   35.651802,       45.67,
 139.982342,   35.651802,       46.11,
 139.986847,   35.651802,       46.62,
 139.991351,   35.651802,       47.18,
 139.995856,   35.651802,       47.54,
 140.000360,   35.651802,       47.82,
 140.004865,   35.651802,       48.07,
 140.009369,   35.651802,       48.44,
 140.013874,   35.651802,       48.95,
 140.018378,   35.651802,       49.56,
 140.022883,   35.651802,       50.32,
 140.027387,   35.651802,       53.21,
 140.031892,   35.651802,       55.18,
 140.036396,   35.651802,       57.22,
 140.040901,   35.651802,       59.51,
 140.045405,   35.651802,       62.05,
 140.049910,   35.651802,       64.83,
 140.054414,   35.651802,       67.87,
 140.058919,   35.651802,       71.15,
 140.063423,   35.651802,       74.69,
 140.067928,   35.651802,       78.47,
 140.072432,   35.651802,       82.50,
 140.076937,   35.651802,       86.78,
 140.081441,   35.651802,       91.30,
 140.085946,   35.651802,       96.08,
 140.090450,   35.651802,      101.10,
 140.094955,   35.651802,      106.37,
 140.099459,   35.651802,      111.89,
 140.103964,   35.651802,      117.66,
 140.108468,   35.651802,      123.68,
 140.112973,   35.651802,      129.94,
 140.117477,   35.651802,      136.46,
 140.121982,   35.651802,      143.22,
 140.126486,   35.651802,      149.45,
 140.130991,   35.651802,      155.32,
 140.135495,   35.651802,      161.18,
 140.140000,   35.651802,      167.05,
 140.144505,   35.651802,      171.03,
 140.149009,   35.651802,      161.03,
 140.153514,   35.651802,      149.72,
 140.158018,   35.651802,      137.08,
 140.162523,   35.651802,      123.12,
 140.167027,   35.651802,      107.84,
 140.171532,   35.651802,       91.24,
 140.176036,   35.651802,       76.32,
 140.180541,   35.651802,       77.05,
 140.185045,   35.651802,       77.77,
 140.189550,   35.651802,       78.50,
 140.194054,   35.651802,       79.22,
 140.198559,   35.651802,       79.88,
 140.203063,   35.651802,       80.27,
 140.207568,   35.651802,       80.65,
 140.212072,   35.651802,       81.03,
 140.216577,   35.651802,       81.40,
 140.221081,   35.651802,       81.78,
 140.225586,   35.651802,       82.15,
 140.230090,   35.651802,       82.52,
 140.234595,   35.651802,       82.88,
 140.239099,   35.651802,       83.25,
 140.243604,   35.651802,       83.61,
 140.248108,   35.651802,       83.97,
 140.252613,   35.651802,       84.33,
 140.257117,   35.651802,       84.69,
 140.261622,   35.651802,       85.04,
 140.266126,   35.651802,       85.39,
 140.270631,   35.651802,       85.74,
 140.275135,   35.651802,       86.09,
 140.279640,   35.651802,       86.43,
 140.284144,   35.651802,       86.78,
 140.288649,   35.651802,       87.12,
 140.293153,   35.651802,       87.45,
 140.297658,   35.651802,       87.79,
 140.302162,   35.651802,       88.12,
 140.306667,   35.651802,       88.45,
 140.311171,   35.651802,       88.78,
 140.315676,   35.651802,       89.11,
 140.320180,   35.651802,       89.43,
 140.324685,   35.651802,       89.76,
 140.329189,   35.651802,       90.08,
 140.333694,   35.651802,       90.39,
 140.338198,   35.651802,       90.71,
 140.342703,   35.651802,       91.02,
 140.347207,   35.651802,       91.33,
 140.351712,   35.651802,       91.64,
 140.356216,   35.651802,       91.95,
 140.360721,   35.651802,       92.25,
 140.365225,   35.651802,       92.56,
 140.369730,   35.651802,       92.86,
 140.374234,   35.651802,       93.15,
 140.378739,   35.651802,       93.45,
 140.383243,   35.651802,       93.74,
 140.387748,   35.651802,       94.03,
 139.140000,   35.656306,      -50.79,
 139.144505,   35.656306,      -52.43,
 139.149009,   35.656306,      -54.04,
 139.153514,   35.656306,      -55.63,
 139.158018,   35.656306,      -57.18,
 139.162523,   35.656306,      -58.71,
 139.167027,   35.656306,      -60.21,
 139.171532,   35.656306,      -61.67,
 139.176036,   35.656306,      -63.11,
 139.180541,   35.656306,      -64.53,
 139.185045,   35.656306,      -65.91,
 139.189550,   35.656306,      -67.26,
 139.194054,   35.656306,      -68.58,
 139.198559,   35.656306,      -69.88,
 139.203063,   35.656306,      -71.15,
 139.207568,   35.656306,      -72.38,
 139.212072,   35.656306,      -73.59,
 139.216577,   35.656306,      -74.77,
 139.221081,   35.656306,      -75.93,
 139.225586,   35.656306,      -77.05,
 139.230090,   35.656306,      -78.14,
 139.234595,   35.656306,      -79.21,
 139.239099,   35.656306,      -80.24,
 139.243604,   35.656306,      -81.25,
 139.248108,   35.656306,      -82.23,
 139.252613,   35.656306,      -83.18,
 139.257117,   35.656306,      -84.10,
 139.261622,   35.656306,      -84.99,
 139.266126,   35.656306,      -85.85,
 139.270631,   35.656306,      -86.69,
 139.275135,   35.656306,      -87.49,
 139.279640,   35.656306,      -88.27,
 139.284144,   35.656306,      -89.02,
 139.288649,   35.656306,      -89.74,
 139.293153,   35.656306,      -90.43,
 139.297658,   35.656306,      -91.09,
 139.302162,   35.656306,      -91.72,
 139.306667,   35.656306,      -92.32,
 139.311171,   35.656306,      -92.90,
 139.315676,   35.656306,      -93.44,
 139.320180,   35.656306,      -93.96,
 139.324685,   35.656306,      -94.45,
 139.329189,   35.656306,      -94.91,
 139.333694,   35.656306,      -95.34,
 139.338198,   35.656306,      -95.74,
 139.342703,   35.656306,      -96.11,
 139.347207,   35.656306,      -96.46,
 139.351712,   35.656306,      -96.77,
 139.356216,   35.656306,      -97.06,
 139.360721,   35.656306,      -97.32,
 139.365225,   35.656306,      -97.55,
 139.369730,   35.656306,      -97.75,
 139.374234,   35.656306,      -97.92,
 139.378739,   35.656306,      -98.06,
 139.383243,   35.656306,      -98.17,
 139.387748,   35.656306,      -98.26,
 139.392252,   35.656306,      -98.31,
 139.396757,   35.656306,      -98.34,
 139.401261,   35.656306,      -98.34,
 139.405766,   35.656306,      -98.31,
 139.410270,   35.656306,      -98.25,
 139.414775,   35.656306,      -98.16,
 139.419279,   35.656306,      -98.04,
 139.423784,   35.656306,      -97.90,
 139.428288,   35.656306,      -97.72,
 139.432793,   35.656306,      -97.52,
 139.437297,   35.656306,      -97.29,
 139.441802,   35.656306,      -97.03,
 139.446306,   35.656306,      -96.74,
 139.450811,   35.656306,      -96.42,
 139.455315,   35.656306,      -96.07,
 139.459820,   35.656306,      -95.69,
 139.464324,   35.656306,      -95.29,
 139.468829,   35.656306,      -94.85,
 139.473333,   35.656306,      -94.39,
 139.477838,   35.656306,      -93.90,
 139.482342,   35.656306,      -93.38,
 139.486847,   35.656306,      -92.83,
 139.491351,   35.656306,      -92.25,
 139.495856,   35.656306,      -91.64,
 139.500360,   35.656306,      -91.01,
 139.504865,   35.656306,      -90.34,
 139.509369,   35.656306,      -89.65,
 139.513874,   35.656306,      -88.92,
 139.518378,   35.656306,      -88.17,
 139.522883,   35.656306,      -87.39,
 139.527387,   35.656306,      -86.58,
 139.531892,   35.656306,      -85.75,
 139.536396,   35.656306,      -84.88,
 139.540901,   35.656306,      -83.98,
 139.545405,   35.656306,      -83.06,
 139.549910,   35.656306,      -82.11,
 139.554414,   35.656306,      -81.12,
 139.558919,   35.656306,      -80.11,
 139.563423,   35.656306,      -79.07,
 139.567928,   35.656306,      -78.00,
 139.572432,   35.656306,      -76.91,
 139.576937,   35.656306,      -75.78,
 139.581441,   35.656306,      -74.63,
 139.585946,   35.656306,      -73.44,
 139.590450,   35.656306,      -72.23,
 139.594955,   35.656306,      -70.99,
 139.599459,   35.656306,      -69.72,
 139.603964,   35.656306,      -68.42,
 139.608468,   35.656306,      -67.09,
 139.612973,   35.656306,      -65.73,
 139.617477,   35.656306,      -64.35,
 139.621982,   35.656306,      -62.93,
 139.626486,   35.656306,      -61.49,
 139.630991,   35.656306,      -60.02,
 139.635495,   35.656306,      -58.52,
 139.640000,   35.656306,      -56.99,
 139.644505,   35.656306,      -55.43,
 139.649009,   35.656306,      -53.84,
 139.653514,   35.656306,      -52.23,
 139.658018,   35.656306,      -50.58,
 139.662523,   35.656306,      -48.91,
 139.667027,   35.656306,      -47.20,
 139.671532,   35.656306,      -45.47,
 139.676036,   35.656306,      -43.71,
 139.680541,   35.656306,      -41.92,
 139.685045,   35.656306,      -40.10,
 139.689550,   35.656306,      -38.26,
 139.694054,   35.656306,      -36.38,
 139.698559,   35.656306,      -34.48,
 139.703063,   35.656306,      -32.54,
 139.707568,   35.656306,      -30.58,
 139.712072,   35.656306,      -28.59,
 139.716577,   35.656306,      -26.57,
 139.721081,   35.656306,      -24.52,
 139.725586,   35.656306,      -22.44,
 139.730090,   35.656306,      -20.34,
 139.734595,   35.656306,      -18.20,
 139.739099,   35.656306,      -16.04,
 139.743604,   35.656306,      -13.85,
 139.748108,   35.656306,      -11.62,
 139.752613,   35.656306,       -9.37,
 139.757117,   35.656306,       -7.18,
 139.761622,   35.656306,       -5.08,
 139.766126,   35.656306,       -3.10,
 139.770631,   35.656306,       -1.25,
 139.775135,   35.656306,        8.15,
 139.779640,   35.656306,       11.62,
 139.784144,   35.656306,       14.42,
 139.788649,   35.656306,       16.49,
 139.793153,   35.656306,       17.74,
 139.797658,   35.656306,       18.17,
 139.802162,   35.656306,       18.24,
 139.806667,   35.656306,       18.00,
 139.811171,   35.656306,       17.64,
 139.815676,   35.656306,       17.50,
 139.820180,   35.656306,       17.01,
 139.824685,   35.656306,       16.28,
 139.829189,   35.656306,       15.15,
 139.833694,   35.656306,       13.19,
 139.838198,   35.656306,        9.02,
 139.842703,   35.656306,        5.04,
 139.847207,   35.656306,        6.02,
 139.851712,   35.656306,        6.06,
 139.856216,   35.656306,        4.42,
 139.860721,   35.656306,        3.85,
 139.865225,   35.656306,        4.49,
 139.869730,   35.656306,        5.88,
 139.874234,   35.656306,        7.85,
 139.878739,   35.656306,       10.66,
 139.883243,   35.656306,       13.91,
 139.887748,   35.656306,       17.34,
 139.892252,   35.656306,       20.82,
 139.896757,   35.656306,       24.33,
 139.901261,   35.656306,       27.88,
 139.905766,   35.656306,       31.44,
 139.910270,   35.656306,       34.98,
 139.914775,   35.656306,       38.50,
 139.919279,   35.656306,       42.17,
 139.923784,   35.656306,       44.05,
 139.928288,   35.656306,       43.83,
 139.932793,   35.656306,       43.47,
 139.937297,   35.656306,       43.39,
 139.941802,   35.656306,       43.35,
 139.946306,   35.656306,       43.33,
 139.950811,   35.656306,       43.28,
 139.955315,   35.656306,       43.67,
 139.959820,   35.656306,       44.00,
 139.964324,   35.656306,       44.33,
 139.968829,   35.656306,       44.67,
 139.973333,   35.656306,       45.06,
 139.977838,   35.656306,       45.53,
 139.982342,   35.656306,       45.97,
 139.986847,   35.656306,       46.53,
 139.991351,   35.656306,       47.10,
 139.995856,   35.656306,       47.42,
 140.000360,   35.656306,       47.64,
 140.004865,   35.656306,       47.85,
 140.009369,   35.656306,       48.06,
 140.013874,   35.656306,       48.53,
 140.018378,   35.656306,       49.01,
 140.022883,   35.656306,       51.77,
 140.027387,   35.656306,       53.45,
 140.031892,   35.656306,       55.37,
 140.036396,   35.656306,       57.55,
 140.040901,   35.656306,       59.97,
 140.045405,   35.656306,       62.65,
 140.049910,   35.656306,       65.57,
 140.054414,   35.656306,       68.74,
 140.058919,   35.656306,       72.16,
 140.063423,   35.656306,       75.83,
 140.067928,   35.656306,       79.74,
 140.072432,   35.656306,       83.91,
 140.076937,   35.656306,       88.32,
 140.081441,   35.656306,       92.98,
 140.085946,   35.656306,       97.89,
 140.090450,   35.656306,      103.05,
 140.094955,   35.656306,      108.45,
 140.099459,   35.656306,      114.11,
 140.103964,   35.656306,      120.01,
 140.108468,   35.656306,      126.16,
 140.112973,   35.656306,      132.56,
 140.117477,   35.656306,      139.21,
 140.121982,   35.656306,      146.11,
 140.126486,   35.656306,      153.17,
 140.130991,   35.656306,      159.03,
 140.135495,   35.656306,      164.90,
 140.140000,   35.656306,      170.77,
 140.144505,   35.656306,      176.63,
 140.149009,   35.656306,      181.76,
 140.153514,   35.656306,      170.54,
 140.158018,   35.656306,      158.00,
 140.162523,   35.656306,      144.15,
 140.167027,   35.656306,      128.97,
 140.171532,   35.656306,      112.47,
 140.176036,   35.656306,       94.65,
 140.180541,   35.656306,       77.08,
 140.185045,   35.656306,       77.81,
 140.189550,   35.656306,       78.53,
 140.194054,   35.656306,       79.26,
 140.198559,   35.656306,       79.98,
 140.203063,   35.656306,       80.71,
 140.207568,   35.656306,       81.19,
 140.212072,   35.656306,       81.56,
 140.216577,   35.656306,       81.94,
 140.221081,   35.656306,       82.32,
 140.225586,   35.656306,       82.69,
 140.230090,   35.656306,       83.06,
 140.234595,   35.656306,       83.43,
 140.239099,   35.656306,       83.79,
 140.243604,   35.656306,       84.16,
 140.248108,   35.656306,       84.52,
 140.252613,   35.656306,       84.88,
 140.257117,   35.656306,       85.23,
 140.261622,   35.656306,       85.59,
 140.266126,   35.656306,       85.94,
 140.270631,   35.656306,       86.29,
 140.275135,   35.656306,       86.64,
 140.279640,   35.656306,       86.99,
 140.284144,   35.656306,       87.33,
 140.288649,   35.656306,       87.67,
 140.293153,   35.656306,       88.01,
 140.297658,   35.656306,       88.35,
 140.302162,   35.656306,       88.68,
 140.306667,   35.656306,       89.01,
 140.311171,   35.656306,       89.34,
 140.315676,   35.656306,       89.67,
 140.320180,   35.656306,       89.99,
 140.324685,   35.656306,       90.32,
 140.329189,   35.656306,       90.64,
 140.333694,   35.656306,       90.96,
 140.338198,   35.656306,       91.27,
 140.342703,   35.656306,       91.59,
 140.347207,   35.656306,       91.90,
 140.351712,   35.656306,       92.21,
 140.356216,   35.656306,       92.52,
 140.360721,   35.656306,       92.82,
 140.365225,   35.656306,       93.12,
 140.369730,   35.656306,       93.43,
 140.374234,   35.656306,       93.72,
 140.378739,   35.656306,       94.02,
 140.383243,   35.656306,       94.31,
 140.387748,   35.656306,       94.61,
 139.140000,   35.660811,      -53.34,
 139.144505,   35.660811,      -54.99,
 139.149009,   35.660811,      -56.62,
 139.153514,   35.660811,      -58.21,
 139.158018,   35.660811,      -59.78,
 139.162523,   35.660811,      -61.32,
 139.167027,   35.660811,      -62.83,
 139.171532,   35.660811,      -64.31,
 139.176036,   35.660811,      -65.76,
 139.180541,   35.660811,      -67.18,
 139.185045,   35.660811,      -68.58,
 139.189550,   35.660811,      -69.94,
 139.194054,   35.660811,      -71.28,
 139.198559,   35.660811,      -72.59,
 139.203063,   35.660811,      -73.87,
 139.207568,   35.660811,      -75.12,
 139.212072,   35.660811,      -76.34,
 139.216577,   35.660811,      -77.53,
 139.221081,   35.660811,      -78.69,
 139.225586,   35.660811,      -79.83,
 139.230090,   35.660811,      -80.93,
 139.234595,   35.660811,      -82.01,
 139.239099,   35.660811,      -83.06,
 139.243604,   35.660811,      -84.08,
 139.248108,   35.660811,      -85.07,
 139.252613,   35.660811,      -86.03,
 139.257117,   35.660811,      -86.96,
 139.261622,   35.660811,      -87.87,
 139.266126,   35.660811,      -88.74,
 139.270631,   35.660811,      -89.59,
 139.275135,   35.660811,      -90.41,
 139.279640,   35.660811,      -91.20,
 139.284144,   35.660811,      -91.96,
 139.288649,   35.660811,      -92.69,
 139.293153,   35.660811,      -93.39,
 139.297658,   35.660811,      -94.06,
 139.302162,   35.660811,      -94.71,
 139.306667,   35.660811,      -95.32,
 139.311171,   35.660811,      -95.91,
 139.315676,   35.660811,      -96.47,
 139.320180,   35.660811,      -97.00,
 139.324685,   35.660811,      -97.50,
 139.329189,   35.660811,      -97.97,
 139.333694,   35.660811,      -98.41,
 139.338198,   35.660811,      -98.83,
 139.342703,   35.660811,      -99.21,
 139.347207,   35.660811,      -99.57,
 139.351712,   35.660811,      -99.89,
 139.356216,   35.660811,     -100.19,
 139.360721,   35.660811,     -100.46,
 139.365225,   35.660811,     -100.70,
 139.369730,   35.660811,     -100.92,
 139.374234,   35.660811,     -101.10,
 139.378739,   35.660811,     -101.25,
 139.383243,   35.660811,     -101.38,
 139.387748,   35.660811,     -101.48,
 139.392252,   35.660811,     -101.54,
 139.396757,   35.660811,     -101.58,
 139.401261,   35.660811,     -101.59,
 139.405766,   35.660811,     -101.58,
 139.410270,   35.660811,     -101.53,
 139.414775,   35.660811,     -101.45,
 139.419279,   35.660811,     -101.35,
 139.423784,   35.660811,     -101.21,
 139.428288,   35.660811,     -101.05,
 139.432793,   35.660811,     -100.86,
 139.437297,   35.660811,     -100.64,
 139.441802,   35.660811,     -100.39,
 139.446306,   35.660811,     -100.11,
 139.450811,   35.660811,      -99.81,
 139.455315,   35.660811,      -99.47,
 139.459820,   35.660811,      -99.10,
 139.464324,   35.660811,      -98.71,
 139.468829,   35.660811,      -98.29,
 139.473333,   35.660811,      -97.84,
 139.477838,   35.660811,      -97.36,
 139.482342,   35.660811,      -96.85,
 139.486847,   35.660811,      -96.31,
 139.491351,   35.660811,      -95.75,
 139.495856,   35.660811,      -95.15,
 139.500360,   35.660811,      -94.53,
 139.504865,   35.660811,      -93.87,
 139.509369,   35.660811,      -93.19,
 139.513874,   35.660811,      -92.48,
 139.518378,   35.660811,      -91.74,
 139.522883,   35.660811,      -90.98,
 139.527387,   35.660811,      -90.18,
 139.531892,   35.660811,      -89.35,
 139.536396,   35.660811,      -88.50,
 139.540901,   35.660811,      -87.62,
 139.545405,   35.660811,      -86.70,
 139.549910,   35.660811,      -85.76,
 139.554414,   35.660811,      -84.79,
 139.558919,   35.660811,      -83.79,
 139.563423,   35.660811,      -82.77,
 139.567928,   35.660811,      -81.71,
 139.572432,   35.660811,      -80.62,
 139.576937,   35.660811,      -79.51,
 139.581441,   35.660811,      -78.37,
 139.585946,   35.660811,      -77.20,
 139.590450,   35.660811,      -76.00,
 139.594955,   35.660811,      -74.77,
 139.599459,   35.660811,      -73.51,
 139.603964,   35.660811,      -72.22,
 139.608468,   35.660811,      -70.91,
 139.612973,   35.660811,      -69.56,
 139.617477,   35.660811,      -68.19,
 139.621982,   35.660811,      -66.78,
 139.626486,   35.660811,      -65.35,
 139.630991,   35.660811,      -63.89,
 139.635495,   35.660811,      -62.40,
 139.640000,   35.660811,      -60.89,
 139.644505,   35.660811,      -59.34,
 139.649009,   35.660811,      -57.77,
 139.653514,   35.660811,      -56.16,
 139.658018,   35.660811,      -54.53,
 139.662523,   35.660811,      -52.87,
 139.667027,   35.660811,      -51.18,
 139.671532,   35.660811,      -49.46,
 139.676036,   35.660811,      -47.71,
 139.680541,   35.660811,      -45.93,
 139.685045,   35.660811,      -44.13,
 139.689550,   35.660811,      -42.29,
 139.694054,   35.660811,      -40.43,
 139.698559,   35.660811,      -38.53,
 139.703063,   35.660811,      -36.61,
 139.707568,   35.660811,      -34.66,
 139.712072,   35.660811,      -32.68,
 139.716577,   35.660811,      -30.68,
 139.721081,   35.660811,      -28.64,
 139.725586,   35.660811,      -26.57,
 139.730090,   35.660811,      -24.48,
 139.734595,   35.660811,      -22.36,
 139.739099,   35.660811,      -20.21,
 139.743604,   35.660811,      -18.03,
 139.748108,   35.660811,      -15.82,
 139.752613,   35.660811,      -13.60,
 139.757117,   35.660811,      -11.40,
 139.761622,   35.660811,       -9.19,
 139.766126,   35.660811,       -7.10,
 139.770631,   35.660811,       -5.14,
 139.775135,   35.660811,       -3.29,
 139.779640,   35.660811,       -1.56,
 139.784144,   35.660811,        4.47,
 139.788649,   35.660811,       14.57,
 139.793153,   35.660811,       16.54,
 139.797658,   35.660811,       17.94,
 139.802162,   35.660811,       18.63,
 139.806667,   35.660811,       18.36,
 139.811171,   35.660811,       17.37,
 139.815676,   35.660811,       15.92,
 139.820180,   35.660811,       14.32,
 139.824685,   35.660811,       13.61,
 139.829189,   35.660811,       12.66,
 139.833694,   35.660811,       11.24,
 139.838198,   35.660811,        8.76,
 139.842703,   35.660811,        4.72,
 139.847207,   35.660811,        4.99,
 139.851712,   35.660811,        4.47,
 139.856216,   35.660811,        3.50,
 139.860721,   35.660811,        3.84,
 139.865225,   35.660811,        5.00,
 139.869730,   35.660811,        6.72,
 139.874234,   35.660811,        8.87,
 139.878739,   35.660811,       11.52,
 139.883243,   35.660811,       14.56,
 139.887748,   35.660811,       17.80,
 139.892252,   35.660811,       21.13,
 139.896757,   35.660811,       24.50,
 139.901261,   35.660811,       27.89,
 139.905766,   35.660811,       31.32,
 139.910270,   35.660811,       34.73,
 139.914775,   35.660811,       38.10,
 139.919279,   35.660811,       41.45,
 139.923784,   35.660811,       43.91,
 139.928288,   35.660811,       43.68,
 139.932793,   35.660811,       43.38,
 139.937297,   35.660811,       43.24,
 139.941802,   35.660811,       43.13,
 139.946306,   35.660811,       43.23,
 139.950811,   35.660811,       43.41,
 139.955315,   35.660811,       43.63,
 139.959820,   35.660811,       43.90,
 139.964324,   35.660811,       44.27,
 139.968829,   35.660811,       44.56,
 139.973333,   35.660811,       45.02,
 139.977838,   35.660811,       45.54,
 139.982342,   35.660811,       46.03,
 139.986847,   35.660811,       46.63,
 139.991351,   35.660811,       47.08,
 139.995856,   35.660811,       47.36,
 140.000360,   35.660811,       47.55,
 140.004865,   35.660811,       47.71,
 140.009369,   35.660811,       47.86,
 140.013874,   35.660811,       48.56,
 140.018378,   35.660811,       49.88,
 140.022883,   35.660811,       51.44,
 140.027387,   35.660811,       53.26,
 140.031892,   35.660811,       55.32,
 140.036396,   35.660811,       57.63,
 140.040901,   35.660811,       60.19,
 140.045405,   35.660811,       63.00,
 140.049910,   35.660811,       66.06,
 140.054414,   35.660811,       69.36,
 140.058919,   35.660811,       72.91,
 140.063423,   35.660811,       76.72,
 140.067928,   35.660811,       80.77,
 140.072432,   35.660811,       85.07,
 140.076937,   35.660811,       89.61,
 140.081441,   35.660811,       94.41,
 140.085946,   35.660811,       99.45,
 140.090450,   35.660811,      104.75,
 140.094955,   35.660811,      110.29,
 140.099459,   35.660811,      116.08,
 140.103964,   35.660811,      122.11,
 140.108468,   35.660811,      128.40,
 140.112973,   35.660811,      134.94,
 140.117477,   35.660811,      141.72,
 140.121982,   35.660811,      148.75,
 140.126486,   35.660811,      156.03,
 140.130991,   35.660811,      162.75,
 140.135495,   35.660811,      168.62,
 140.140000,   35.660811,      174.48,
 140.144505,   35.660811,      180.35,
 140.149009,   35.660811,      186.22,
 140.153514,   35.660811,      192.08,
 140.158018,   35.660811,      180.25,
 140.162523,   35.660811,      166.50,
 140.167027,   35.660811,      151.42,
 140.171532,   35.660811,      135.02,
 140.176036,   35.660811,      117.30,
 140.180541,   35.660811,       98.26,
 140.185045,   35.660811,       77.89,
 140.189550,   35.660811,       78.57,
 140.194054,   35.660811,       79.29,
 140.198559,   35.660811,       80.02,
 140.203063,   35.660811,       80.74,
 140.207568,   35.660811,       81.47,
 140.212072,   35.660811,       82.11,
 140.216577,   35.660811,       82.48,
 140.221081,   35.660811,       82.86,
 140.225586,   35.660811,       83.23,
 140.230090,   35.660811,       83.60,
 140.234595,   35.660811,       83.97,
 140.239099,   35.660811,       84.34,
 140.243604,   35.660811,       84.70,
 140.248108,   35.660811,       85.07,
 140.252613,   35.660811,       85.43,
 140.257117,   35.660811,       85.78,
 140.261622,   35.660811,       86.14,
 140.266126,   35.660811,       86.49,
 140.270631,   35.660811,       86.84,
 140.275135,   35.660811,       87.19,
 140.279640,   35.660811,       87.54,
 140.284144,   35.660811,       87.88,
 140.288649,   35.660811,       88.23,
 140.293153,   35.660811,       88.56,
 140.297658,   35.660811,       88.90,
 140.302162,   35.660811,       89.24,
 140.306667,   35.660811,       89.57,
 140.311171,   35.660811,       89.90,
 140.315676,   35.660811,       90.23,
 140.320180,   35.660811,       90.56,
 140.324685,   35.660811,       90.88,
 140.329189,   35.660811,       91.20,
 140.333694,   35.660811,       91.52,
 140.338198,   35.660811,       91.84,
 140.342703,   35.660811,       92.15,
 140.347207,   35.660811,       92.47,
 140.351712,   35.660811,       92.78,
 140.356216,   35.660811,       93.09,
 140.360721,   35.660811,       93.39,
 140.365225,   35.660811,       93.70,
 140.369730,   35.660811,       94.00,
 140.374234,   35.660811,       94.30,
 140.378739,   35.660811,       94.59,
 140.383243,   35.660811,       94.89,
 140.387748,   35.660811,       95.18,
 139.140000,   35.665315,      -55.92,
 139.144505,   35.665315,      -57.58,
 139.149009,   35.665315,      -59.22,
 139.153514,   35.665315,      -60.83,
 139.158018,   35.665315,      -62.41,
 139.162523,   35.665315,      -63.96,
 139.167027,   35.665315,      -65.48,
 139.171532,   35.665315,      -66.97,
 139.176036,   35.665315,      -68.44,
 139.180541,   35.665315,      -69.87,
 139.185045,   35.665315,      -71.28,
 139.189550,   35.665315,      -72.66,
 139.194054,   35.665315,      -74.00,
 139.198559,   35.665315,      -75.32,
 139.203063,   35.665315,      -76.61,
 139.207568,   35.665315,      -77.88,
 139.212072,   35.665315,      -79.11,
 139.216577,   35.665315,      -80.31,
 139.221081,   35.665315,      -81.49,
 139.225586,   35.665315,      -82.64,
 139.230090,   35.665315,      -83.76,
 139.234595,   35.665315,      -84.84,
 139.239099,   35.665315,      -85.90,
 139.243604,   35.665315,      -86.94,
 139.248108,   35.665315,      -87.94,
 139.252613,   35.665315,      -88.91,
 139.257117,   35.665315,      -89.86,
 139.261622,   35.665315,      -90.77,
 139.266126,   35.665315,      -91.66,
 139.270631,   35.665315,      -92.52,
 139.275135,   35.665315,      -93.35,
 139.279640,   35.665315,      -94.15,
 139.284144,   35.665315,      -94.92,
 139.288649,   35.665315,      -95.67,
 139.293153,   35.665315,      -96.38,
 139.297658,   35.665315,      -97.07,
 139.302162,   35.665315,      -97.72,
 139.306667,   35.665315,      -98.35,
 139.311171,   35.665315,      -98.95,
 139.315676,   35.665315,      -99.52,
 139.320180,   35.665315,     -100.06,
 139.324685,   35.665315,     -100.57,
 139.329189,   35.665315,     -101.06,
 139.333694,   35.665315,     -101.51,
 139.338198,   35.665315,     -101.94,
 139.342703,   35.665315,     -102.34,
 139.347207,   35.665315,     -102.70,
 139.351712,   35.665315,     -103.04,
 139.356216,   35.665315,     -103.36,
 139.360721,   35.665315,     -103.64,
 139.365225,   35.665315,     -103.89,
 139.369730,   35.665315,     -104.11,
 139.374234,   35.665315,     -104.31,
 139.378739,   35.665315,     -104.48,
 139.383243,   35.665315,     -104.61,
 139.387748,   35.665315,     -104.72,
 139.392252,   35.665315,     -104.80,
 139.396757,   35.665315,     -104.86,
 139.401261,   35.665315,     -104.88,
 139.405766,   35.665315,     -104.87,
 139.410270,   35.665315,     -104.84,
 139.414775,   35.665315,     -104.77,
 139.419279,   35.665315,     -104.68,
 139.423784,   35.665315,     -104.56,
 139.428288,   35.665315,     -104.41,
 139.432793,   35.665315,     -104.23,
 139.437297,   35.665315,     -104.02,
 139.441802,   35.665315,     -103.78,
 139.446306,   35.665315,     -103.52,
 139.450811,   35.665315,     -103.22,
 139.455315,   35.665315,     -102.90,
 139.459820,   35.665315,     -102.55,
 139.464324,   35.665315,     -102.17,
 139.468829,   35.665315,     -101.76,
 139.473333,   35.665315,     -101.32,
 139.477838,   35.665315,     -100.85,
 139.482342,   35.665315,     -100.35,
 139.486847,   35.665315,      -99.83,
 139.491351,   35.665315,      -99.27,
 139.495856,   35.665315,      -98.69,
 139.500360,   35.665315,      -98.08,
 139.504865,   35.665315,      -97.44,
 139.509369,   35.665315,      -96.77,
 139.513874,   35.665315,      -96.07,
 139.518378,   35.665315,      -95.34,
 139.522883,   35.665315,      -94.59,
 139.527387,   35.665315,      -93.80,
 139.531892,   35.665315,      -92.99,
 139.536396,   35.665315,      -92.15,
 139.540901,   35.665315,      -91.28,
 139.545405,   35.665315,      -90.38,
 139.549910,   35.665315,      -89.45,
 139.554414,   35.665315,      -88.49,
 139.558919,   35.665315,      -87.50,
 139.563423,   35.665315,      -86.49,
 139.567928,   35.665315,      -85.44,
 139.572432,   35.665315,      -84.37,
 139.576937,   35.665315,      -83.27,
 139.581441,   35.665315,      -82.14,
 139.585946,   35.665315,      -80.98,
 139.590450,   35.665315,      -79.79,
 139.594955,   35.665315,      -78.57,
 139.599459,   35.665315,      -77.33,
 139.603964,   35.665315,      -76.05,
 139.608468,   35.665315,      -74.75,
 139.612973,   35.665315,      -73.42,
 139.617477,   35.665315,      -72.05,
 139.621982,   35.665315,      -70.66,
 139.626486,   35.665315,      -69.25,
 139.630991,   35.665315,      -67.80,
 139.635495,   35.665315,      -66.32,
 139.640000,   35.665315,      -64.82,
 139.644505,   35.665315,      -63.28,
 139.649009,   35.665315,      -61.72,
 139.653514,   35.665315,      -60.13,
 139.658018,   35.665315,      -58.51,
 139.662523,   35.665315,      -56.86,
 139.667027,   35.665315,      -55.18,
 139.671532,   35.665315,      -53.47,
 139.676036,   35.665315,      -51.73,
 139.680541,   35.665315,      -49.97,
 139.685045,   35.665315,      -48.18,
 139.689550,   35.665315,      -46.35,
 139.694054,   35.665315,      -44.50,
 139.698559,   35.665315,      -42.62,
 139.703063,   35.665315,      -40.71,
 139.707568,   35.665315,      -38.77,
 139.712072,   35.665315,      -36.81,
 139.716577,   35.665315,      -34.81,
 139.721081,   35.665315,      -32.79,
 139.725586,   35.665315,      -30.73,
 139.730090,   35.665315,      -28.65,
 139.734595,   35.665315,      -26.54,
 139.739099,   35.665315,      -24.40,
 139.743604,   35.665315,      -22.23,
 139.748108,   35.665315,      -20.04,
 139.752613,   35.665315,      -17.93,
 139.757117,   35.665315,      -15.49,
 139.761622,   35.665315,      -13.18,
 139.766126,   35.665315,      -10.98,
 139.770631,   35.665315,       -8.91,
 139.775135,   35.665315,       -6.95,
 139.779640,   35.665315,       -5.11,
 139.784144,   35.665315,       -3.40,
 139.788649,   35.665315,       -1.80,
 139.793153,   35.665315,       -0.32,
 139.797658,   35.665315,       18.27,
 139.802162,   35.665315,       19.53,
 139.806667,   35.665315,       20.17,
 139.811171,   35.665315,       19.99,
 139.815676,   35.665315,       18.64,
 139.820180,   35.665315,       16.16,
 139.824685,   35.665315,       12.92,
 139.829189,   35.665315,       10.33,
 139.833694,   35.665315,        9.27,
 139.838198,   35.665315,        7.55,
 139.842703,   35.665315,        4.39,
 139.847207,   35.665315,        3.79,
 139.851712,   35.665315,        3.25,
 139.856216,   35.665315,        2.98,
 139.860721,   35.665315,        3.87,
 139.865225,   35.665315,        5.38,
 139.869730,   35.665315,        7.36,
 139.874234,   35.665315,        9.68,
 139.878739,   35.665315,       12.28,
 139.883243,   35.665315,       15.22,
 139.887748,   35.665315,       18.30,
 139.892252,   35.665315,       21.43,
 139.896757,   35.665315,       24.58,
 139.901261,   35.665315,       27.75,
 139.905766,   35.665315,       30.93,
 139.910270,   35.665315,       34.14,
 139.914775,   35.665315,       37.38,
 139.919279,   35.665315,       40.81,
 139.923784,   35.665315,       43.86,
 139.928288,   35.665315,       43.71,
 139.932793,   35.665315,       43.56,
 139.937297,   35.665315,       43.42,
 139.941802,   35.665315,       43.40,
 139.946306,   35.665315,       43.42,
 139.950811,   35.665315,       43.58,
 139.955315,   35.665315,       43.82,
 139.959820,   35.665315,       44.07,
 139.964324,   35.665315,       44.44,
 139.968829,   35.665315,       44.84,
 139.973333,   35.665315,       45.30,
 139.977838,   35.665315,       45.79,
 139.982342,   35.665315,       46.23,
 139.986847,   35.665315,       46.71,
 139.991351,   35.665315,       47.07,
 139.995856,   35.665315,       47.27,
 140.000360,   35.665315,       47.45,
 140.004865,   35.665315,       47.60,
 140.009369,   35.665315,       47.69,
 140.013874,   35.665315,       47.75,
 140.018378,   35.665315,       49.17,
 140.022883,   35.665315,       50.87,
 140.027387,   35.665315,       52.82,
 140.031892,   35.665315,       55.02,
 140.036396,   35.665315,       57.47,
 140.040901,   35.665315,       60.16,
 140.045405,   35.665315,       63.10,
 140.049910,   35.665315,       66.29,
 140.054414,   35.665315,       69.73,
 140.058919,   35.665315,       73.42,
 140.063423,   35.665315,       77.36,
 140.067928,   35.665315,       81.54,
 140.072432,   35.665315,       85.98,
 140.076937,   35.665315,       90.66,
 140.081441,   35.665315,       95.59,
 140.085946,   35.665315,      100.77,
 140.090450,   35.665315,      106.20,
 140.094955,   35.665315,      111.87,
 140.099459,   35.665315,      117.80,
 140.103964,   35.665315,      123.97,
 140.108468,   35.665315,      130.39,
 140.112973,   35.665315,      137.06,
 140.117477,   35.665315,      143.98,
 140.121982,   35.665315,      151.15,
 140.126486,   35.665315,      158.56,
 140.130991,   35.665315,      166.22,
 140.135495,   35.665315,      172.34,
 140.140000,   35.665315,      178.20,
 140.144505,   35.665315,      184.07,
 140.149009,   35.665315,      189.94,
 140.153514,   35.665315,      195.80,
 140.158018,   35.665315,      201.67,
 140.162523,   35.665315,      190.17,
 140.167027,   35.665315,      175.19,
 140.171532,   35.665315,      158.89,
 140.176036,   35.665315,      141.27,
 140.180541,   35.665315,      122.33,
 140.185045,   35.665315,      102.07,
 140.189550,   35.665315,       80.49,
 140.194054,   35.665315,       79.33,
 140.198559,   35.665315,       80.05,
 140.203063,   35.665315,       80.78,
 140.207568,   35.665315,       81.50,
 140.212072,   35.665315,       82.23,
 140.216577,   35.665315,       82.95,
 140.221081,   35.665315,       83.40,
 140.225586,   35.665315,       83.78,
 140.230090,   35.665315,       84.15,
 140.234595,   35.665315,       84.52,
 140.239099,   35.665315,       84.89,
 140.243604,   35.665315,       85.25,
 140.248108,   35.665315,       85.62,
 140.252613,   35.665315,       85.98,
 140.257117,   35.665315,       86.34,
 140.261622,   35.665315,       86.69,
 140.266126,   35.665315,       87.05,
 140.270631,   35.665315,       87.40,
 140.275135,   35.665315,       87.75,
 140.279640,   35.665315,       88.10,
 140.284144,   35.665315,       88.44,
 140.288649,   35.665315,       88.78,
 140.293153,   35.665315,       89.12,
 140.297658,   35.665315,       89.46,
 140.302162,   35.665315,       89.80,
 140.306667,   35.665315,       90.13,
 140.311171,   35.665315,       90.46,
 140.315676,   35.665315,       90.79,
 140.320180,   35.665315,       91.12,
 140.324685,   35.665315,       91.45,
 140.329189,   35.665315,       91.77,
 140.333694,   35.665315,       92.09,
 140.338198,   35.665315,       92.41,
 140.342703,   35.665315,       92.72,
 140.347207,   35.665315,       93.04,
 140.351712,   35.665315,       93.35,
 140.356216,   35.665315,       93.66,
 140.360721,   35.665315,       93.96,
 140.365225,   35.665315,       94.27,
 140.369730,   35.665315,       94.57,
 140.374234,   35.665315,       94.87,
 140.378739,   35.665315,       95.17,
 140.383243,   35.665315,       95.46,
 140.387748,   35.665315,       95.76,
 139.140000,   35.669820,      -58.52,
 139.144505,   35.669820,      -60.20,
 139.149009,   35.669820,      -61.85,
 139.153514,   35.669820,      -63.47,
 139.158018,   35.669820,      -65.06,
 139.162523,   35.669820,      -66.63,
 139.167027,   35.669820,      -68.16,
 139.171532,   35.669820,      -69.66,
 139.176036,   35.669820,      -71.14,
 139.180541,   35.669820,      -72.59,
 139.185045,   35.669820,      -74.01,
 139.189550,   35.669820,      -75.40,
 139.194054,   35.669820,      -76.76,
 139.198559,   35.669820,      -78.09,
 139.203063,   35.669820,      -79.39,
 139.207568,   35.669820,      -80.67,
 139.212072,   35.669820,      -81.91,
 139.216577,   35.669820,      -83.13,
 139.221081,   35.669820,      -84.32,
 139.225586,   35.669820,      -85.48,
 139.230090,   35.669820,      -86.61,
 139.234595,   35.669820,      -87.71,
 139.239099,   35.669820,      -88.78,
 139.243604,   35.669820,      -89.82,
 139.248108,   35.669820,      -90.84,
 139.252613,   35.669820,      -91.82,
 139.257117,   35.669820,      -92.78,
 139.261622,   35.669820,      -93.71,
 139.266126,   35.669820,      -94.61,
 139.270631,   35.669820,      -95.48,
 139.275135,   35.669820,      -96.32,
 139.279640,   35.669820,      -97.13,
 139.284144,   35.669820,      -97.92,
 139.288649,   35.669820,      -98.67,
 139.293153,   35.669820,      -99.40,
 139.297658,   35.669820,     -100.10,
 139.302162,   35.669820,     -100.77,
 139.306667,   35.669820,     -101.41,
 139.311171,   35.669820,     -102.02,
 139.315676,   35.669820,     -102.60,
 139.320180,   35.669820,     -103.16,
 139.324685,   35.669820,     -103.68,
 139.329189,   35.669820,     -104.18,
 139.333694,   35.669820,     -104.64,
 139.338198,   35.669820,     -105.08,
 139.342703,   35.669820,     -105.49,
 139.347207,   35.669820,     -105.87,
 139.351712,   35.669820,     -106.22,
 139.356216,   35.669820,     -106.55,
 139.360721,   35.669820,     -106.84,
 139.365225,   35.669820,     -107.11,
 139.369730,   35.669820,     -107.34,
 139.374234,   35.669820,     -107.55,
 139.378739,   35.669820,     -107.73,
 139.383243,   35.669820,     -107.88,
 139.387748,   35.669820,     -108.00,
 139.392252,   35.669820,     -108.09,
 139.396757,   35.669820,     -108.16,
 139.401261,   35.669820,     -108.19,
 139.405766,   35.669820,     -108.20,
 139.410270,   35.669820,     -108.17,
 139.414775,   35.669820,     -108.12,
 139.419279,   35.669820,     -108.04,
 139.423784,   35.669820,     -107.93,
 139.428288,   35.669820,     -107.79,
 139.432793,   35.669820,     -107.63,
 139.437297,   35.669820,     -107.43,
 139.441802,   35.669820,     -107.20,
 139.446306,   35.669820,     -106.95,
 139.450811,   35.669820,     -106.67,
 139.455315,   35.669820,     -106.36,
 139.459820,   35.669820,     -106.02,
 139.464324,   35.669820,     -105.65,
 139.468829,   35.669820,     -105.25,
 139.473333,   35.669820,     -104.82,
 139.477838,   35.669820,     -104.37,
 139.482342,   35.669820,     -103.88,
 139.486847,   35.669820,     -103.37,
 139.491351,   35.669820,     -102.83,
 139.495856,   35.669820,     -102.26,
 139.500360,   35.669820,     -101.66,
 139.504865,   35.669820,     -101.03,
 139.509369,   35.669820,     -100.37,
 139.513874,   35.669820,      -99.69,
 139.518378,   35.669820,      -98.97,
 139.522883,   35.669820,      -98.23,
 139.527387,   35.669820,      -97.46,
 139.531892,   35.669820,      -96.65,
 139.536396,   35.669820,      -95.82,
 139.540901,   35.669820,      -94.97,
 139.545405,   35.669820,      -94.08,
 139.549910,   35.669820,      -93.16,
 139.554414,   35.669820,      -92.22,
 139.558919,   35.669820,      -91.24,
 139.563423,   35.669820,      -90.24,
 139.567928,   35.669820,      -89.21,
 139.572432,   35.669820,      -88.14,
 139.576937,   35.669820,      -87.05,
 139.581441,   35.669820,      -85.94,
 139.585946,   35.669820,      -84.79,
 139.590450,   35.669820,      -83.61,
 139.594955,   35.669820,      -82.41,
 139.599459,   35.669820,      -81.17,
 139.603964,   35.669820,      -79.91,
 139.608468,   35.669820,      -78.62,
 139.612973,   35.669820,      -77.30,
 139.617477,   35.669820,      -75.95,
 139.621982,   35.669820,      -74.57,
 139.626486,   35.669820,      -73.17,
 139.630991,   35.669820,      -71.73,
 139.635495,   35.669820,      -70.27,
 139.640000,   35.669820,      -68.77,
 139.644505,   35.669820,      -67.25,
 139.649009,   35.669820,      -65.70,
 139.653514,   35.669820,      -64.12,
 139.658018,   35.669820,      -62.51,
 139.662523,   35.669820,      -60.87,
 139.667027,   35.669820,      -59.21,
 139.671532,   35.669820,      -57.51,
 139.676036,   35.669820,      -55.79,
 139.680541,   35.669820,      -54.04,
 139.685045,   35.669820,      -52.25,
 139.689550,   35.669820,      -50.44,
 139.694054,   35.669820,      -48.60,
 139.698559,   35.669820,      -46.74,
 139.703063,   35.669820,      -44.84,
 139.707568,   35.669820,      -42.91,
 139.712072,   35.669820,      -40.96,
 139.716577,   35.669820,      -38.98,
 139.721081,   35.669820,      -36.96,
 139.725586,   35.669820,      -34.92,
 139.730090,   35.669820,      -32.85,
 139.734595,   35.669820,      -30.75,
 139.739099,   35.669820,      -28.63,
 139.743604,   35.669820,      -26.47,
 139.748108,   35.669820,      -24.34,
 139.752613,   35.669820,      -22.02,
 139.757117,   35.669820,      -19.47,
 139.761622,   35.669820,      -17.05,
 139.766126,   35.669820,      -14.74,
 139.770631,   35.669820,      -12.56,
 139.775135,   35.669820,      -10.49,
 139.779640,   35.669820,       -8.55,
 139.784144,   35.669820,       -6.72,
 139.788649,   35.669820,       -5.01,
 139.793153,   35.669820,       -3.43,
 139.797658,   35.669820,       -1.96,
 139.802162,   35.669820,       -0.61,
 139.806667,   35.669820,       22.41,
 139.811171,   35.669820,       22.93,
 139.815676,   35.669820,       22.65,
 139.820180,   35.669820,       21.23,
 139.824685,   35.669820,       18.08,
 139.829189,   35.669820,       13.19,
 139.833694,   35.669820,        7.52,
 139.838198,   35.669820,        6.05,
 139.842703,   35.669820,        3.80,
 139.847207,   35.669820,        2.68,
 139.851712,   35.669820,        2.25,
 139.856216,   35.669820,        2.58,
 139.860721,   35.669820,        3.85,
 139.865225,   35.669820,        5.64,
 139.869730,   35.669820,        7.82,
 139.874234,   35.669820,       10.29,
 139.878739,   35.669820,       12.95,
 139.883243,   35.669820,       15.70,
 139.887748,   35.669820,       18.56,
 139.892252,   35.669820,       21.47,
 139.896757,   35.669820,       24.38,
 139.901261,   35.669820,       27.30,
 139.905766,   35.669820,       30.20,
 139.910270,   35.669820,       33.07,
 139.914775,   35.669820,       35.88,
 139.919279,   35.669820,       38.57,
 139.923784,   35.669820,       40.85,
 139.928288,   35.669820,       42.52,
 139.932793,   35.669820,       43.70,
 139.937297,   35.669820,       43.66,
 139.941802,   35.669820,       43.64,
 139.946306,   35.669820,       43.70,
 139.950811,   35.669820,       43.85,
 139.955315,   35.669820,       44.12,
 139.959820,   35.669820,       44.42,
 139.964324,   35.669820,       44.79,
 139.968829,   35.669820,       45.18,
 139.973333,   35.669820,       45.63,
 139.977838,   35.669820,       46.05,
 139.982342,   35.669820,       46.46,
 139.986847,   35.669820,       46.85,
 139.991351,   35.669820,       47.07,
 139.995856,   35.669820,       47.27,
 140.000360,   35.669820,       47.43,
 140.004865,   35.669820,       47.52,
 140.009369,   35.669820,       47.56,
 140.013874,   35.669820,       47.54,
 140.018378,   35.669820,       48.22,
 140.022883,   35.669820,       50.06,
 140.027387,   35.669820,       52.14,
 140.031892,   35.669820,       54.47,
 140.036396,   35.669820,       57.05,
 140.040901,   35.669820,       59.88,
 140.045405,   35.669820,       62.96,
 140.049910,   35.669820,       66.28,
 140.054414,   35.669820,       69.86,
 140.058919,   35.669820,       73.68,
 140.063423,   35.669820,       77.75,
 140.067928,   35.669820,       82.07,
 140.072432,   35.669820,       86.64,
 140.076937,   35.669820,       91.46,
 140.081441,   35.669820,       96.52,
 140.085946,   35.669820,      101.84,
 140.090450,   35.669820,      107.40,
 140.094955,   35.669820,      113.21,
 140.099459,   35.669820,      119.27,
 140.103964,   35.669820,      125.57,
 140.108468,   35.669820,      132.13,
 140.112973,   35.669820,      138.93,
 140.117477,   35.669820,      145.99,
 140.121982,   35.669820,      153.29,
 140.126486,   35.669820,      160.84,
 140.130991,   35.669820,      168.64,
 140.135495,   35.669820,      176.06,
 140.140000,   35.669820,      181.92,
 140.144505,   35.669820,      187.79,
 140.149009,   35.669820,      193.65,
 140.153514,   35.669820,      199.52,
 140.158018,   35.669820,      205.39,
 140.162523,   35.669820,      211.25,
 140.167027,   35.669820,      200.28,
 140.171532,   35.669820,      184.08,
 140.176036,   35.669820,      166.57,
 140.180541,   35.669820,      147.73,
 140.185045,   35.669820,      127.57,
 140.189550,   35.669820,      106.08,
 140.194054,   35.669820,       83.28,
 140.198559,   35.669820,       80.09,
 140.203063,   35.669820,       80.81,
 140.207568,   35.669820,       81.54,
 140.212072,   35.669820,       82.26,
 140.216577,   35.669820,       82.99,
 140.221081,   35.669820,       83.71,
 140.225586,   35.669820,       84.33,
 140.230090,   35.669820,       84.70,
 140.234595,   35.669820,       85.07,
 140.239099,   35.669820,       85.44,
 140.243604,   35.669820,       85.80,
 140.248108,   35.669820,       86.17,
 140.252613,   35.669820,       86.53,
 140.257117,   35.669820,       86.89,
 140.261622,   35.669820,       87.25,
 140.266126,   35.669820,       87.60,
 140.270631,   35.669820,       87.95,
 140.275135,   35.669820,       88.31,
 140.279640,   35.669820,       88.65,
 140.284144,   35.669820,       89.00,
 140.288649,   35.669820,       89.34,
 140.293153,   35.669820,       89.68,
 140.297658,   35.669820,       90.02,
 140.302162,   35.669820,       90.36,
 140.306667,   35.669820,       90.70,
 140.311171,   35.669820,       91.03,
 140.315676,   35.669820,       91.36,
 140.320180,   35.669820,       91.69,
 140.324685,   35.669820,       92.01,
 140.329189,   35.669820,       92.34,
 140.333694,   35.669820,       92.66,
 140.338198,   35.669820,       92.98,
 140.342703,   35.669820,       93.29,
 140.347207,   35.669820,       93.61,
 140.351712,   35.669820,       93.92,
 140.356216,   35.669820,       94.23,
 140.360721,   35.669820,       94.54,
 140.365225,   35.669820,       94.84,
 140.369730,   35.669820,       95.15,
 140.374234,   35.669820,       95.45,
 140.378739,   35.669820,       95.75,
 140.383243,   35.669820,       96.04,
 140.387748,   35.669820,       96.34,
 139.140000,   35.674324,      -61.16,
 139.144505,   35.674324,      -62.85,
 139.149009,   35.674324,      -64.51,
 139.153514,   35.674324,      -66.14,
 139.158018,   35.674324,      -67.75,
 139.162523,   35.674324,      -69.32,
 139.167027,   35.674324,      -70.87,
 139.171532,   35.674324,      -72.39,
 139.176036,   35.674324,      -73.87,
 139.180541,   35.674324,      -75.33,
 139.185045,   35.674324,      -76.76,
 139.189550,   35.674324,      -78.17,
 139.194054,   35.674324,      -79.54,
 139.198559,   35.674324,      -80.88,
 139.203063,   35.674324,      -82.20,
 139.207568,   35.674324,      -83.48,
 139.212072,   35.674324,      -84.74,
 139.216577,   35.674324,      -85.97,
 139.221081,   35.674324,      -87.17,
 139.225586,   35.674324,      -88.34,
 139.230090,   35.674324,      -89.48,
 139.234595,   35.674324,      -90.60,
 139.239099,   35.674324,      -91.68,
 139.243604,   35.674324,      -92.74,
 139.248108,   35.674324,      -93.77,
 139.252613,   35.674324,      -94.76,
 139.257117,   35.674324,      -95.73,
 139.261622,   35.674324,      -96.67,
 139.266126,   35.674324,      -97.59,
 139.270631,   35.674324,      -98.47,
 139.275135,   35.674324,      -99.32,
 139.279640,   35.674324,     -100.15,
 139.284144,   35.674324,     -100.94,
 139.288649,   35.674324,     -101.71,
 139.293153,   35.674324,     -102.45,
 139.297658,   35.674324,     -103.16,
 139.302162,   35.674324,     -103.84,
 139.306667,   35.674324,     -104.49,
 139.311171,   35.674324,     -105.12,
 139.315676,   35.674324,     -105.71,
 139.320180,   35.674324,     -106.28,
 139.324685,   35.674324,     -106.81,
 139.329189,   35.674324,     -107.32,
 139.333694,   35.674324,     -107.80,
 139.338198,   35.674324,     -108.25,
 139.342703,   35.674324,     -108.67,
 139.347207,   35.674324,     -109.07,
 139.351712,   35.674324,     -109.43,
 139.356216,   35.674324,     -109.77,
 139.360721,   35.674324,     -110.07,
 139.365225,   35.674324,     -110.35,
 139.369730,   35.674324,     -110.60,
 139.374234,   35.674324,     -110.82,
 139.378739,   35.674324,     -111.01,
 139.383243,   35.674324,     -111.17,
 139.387748,   35.674324,     -111.30,
 139.392252,   35.674324,     -111.41,
 139.396757,   35.674324,     -111.48,
 139.401261,   35.674324,     -111.53,
 139.405766,   35.674324,     -111.55,
 139.410270,   35.674324,     -111.54,
 139.414775,   35.674324,     -111.50,
 139.419279,   35.674324,     -111.43,
 139.423784,   35.674324,     -111.33,
 139.428288,   35.674324,     -111.21,
 139.432793,   35.674324,     -111.05,
 139.437297,   35.674324,     -110.87,
 139.441802,   35.674324,     -110.66,
 139.446306,   35.674324,     -110.41,
 139.450811,   35.674324,     -110.14,
 139.455315,   35.674324,     -109.84,
 139.459820,   35.674324,     -109.52,
 139.464324,   35.674324,     -109.16,
 139.468829,   35.674324,     -108.77,
 139.473333,   35.674324,     -108.36,
 139.477838,   35.674324,     -107.92,
 139.482342,   35.674324,     -107.44,
 139.486847,   35.674324,     -106.94,
 139.491351,   35.674324,     -106.41,
 139.495856,   35.674324,     -105.85,
 139.500360,   35.674324,     -105.27,
 139.504865,   35.674324,     -104.65,
 139.509369,   35.674324,     -104.01,
 139.513874,   35.674324,     -103.33,
 139.518378,   35.674324,     -102.63,
 139.522883,   35.674324,     -101.90,
 139.527387,   35.674324,     -101.14,
 139.531892,   35.674324,     -100.35,
 139.536396,   35.674324,      -99.53,
 139.540901,   35.674324,      -98.68,
 139.545405,   35.674324,      -97.81,
 139.549910,   35.674324,      -96.90,
 139.554414,   35.674324,      -95.97,
 139.558919,   35.674324,      -95.01,
 139.563423,   35.674324,      -94.02,
 139.567928,   35.674324,      -93.00,
 139.572432,   35.674324,      -91.95,
 139.576937,   35.674324,      -90.87,
 139.581441,   35.674324,      -89.76,
 139.585946,   35.674324,      -88.63,
 139.590450,   35.674324,      -87.46,
 139.594955,   35.674324,      -86.27,
 139.599459,   35.674324,      -85.05,
 139.603964,   35.674324,      -83.80,
 139.608468,   35.674324,      -82.52,
 139.612973,   35.674324,      -81.21,
 139.617477,   35.674324,      -79.88,
 139.621982,   35.674324,      -78.51,
 139.626486,   35.674324,      -77.12,
 139.630991,   35.674324,      -75.69,
 139.635495,   35.674324,      -74.24,
 139.640000,   35.674324,      -72.76,
 139.644505,   35.674324,      -71.25,
 139.649009,   35.674324,      -69.71,
 139.653514,   35.674324,      -68.14,
 139.658018,   35.674324,      -66.55,
 139.662523,   35.674324,      -64.92,
 139.667027,   35.674324,      -63.27,
 139.671532,   35.674324,      -61.58,
 139.676036,   35.674324,      -59.87,
 139.680541,   35.674324,      -58.13,
 139.685045,   35.674324,      -56.36,
 139.689550,   35.674324,      -54.56,
 139.694054,   35.674324,      -52.74,
 139.698559,   35.674324,      -50.88,
 139.703063,   35.674324,      -49.00,
 139.707568,   35.674324,      -47.08,
 139.712072,   35.674324,      -45.14,
 139.716577,   35.674324,      -43.17,
 139.721081,   35.674324,      -41.17,
 139.725586,   35.674324,      -39.14,
 139.730090,   35.674324,      -37.08,
 139.734595,   35.674324,      -34.99,
 139.739099,   35.674324,      -32.88,
 139.743604,   35.674324,      -30.74,
 139.748108,   35.674324,      -28.68,
 139.752613,   35.674324,      -25.98,
 139.757117,   35.674324,      -23.33,
 139.761622,   35.674324,      -20.80,
 139.766126,   35.674324,      -18.38,
 139.770631,   35.674324,      -16.09,
 139.775135,   35.674324,      -13.91,
 139.779640,   35.674324,      -11.86,
 139.784144,   35.674324,       -9.92,
 139.788649,   35.674324,       -8.11,
 139.793153,   35.674324,       -6.41,
 139.797658,   35.674324,       -4.84,
 139.802162,   35.674324,       -3.38,
 139.806667,   35.674324,       -2.05,
 139.811171,   35.674324,       -0.83,
 139.815676,   35.674324,       26.93,
 139.820180,   35.674324,       26.56,
 139.824685,   35.674324,       25.00,
 139.829189,   35.674324,       21.52,
 139.833694,   35.674324,       14.91,
 139.838198,   35.674324,        5.25,
 139.842703,   35.674324,        2.81,
 139.847207,   35.674324,        1.66,
 139.851712,   35.674324,        1.41,
 139.856216,   35.674324,        2.15,
 139.860721,   35.674324,        3.73,
 139.865225,   35.674324,        5.76,
 139.869730,   35.674324,        8.13,
 139.874234,   35.674324,       10.66,
 139.878739,   35.674324,       13.27,
 139.883243,   35.674324,       15.93,
 139.887748,   35.674324,       18.62,
 139.892252,   35.674324,       21.32,
 139.896757,   35.674324,       23.90,
 139.901261,   35.674324,       26.35,
 139.905766,   35.674324,       28.69,
 139.910270,   35.674324,       30.91,
 139.914775,   35.674324,       33.00,
 139.919279,   35.674324,       34.92,
 139.923784,   35.674324,       36.52,
 139.928288,   35.674324,       37.84,
 139.932793,   35.674324,       39.14,
 139.937297,   35.674324,       40.37,
 139.941802,   35.674324,       41.45,
 139.946306,   35.674324,       42.42,
 139.950811,   35.674324,       43.25,
 139.955315,   35.674324,       43.70,
 139.959820,   35.674324,       44.17,
 139.964324,   35.674324,       44.68,
 139.968829,   35.674324,       45.24,
 139.973333,   35.674324,       45.85,
 139.977838,   35.674324,       46.31,
 139.982342,   35.674324,       46.69,
 139.986847,   35.674324,       46.97,
 139.991351,   35.674324,       47.19,
 139.995856,   35.674324,       47.35,
 140.000360,   35.674324,       47.46,
 140.004865,   35.674324,       47.50,
 140.009369,   35.674324,       47.49,
 140.013874,   35.674324,       47.42,
 140.018378,   35.674324,       47.37,
 140.022883,   35.674324,       48.99,
 140.027387,   35.674324,       51.21,
 140.031892,   35.674324,       53.67,
 140.036396,   35.674324,       56.39,
 140.040901,   35.674324,       59.35,
 140.045405,   35.674324,       62.56,
 140.049910,   35.674324,       66.02,
 140.054414,   35.674324,       69.73,
 140.058919,   35.674324,       73.69,
 140.063423,   35.674324,       77.90,
 140.067928,   35.674324,       82.35,
 140.072432,   35.674324,       87.05,
 140.076937,   35.674324,       92.01,
 140.081441,   35.674324,       97.21,
 140.085946,   35.674324,      102.65,
 140.090450,   35.674324,      108.35,
 140.094955,   35.674324,      114.30,
 140.099459,   35.674324,      120.49,
 140.103964,   35.674324,      126.93,
 140.108468,   35.674324,      133.62,
 140.112973,   35.674324,      140.56,
 140.117477,   35.674324,      147.75,
 140.121982,   35.674324,      155.19,
 140.126486,   35.674324,      162.87,
 140.130991,   35.674324,      170.80,
 140.135495,   35.674324,      178.98,
 140.140000,   35.674324,      185.64,
 140.144505,   35.674324,      191.51,
 140.149009,   35.674324,      197.37,
 140.153514,   35.674324,      203.24,
 140.158018,   35.674324,      209.10,
 140.162523,   35.674324,      214.97,
 140.167027,   35.674324,      220.84,
 140.171532,   35.674324,      210.60,
 140.176036,   35.674324,      193.18,
 140.180541,   35.674324,      174.44,
 140.185045,   35.674324,      154.38,
 140.189550,   35.674324,      133.00,
 140.194054,   35.674324,      110.30,
 140.198559,   35.674324,       86.28,
 140.203063,   35.674324,       80.85,
 140.207568,   35.674324,       81.57,
 140.212072,   35.674324,       82.30,
 140.216577,   35.674324,       83.02,
 140.221081,   35.674324,       83.75,
 140.225586,   35.674324,       84.47,
 140.230090,   35.674324,       85.20,
 140.234595,   35.674324,       85.62,
 140.239099,   35.674324,       85.99,
 140.243604,   35.674324,       86.36,
 140.248108,   35.674324,       86.72,
 140.252613,   35.674324,       87.09,
 140.257117,   35.674324,       87.45,
 140.261622,   35.674324,       87.80,
 140.266126,   35.674324,       88.16,
 140.270631,   35.674324,       88.51,
 140.275135,   35.674324,       88.87,
 140.279640,   35.674324,       89.21,
 140.284144,   35.674324,       89.56,
 140.288649,   35.674324,       89.91,
 140.293153,   35.674324,       90.25,
 140.297658,   35.674324,       90.59,
 140.302162,   35.674324,       90.93,
 140.306667,   35.674324,       91.26,
 140.311171,   35.674324,       91.60,
 140.315676,   35.674324,       91.93,
 140.320180,   35.674324,       92.26,
 140.324685,   35.674324,       92.58,
 140.329189,   35.674324,       92.91,
 140.333694,   35.674324,       93.23,
 140.338198,   35.674324,       93.55,
 140.342703,   35.674324,       93.87,
 140.347207,   35.674324,       94.18,
 140.351712,   35.674324,       94.49,
 140.356216,   35.674324,       94.81,
 140.360721,   35.674324,       95.11,
 140.365225,   35.674324,       95.42,
 140.369730,   35.674324,       95.72,
 140.374234,   35.674324,       96.03,
 140.378739,   35.674324,       96.33,
 140.383243,   35.674324,       96.62,
 140.387748,   35.674324,       96.92,
 139.140000,   35.678829,      -63.82,
 139.144505,   35.678829,      -65.53,
 139.149009,   35.678829,      -67.20,
 139.153514,   35.678829,      -68.85,
 139.158018,   35.678829,      -70.46,
 139.162523,   35.678829,      -72.05,
 139.167027,   35.678829,      -73.61,
 139.171532,   35.678829,      -75.14,
 139.176036,   35.678829,      -76.64,
 139.180541,   35.678829,      -78.11,
 139.185045,   35.678829,      -79.55,
 139.189550,   35.678829,      -80.96,
 139.194054,   35.678829,      -82.35,
 139.198559,   35.678829,      -83.71,
 139.203063,   35.678829,      -85.03,
 139.207568,   35.678829,      -86.33,
 139.212072,   35.678829,      -87.60,
 139.216577,   35.678829,      -88.84,
 139.221081,   35.678829,      -90.05,
 139.225586,   35.678829,      -91.24,
 139.230090,   35.678829,      -92.39,
 139.234595,   35.678829,      -93.52,
 139.239099,   35.678829,      -94.61,
 139.243604,   35.678829,      -95.68,
 139.248108,   35.678829,      -96.72,
 139.252613,   35.678829,      -97.73,
 139.257117,   35.678829,      -98.71,
 139.261622,   35.678829,      -99.67,
 139.266126,   35.678829,     -100.59,
 139.270631,   35.678829,     -101.49,
 139.275135,   35.678829,     -102.35,
 139.279640,   35.678829,     -103.19,
 139.284144,   35.678829,     -104.00,
 139.288649,   35.678829,     -104.78,
 139.293153,   35.678829,     -105.53,
 139.297658,   35.678829,     -106.25,
 139.302162,   35.678829,     -106.94,
 139.306667,   35.678829,     -107.61,
 139.311171,   35.678829,     -108.24,
 139.315676,   35.678829,     -108.85,
 139.320180,   35.678829,     -109.43,
 139.324685,   35.678829,     -109.98,
 139.329189,   35.678829,     -110.50,
 139.333694,   35.678829,     -110.99,
 139.338198,   35.678829,     -111.45,
 139.342703,   35.678829,     -111.89,
 139.347207,   35.678829,     -112.29,
 139.351712,   35.678829,     -112.67,
 139.356216,   35.678829,     -113.01,
 139.360721,   35.678829,     -113.33,
 139.365225,   35.678829,     -113.62,
 139.369730,   35.678829,     -113.88,
 139.374234,   35.678829,     -114.11,
 139.378739,   35.678829,     -114.32,
 139.383243,   35.678829,     -114.49,
 139.387748,   35.678829,     -114.64,
 139.392252,   35.678829,     -114.75,
 139.396757,   35.678829,     -114.84,
 139.401261,   35.678829,     -114.90,
 139.405766,   35.678829,     -114.93,
 139.410270,   35.678829,     -114.93,
 139.414775,   35.678829,     -114.91,
 139.419279,   35.678829,     -114.85,
 139.423784,   35.678829,     -114.76,
 139.428288,   35.678829,     -114.65,
 139.432793,   35.678829,     -114.51,
 139.437297,   35.678829,     -114.34,
 139.441802,   35.678829,     -114.13,
 139.446306,   35.678829,     -113.91,
 139.450811,   35.678829,     -113.65,
 139.455315,   35.678829,     -113.36,
 139.459820,   35.678829,     -113.04,
 139.464324,   35.678829,     -112.70,
 139.468829,   35.678829,     -112.33,
 139.473333,   35.678829,     -111.92,
 139.477838,   35.678829,     -111.49,
 139.482342,   35.678829,     -111.03,
 139.486847,   35.678829,     -110.54,
 139.491351,   35.678829,     -110.03,
 139.495856,   35.678829,     -109.48,
 139.500360,   35.678829,     -108.91,
 139.504865,   35.678829,     -108.30,
 139.509369,   35.678829,     -107.67,
 139.513874,   35.678829,     -107.01,
 139.518378,   35.678829,     -106.32,
 139.522883,   35.678829,     -105.60,
 139.527387,   35.678829,     -104.85,
 139.531892,   35.678829,     -104.07,
 139.536396,   35.678829,     -103.27,
 139.540901,   35.678829,     -102.43,
 139.545405,   35.678829,     -101.57,
 139.549910,   35.678829,     -100.67,
 139.554414,   35.678829,      -99.75,
 139.558919,   35.678829,      -98.80,
 139.563423,   35.678829,      -97.82,
 139.567928,   35.678829,      -96.82,
 139.572432,   35.678829,      -95.78,
 139.576937,   35.678829,      -94.71,
 139.581441,   35.678829,      -93.62,
 139.585946,   35.678829,      -92.50,
 139.590450,   35.678829,      -91.35,
 139.594955,   35.678829,      -90.17,
 139.599459,   35.678829,      -88.96,
 139.603964,   35.678829,      -87.72,
 139.608468,   35.678829,      -86.45,
 139.612973,   35.678829,      -85.15,
 139.617477,   35.678829,      -83.83,
 139.621982,   35.678829,      -82.48,
 139.626486,   35.678829,      -81.09,
 139.630991,   35.678829,      -79.68,
 139.635495,   35.678829,      -78.24,
 139.640000,   35.678829,      -76.77,
 139.644505,   35.678829,      -75.28,
 139.649009,   35.678829,      -73.75,
 139.653514,   35.678829,      -72.19,
 139.658018,   35.678829,      -70.61,
 139.662523,   35.678829,      -69.00,
 139.667027,   35.678829,      -67.35,
 139.671532,   35.678829,      -65.68,
 139.676036,   35.678829,      -63.98,
 139.680541,   35.678829,      -62.25,
 139.685045,   35.678829,      -60.50,
 139.689550,   35.678829,      -58.71,
 139.694054,   35.678829,      -56.90,
 139.698559,   35.678829,      -55.05,
 139.703063,   35.678829,      -53.18,
 139.707568,   35.678829,      -51.28,
 139.712072,   35.678829,      -49.35,
 139.716577,   35.678829,      -47.39,
 139.721081,   35.678829,      -45.40,
 139.725586,   35.678829,      -43.38,
 139.730090,   35.678829,      -41.34,
 139.734595,   35.678829,      -39.26,
 139.739099,   35.678829,      -37.16,
 139.743604,   35.678829,      -35.08,
 139.748108,   35.678829,      -32.71,
 139.752613,   35.678829,      -29.83,
 139.757117,   35.678829,      -27.07,
 139.761622,   35.678829,      -24.42,
 139.766126,   35.678829,      -21.90,
 139.770631,   35.678829,      -19.50,
 139.775135,   35.678829,      -17.22,
 139.779640,   35.678829,      -15.05,
 139.784144,   35.678829,      -13.01,
 139.788649,   35.678829,      -11.09,
 139.793153,   35.678829,       -9.28,
 139.797658,   35.678829,       -7.60,
 139.802162,   35.678829,       -6.03,
 139.806667,   35.678829,       -4.59,
 139.811171,   35.678829,       -3.26,
 139.815676,   35.678829,       -2.06,
 139.820180,   35.678829,       -0.97,
 139.824685,   35.678829,       -0.01,
 139.829189,   35.678829,       30.28,
 139.833694,   35.678829,       26.48,
 139.838198,   35.678829,       18.13,
 139.842703,   35.678829,        2.01,
 139.847207,   35.678829,        0.66,
 139.851712,   35.678829,        0.64,
 139.856216,   35.678829,        1.73,
 139.860721,   35.678829,        3.51,
 139.865225,   35.678829,        5.77,
 139.869730,   35.678829,        8.22,
 139.874234,   35.678829,       10.73,
 139.878739,   35.678829,       13.29,
 139.883243,   35.678829,       15.76,
 139.887748,   35.678829,       18.05,
 139.892252,   35.678829,       20.22,
 139.896757,   35.678829,       22.28,
 139.901261,   35.678829,       24.24,
 139.905766,   35.678829,       26.08,
 139.910270,   35.678829,       27.69,
 139.914775,   35.678829,       29.07,
 139.919279,   35.678829,       30.24,
 139.923784,   35.678829,       31.21,
 139.928288,   35.678829,       32.06,
 139.932793,   35.678829,       32.86,
 139.937297,   35.678829,       33.62,
 139.941802,   35.678829,       34.31,
 139.946306,   35.678829,       34.97,
 139.950811,   35.678829,       35.60,
 139.955315,   35.678829,       36.68,
 139.959820,   35.678829,       38.30,
 139.964324,   35.678829,       39.94,
 139.968829,   35.678829,       41.62,
 139.973333,   35.678829,       43.33,
 139.977838,   35.678829,       45.07,
 139.982342,   35.678829,       46.84,
 139.986847,   35.678829,       47.22,
 139.991351,   35.678829,       47.39,
 139.995856,   35.678829,       47.50,
 140.000360,   35.678829,       47.55,
 140.004865,   35.678829,       47.54,
 140.009369,   35.678829,       47.47,
 140.013874,   35.678829,       47.35,
 140.018378,   35.678829,       47.16,
 140.022883,   35.678829,       47.67,
 140.027387,   35.678829,       50.03,
 140.031892,   35.678829,       52.63,
 140.036396,   35.678829,       55.48,
 140.040901,   35.678829,       58.58,
 140.045405,   35.678829,       61.92,
 140.049910,   35.678829,       65.52,
 140.054414,   35.678829,       69.36,
 140.058919,   35.678829,       73.45,
 140.063423,   35.678829,       77.79,
 140.067928,   35.678829,       82.38,
 140.072432,   35.678829,       87.22,
 140.076937,   35.678829,       92.31,
 140.081441,   35.678829,       97.64,
 140.085946,   35.678829,      103.22,
 140.090450,   35.678829,      109.05,
 140.094955,   35.678829,      115.13,
 140.099459,   35.678829,      121.46,
 140.103964,   35.678829,      128.04,
 140.108468,   35.678829,      134.87,
 140.112973,   35.678829,      141.94,
 140.117477,   35.678829,      149.26,
 140.121982,   35.678829,      156.83,
 140.126486,   35.678829,      164.65,
 140.130991,   35.678829,      172.72,
 140.135495,   35.678829,      181.04,
 140.140000,   35.678829,      189.36,
 140.144505,   35.678829,      195.23,
 140.149009,   35.678829,      201.09,
 140.153514,   35.678829,      206.96,
 140.158018,   35.678829,      212.82,
 140.162523,   35.678829,      218.69,
 140.167027,   35.678829,      224.55,
 140.171532,   35.678829,      230.42,
 140.176036,   35.678829,      221.12,
 140.180541,   35.678829,      202.48,
 140.185045,   35.678829,      182.52,
 140.189550,   35.678829,      161.24,
 140.194054,   35.678829,      138.64,
 140.198559,   35.678829,      114.72,
 140.203063,   35.678829,       89.48,
 140.207568,   35.678829,       81.61,
 140.212072,   35.678829,       82.33,
 140.216577,   35.678829,       83.06,
 140.221081,   35.678829,       83.78,
 140.225586,   35.678829,       84.51,
 140.230090,   35.678829,       85.23,
 140.234595,   35.678829,       85.96,
 140.239099,   35.678829,       86.55,
 140.243604,   35.678829,       86.91,
 140.248108,   35.678829,       87.28,
 140.252613,   35.678829,       87.64,
 140.257117,   35.678829,       88.00,
 140.261622,   35.678829,       88.36,
 140.266126,   35.678829,       88.72,
 140.270631,   35.678829,       89.07,
 140.275135,   35.678829,       89.43,
 140.279640,   35.678829,       89.78,
 140.284144,   35.678829,       90.12,
 140.288649,   35.678829,       90.47,
 140.293153,   35.678829,       90.81,
 140.297658,   35.678829,       91.15,
 140.302162,   35.678829,       91.49,
 140.306667,   35.678829,       91.83,
 140.311171,   35.678829,       92.16,
 140.315676,   35.678829,       92.50,
 140.320180,   35.678829,       92.83,
 140.324685,   35.678829,       93.15,
 140.329189,   35.678829,       93.48,
 140.333694,   35.678829,       93.80,
 140.338198,   35.678829,       94.12,
 140.342703,   35.678829,       94.44,
 140.347207,   35.678829,       94.76,
 140.351712,   35.678829,       95.07,
 140.356216,   35.678829,       95.38,
 140.360721,   35.678829,       95.69,
 140.365225,   35.678829,       96.00,
 140.369730,   35.678829,       96.31,
 140.374234,   35.678829,       96.61,
 140.378739,   35.678829,       96.91,
 140.383243,   35.678829,       97.21,
 140.387748,   35.678829,       97.50,
 139.140000,   35.683333,      -66.52,
 139.144505,   35.683333,      -68.23,
 139.149009,   35.683333,      -69.92,
 139.153514,   35.683333,      -71.57,
 139.158018,   35.683333,      -73.20,
 139.162523,   35.683333,      -74.80,
 139.167027,   35.683333,      -76.37,
 139.171532,   35.683333,      -77.91,
 139.176036,   35.683333,      -79.43,
 139.180541,   35.683333,      -80.91,
 139.185045,   35.683333,      -82.37,
 139.189550,   35.683333,      -83.79,
 139.194054,   35.683333,      -85.19,
 139.198559,   35.683333,      -86.56,
 139.203063,   35.683333,      -87.90,
 139.207568,   35.683333,      -89.21,
 139.212072,   35.683333,      -90.49,
 139.216577,   35.683333,      -91.74,
 139.221081,   35.683333,      -92.97,
 139.225586,   35.683333,      -94.16,
 139.230090,   35.683333,      -95.33,
 139.234595,   35.683333,      -96.47,
 139.239099,   35.683333,      -97.58,
 139.243604,   35.683333,      -98.66,
 139.248108,   35.683333,      -99.71,
 139.252613,   35.683333,     -100.73,
 139.257117,   35.683333,     -101.72,
 139.261622,   35.683333,     -102.69,
 139.266126,   35.683333,     -103.62,
 139.270631,   35.683333,     -104.53,
 139.275135,   35.683333,     -105.41,
 139.279640,   35.683333,     -106.26,
 139.284144,   35.683333,     -107.08,
 139.288649,   35.683333,     -107.87,
 139.293153,   35.683333,     -108.64,
 139.297658,   35.683333,     -109.37,
 139.302162,   35.683333,     -110.08,
 139.306667,   35.683333,     -110.75,
 139.311171,   35.683333,     -111.40,
 139.315676,   35.683333,     -112.02,
 139.320180,   35.683333,     -112.61,
 139.324685,   35.683333,     -113.17,
 139.329189,   35.683333,     -113.70,
 139.333694,   35.683333,     -114.21,
 139.338198,   35.683333,     -114.68,
 139.342703,   35.683333,     -115.13,
 139.347207,   35.683333,     -115.54,
 139.351712,   35.683333,     -115.93,
 139.356216,   35.683333,     -116.29,
 139.360721,   35.683333,     -116.62,
 139.365225,   35.683333,     -116.92,
 139.369730,   35.683333,     -117.20,
 139.374234,   35.683333,     -117.44,
 139.378739,   35.683333,     -117.66,
 139.383243,   35.683333,     -117.84,
 139.387748,   35.683333,     -118.00,
 139.392252,   35.683333,     -118.13,
 139.396757,   35.683333,     -118.23,
 139.401261,   35.683333,     -118.30,
 139.405766,   35.683333,     -118.34,
 139.410270,   35.683333,     -118.36,
 139.414775,   35.683333,     -118.34,
 139.419279,   35.683333,     -118.30,
 139.423784,   35.683333,     -118.22,
 139.428288,   35.683333,     -118.12,
 139.432793,   35.683333,     -117.99,
 139.437297,   35.683333,     -117.83,
 139.441802,   35.683333,     -117.64,
 139.446306,   35.683333,     -117.43,
 139.450811,   35.683333,     -117.18,
 139.455315,   35.683333,     -116.91,
 139.459820,   35.683333,     -116.60,
 139.464324,   35.683333,     -116.27,
 139.468829,   35.683333,     -115.91,
 139.473333,   35.683333,     -115.52,
 139.477838,   35.683333,     -115.10,
 139.482342,   35.683333,     -114.65,
 139.486847,   35.683333,     -114.17,
 139.491351,   35.683333,     -113.67,
 139.495856,   35.683333,     -113.13,
 139.500360,   35.683333,     -112.57,
 139.504865,   35.683333,     -111.98,
 139.509369,   35.683333,     -111.36,
 139.513874,   35.683333,     -110.71,
 139.518378,   35.683333,     -110.03,
 139.522883,   35.683333,     -109.32,
 139.527387,   35.683333,     -108.59,
 139.531892,   35.683333,     -107.82,
 139.536396,   35.683333,     -107.03,
 139.540901,   35.683333,     -106.21,
 139.545405,   35.683333,     -105.36,
 139.549910,   35.683333,     -104.47,
 139.554414,   35.683333,     -103.57,
 139.558919,   35.683333,     -102.63,
 139.563423,   35.683333,     -101.66,
 139.567928,   35.683333,     -100.67,
 139.572432,   35.683333,      -99.64,
 139.576937,   35.683333,      -98.59,
 139.581441,   35.683333,      -97.51,
 139.585946,   35.683333,      -96.40,
 139.590450,   35.683333,      -95.26,
 139.594955,   35.683333,      -94.09,
 139.599459,   35.683333,      -92.89,
 139.603964,   35.683333,      -91.66,
 139.608468,   35.683333,      -90.41,
 139.612973,   35.683333,      -89.12,
 139.617477,   35.683333,      -87.81,
 139.621982,   35.683333,      -86.47,
 139.626486,   35.683333,      -85.10,
 139.630991,   35.683333,      -83.70,
 139.635495,   35.683333,      -82.27,
 139.640000,   35.683333,      -80.82,
 139.644505,   35.683333,      -79.33,
 139.649009,   35.683333,      -77.82,
 139.653514,   35.683333,      -76.27,
 139.658018,   35.683333,      -74.70,
 139.662523,   35.683333,      -73.10,
 139.667027,   35.683333,      -71.47,
 139.671532,   35.683333,      -69.81,
 139.676036,   35.683333,      -68.12,
 139.680541,   35.683333,      -66.41,
 139.685045,   35.683333,      -64.66,
 139.689550,   35.683333,      -62.89,
 139.694054,   35.683333,      -61.09,
 139.698559,   35.683333,      -59.25,
 139.703063,   35.683333,      -57.39,
 139.707568,   35.683333,      -55.50,
 139.712072,   35.683333,      -53.59,
 139.716577,   35.683333,      -51.64,
 139.721081,   35.683333,      -49.66,
 139.725586,   35.683333,      -47.66,
 139.730090,   35.683333,      -45.63,
 139.734595,   35.683333,      -43.56,
 139.739099,   35.683333,      -41.49,
 139.743604,   35.683333,      -39.42,
 139.748108,   35.683333,      -36.55,
 139.752613,   35.683333,      -33.55,
 139.757117,   35.683333,      -30.68,
 139.761622,   35.683333,      -27.93,
 139.766126,   35.683333,      -25.30,
 139.770631,   35.683333,      -22.79,
 139.775135,   35.683333,      -20.40,
 139.779640,   35.683333,      -18.13,
 139.784144,   35.683333,      -15.97,
 139.788649,   35.683333,      -13.94,
 139.793153,   35.683333,      -12.03,
 139.797658,   35.683333,      -10.24,
 139.802162,   35.683333,       -8.56,
 139.806667,   35.683333,       -7.01,
 139.811171,   35.683333,       -5.58,
 139.815676,   35.683333,       -4.26,
 139.820180,   35.683333,       -3.07,
 139.824685,   35.683333,       -1.99,
 139.829189,   35.683333,       -1.04,
 139.833694,   35.683333,       -0.20,
 139.838198,   35.683333,       33.82,
 139.842703,   35.683333,       23.82,
 139.847207,   35.683333,        5.82,
 139.851712,   35.683333,        2.42,
 139.856216,   35.683333,        1.69,
 139.860721,   35.683333,        3.28,
 139.865225,   35.683333,        5.61,
 139.869730,   35.683333,        8.06,
 139.874234,   35.683333,       10.41,
 139.878739,   35.683333,       12.54,
 139.883243,   35.683333,       14.52,
 139.887748,   35.683333,       16.36,
 139.892252,   35.683333,       17.92,
 139.896757,   35.683333,       19.24,
 139.901261,   35.683333,       20.40,
 139.905766,   35.683333,       21.44,
 139.910270,   35.683333,       22.38,
 139.914775,   35.683333,       23.23,
 139.919279,   35.683333,       24.00,
 139.923784,   35.683333,       24.91,
 139.928288,   35.683333,       26.41,
 139.932793,   35.683333,       27.95,
 139.937297,   35.683333,       29.51,
 139.941802,   35.683333,       31.11,
 139.946306,   35.683333,       32.74,
 139.950811,   35.683333,       34.40,
 139.955315,   35.683333,       36.08,
 139.959820,   35.683333,       37.80,
 139.964324,   35.683333,       39.55,
 139.968829,   35.683333,       41.33,
 139.973333,   35.683333,       43.14,
 139.977838,   35.683333,       44.98,
 139.982342,   35.683333,       46.85,
 139.986847,   35.683333,       47.52,
 139.991351,   35.683333,       47.64,
 139.995856,   35.683333,       47.70,
 140.000360,   35.683333,       47.70,
 140.004865,   35.683333,       47.64,
 140.009369,   35.683333,       47.52,
 140.013874,   35.683333,       47.34,
 140.018378,   35.683333,       47.10,
 140.022883,   35.683333,       46.99,
 140.027387,   35.683333,       48.60,
 140.031892,   35.683333,       51.33,
 140.036396,   35.683333,       54.32,
 140.040901,   35.683333,       57.55,
 140.045405,   35.683333,       61.03,
 140.049910,   35.683333,       64.76,
 140.054414,   35.683333,       68.74,
 140.058919,   35.683333,       72.97,
 140.063423,   35.683333,       77.44,
 140.067928,   35.683333,       82.17,
 140.072432,   35.683333,       87.14,
 140.076937,   35.683333,       92.36,
 140.081441,   35.683333,       97.83,
 140.085946,   35.683333,      103.54,
 140.090450,   35.683333,      109.51,
 140.094955,   35.683333,      115.73,
 140.099459,   35.683333,      122.19,
 140.103964,   35.683333,      128.90,
 140.108468,   35.683333,      135.86,
 140.112973,   35.683333,      143.07,
 140.117477,   35.683333,      150.53,
 140.121982,   35.683333,      158.23,
 140.126486,   35.683333,      166.19,
 140.130991,   35.683333,      174.39,
 140.135495,   35.683333,      182.84,
 140.140000,   35.683333,      191.54,
 140.144505,   35.683333,      198.95,
 140.149009,   35.683333,      204.81,
 140.153514,   35.683333,      210.68,
 140.158018,   35.683333,      216.54,
 140.162523,   35.683333,      222.41,
 140.167027,   35.683333,      228.27,
 140.171532,   35.683333,      234.14,
 140.176036,   35.683333,      240.00,
 140.180541,   35.683333,      231.84,
 140.185045,   35.683333,      211.98,
 140.189550,   35.683333,      190.80,
 140.194054,   35.683333,      168.31,
 140.198559,   35.683333,      144.48,
 140.203063,   35.683333,      119.34,
 140.207568,   35.683333,       92.88,
 140.212072,   35.683333,       82.37,
 140.216577,   35.683333,       83.09,
 140.221081,   35.683333,       83.82,
 140.225586,   35.683333,       84.54,
 140.230090,   35.683333,       85.27,
 140.234595,   35.683333,       85.99,
 140.239099,   35.683333,       86.72,
 140.243604,   35.683333,       87.44,
 140.248108,   35.683333,       87.84,
 140.252613,   35.683333,       88.20,
 140.257117,   35.683333,       88.57,
 140.261622,   35.683333,       88.93,
 140.266126,   35.683333,       89.28,
 140.270631,   35.683333,       89.64,
 140.275135,   35.683333,       89.99,
 140.279640,   35.683333,       90.34,
 140.284144,   35.683333,       90.69,
 140.288649,   35.683333,       91.04,
 140.293153,   35.683333,       91.38,
 140.297658,   35.683333,       91.72,
 140.302162,   35.683333,       92.06,
 140.306667,   35.683333,       92.40,
 140.311171,   35.683333,       92.74,
 140.315676,   35.683333,       93.07,
 140.320180,   35.683333,       93.40,
 140.324685,   35.683333,       93.73,
 140.329189,   35.683333,       94.05,
 140.333694,   35.683333,       94.38,
 140.338198,   35.683333,       94.70,
 140.342703,   35.683333,       95.02,
 140.347207,   35.683333,       95.34,
 140.351712,   35.683333,       95.65,
 140.356216,   35.683333,       95.96,
 140.360721,   35.683333,       96.27,
 140.365225,   35.683333,       96.58,
 140.369730,   35.683333,       96.89,
 140.374234,   35.683333,       97.19,
 140.378739,   35.683333,       97.49,
 140.383243,   35.683333,       97.79,
 140.387748,   35.683333,       98.09,
 139.140000,   35.687838,      -69.24,
 139.144505,   35.687838,      -70.97,
 139.149009,   35.687838,      -72.66,
 139.153514,   35.687838,      -74.33,
 139.158018,   35.687838,      -75.97,
 139.162523,   35.687838,      -77.59,
 139.167027,   35.687838,      -79.17,
 139.171532,   35.687838,      -80.72,
 139.176036,   35.687838,      -82.25,
 139.180541,   35.687838,      -83.74,
 139.185045,   35.687838,      -85.21,
 139.189550,   35.687838,      -86.65,
 139.194054,   35.687838,      -88.06,
 139.198559,   35.687838,      -89.44,
 139.203063,   35.687838,      -90.79,
 139.207568,   35.687838,      -92.11,
 139.212072,   35.687838,      -93.41,
 139.216577,   35.687838,      -94.67,
 139.221081,   35.687838,      -95.91,
 139.225586,   35.687838,      -97.12,
 139.230090,   35.687838,      -98.29,
 139.234595,   35.687838,      -99.44,
 139.239099,   35.687838,     -100.57,
 139.243604,   35.687838,     -101.66,
 139.248108,   35.687838,     -102.72,
 139.252613,   35.687838,     -103.76,
 139.257117,   35.687838,     -104.76,
 139.261622,   35.687838,     -105.74,
 139.266126,   35.687838,     -106.69,
 139.270631,   35.687838,     -107.61,
 139.275135,   35.687838,     -108.50,
 139.279640,   35.687838,     -109.36,
 139.284144,   35.687838,     -110.19,
 139.288649,   35.687838,     -111.00,
 139.293153,   35.687838,     -111.77,
 139.297658,   35.687838,     -112.52,
 139.302162,   35.687838,     -113.24,
 139.306667,   35.687838,     -113.92,
 139.311171,   35.687838,     -114.58,
 139.315676,   35.687838,     -115.21,
 139.320180,   35.687838,     -115.82,
 139.324685,   35.687838,     -116.39,
 139.329189,   35.687838,     -116.94,
 139.333694,   35.687838,     -117.45,
 139.338198,   35.687838,     -117.94,
 139.342703,   35.687838,     -118.40,
 139.347207,   35.687838,     -118.83,
 139.351712,   35.687838,     -119.23,
 139.356216,   35.687838,     -119.60,
 139.360721,   35.687838,     -119.94,
 139.365225,   35.687838,     -120.25,
 139.369730,   35.687838,     -120.54,
 139.374234,   35.687838,     -120.80,
 139.378739,   35.687838,     -121.02,
 139.383243,   35.687838,     -121.22,
 139.387748,   35.687838,     -121.39,
 139.392252,   35.687838,     -121.53,
 139.396757,   35.687838,     -121.64,
 139.401261,   35.687838,     -121.73,
 139.405766,   35.687838,     -121.78,
 139.410270,   35.687838,     -121.81,
 139.414775,   35.687838,     -121.80,
 139.419279,   35.687838,     -121.77,
 139.423784,   35.687838,     -121.71,
 139.428288,   35.687838,     -121.62,
 139.432793,   35.687838,     -121.50,
 139.437297,   35.687838,     -121.36,
 139.441802,   35.687838,     -121.18,
 139.446306,   35.687838,     -120.98,
 139.450811,   35.687838,     -120.74,
 139.455315,   35.687838,     -120.48,
 139.459820,   35.687838,     -120.19,
 139.464324,   35.687838,     -119.87,
 139.468829,   35.687838,     -119.52,
 139.473333,   35.687838,     -119.14,
 139.477838,   35.687838,     -118.73,
 139.482342,   35.687838,     -118.30,
 139.486847,   35.687838,     -117.83,
 139.491351,   35.687838,     -117.34,
 139.495856,   35.687838,     -116.82,
 139.500360,   35.687838,     -116.27,
 139.504865,   35.687838,     -115.69,
 139.509369,   35.687838,     -115.08,
 139.513874,   35.687838,     -114.44,
 139.518378,   35.687838,     -113.77,
 139.522883,   35.687838,     -113.08,
 139.527387,   35.687838,     -112.36,
 139.531892,   35.687838,     -111.60,
 139.536396,   35.687838,     -110.82,
 139.540901,   35.687838,     -110.01,
 139.545405,   35.687838,     -109.17,
 139.549910,   35.687838,     -108.30,
 139.554414,   35.687838,     -107.41,
 139.558919,   35.687838,     -106.48,
 139.563423,   35.687838,     -105.53,
 139.567928,   35.687838,     -104.54,
 139.572432,   35.687838,     -103.53,
 139.576937,   35.687838,     -102.49,
 139.581441,   35.687838,     -101.42,
 139.585946,   35.687838,     -100.32,
 139.590450,   35.687838,      -99.19,
 139.594955,   35.687838,      -98.04,
 139.599459,   35.687838,      -96.85,
 139.603964,   35.687838,      -95.64,
 139.608468,   35.687838,      -94.40,
 139.612973,   35.687838,      -93.12,
 139.617477,   35.687838,      -91.82,
 139.621982,   35.687838,      -90.49,
 139.626486,   35.687838,      -89.14,
 139.630991,   35.687838,      -87.75,
 139.635495,   35.687838,      -86.33,
 139.640000,   35.687838,      -84.89,
 139.644505,   35.687838,      -83.42,
 139.649009,   35.687838,      -81.91,
 139.653514,   35.687838,      -80.38,
 139.658018,   35.687838,      -78.82,
 139.662523,   35.687838,      -77.23,
 139.667027,   35.687838,      -75.62,
 139.671532,   35.687838,      -73.97,
 139.676036,   35.687838,      -72.29,
 139.680541,   35.687838,      -70.59,
 139.685045,   35.687838,      -68.86,
 139.689550,   35.687838,      -67.09,
 139.694054,   35.687838,      -65.30,
 139.698559,   35.687838,      -63.48,
 139.703063,   35.687838,      -61.64,
 139.707568,   35.687838,      -59.76,
 139.712072,   35.687838,      -57.85,
 139.716577,   35.687838,      -55.92,
 139.721081,   35.687838,      -53.96,
 139.725586,   35.687838,      -51.96,
 139.730090,   35.687838,      -49.94,
 139.734595,   35.687838,      -47.89,
 139.739099,   35.687838,      -45.83,
 139.743604,   35.687838,      -43.48,
 139.748108,   35.687838,      -40.26,
 139.752613,   35.687838,      -37.16,
 139.757117,   35.687838,      -34.18,
 139.761622,   35.687838,      -31.32,
 139.766126,   35.687838,      -28.58,
 139.770631,   35.687838,      -25.96,
 139.775135,   35.687838,      -23.46,
 139.779640,   35.687838,      -21.08,
 139.784144,   35.687838,      -18.82,
 139.788649,   35.687838,      -16.68,
 139.793153,   35.687838,      -14.66,
 139.797658,   35.687838,      -12.76,
 139.802162,   35.687838,      -10.97,
 139.806667,   35.687838,       -9.31,
 139.811171,   35.687838,       -7.77,
 139.815676,   35.687838,       -6.35,
 139.820180,   35.687838,       -5.04,
 139.824685,   35.687838,       -3.86,
 139.829189,   35.687838,       -2.80,
 139.833694,   35.687838,       -1.85,
 139.838198,   35.687838,       -1.03,
 139.842703,   35.687838,       -0.32,
 139.847207,   35.687838,       36.81,
 139.851712,   35.687838,       20.08,
 139.856216,   35.687838,        1.61,
 139.860721,   35.687838,        2.88,
 139.865225,   35.687838,        5.16,
 139.869730,   35.687838,        7.18,
 139.874234,   35.687838,        8.89,
 139.878739,   35.687838,       10.19,
 139.883243,   35.687838,       11.30,
 139.887748,   35.687838,       12.29,
 139.892252,   35.687838,       13.20,
 139.896757,   35.687838,       14.58,
 139.901261,   35.687838,       16.01,
 139.905766,   35.687838,       17.46,
 139.910270,   35.687838,       18.94,
 139.914775,   35.687838,       20.46,
 139.919279,   35.687838,       22.01,
 139.923784,   35.687838,       23.58,
 139.928288,   35.687838,       25.19,
 139.932793,   35.687838,       26.82,
 139.937297,   35.687838,       28.49,
 139.941802,   35.687838,       30.19,
 139.946306,   35.687838,       31.91,
 139.950811,   35.687838,       33.67,
 139.955315,   35.687838,       35.46,
 139.959820,   35.687838,       37.28,
 139.964324,   35.687838,       39.13,
 139.968829,   35.687838,       41.01,
 139.973333,   35.687838,       42.92,
 139.977838,   35.687838,       44.86,
 139.982342,   35.687838,       46.83,
 139.986847,   35.687838,       47.81,
 139.991351,   35.687838,       47.95,
 139.995856,   35.687838,       47.96,
 140.000360,   35.687838,       47.90,
 140.004865,   35.687838,       47.79,
 140.009369,   35.687838,       47.62,
 140.013874,   35.687838,       47.39,
 140.018378,   35.687838,       47.10,
 140.022883,   35.687838,       46.75,
 140.027387,   35.687838,       46.94,
 140.031892,   35.687838,       49.79,
 140.036396,   35.687838,       52.91,
 140.040901,   35.687838,       56.28,
 140.045405,   35.687838,       59.89,
 140.049910,   35.687838,       63.76,
 140.054414,   35.687838,       67.87,
 140.058919,   35.687838,       72.23,
 140.063423,   35.687838,       76.84,
 140.067928,   35.687838,       81.70,
 140.072432,   35.687838,       86.81,
 140.076937,   35.687838,       92.16,
 140.081441,   35.687838,       97.77,
 140.085946,   35.687838,      103.62,
 140.090450,   35.687838,      109.72,
 140.094955,   35.687838,      116.07,
 140.099459,   35.687838,      122.67,
 140.103964,   35.687838,      129.51,
 140.108468,   35.687838,      136.61,
 140.112973,   35.687838,      143.95,
 140.117477,   35.687838,      151.54,
 140.121982,   35.687838,      159.38,
 140.126486,   35.687838,      167.47,
 140.130991,   35.687838,      175.81,
 140.135495,   35.687838,      184.39,
 140.140000,   35.687838,      193.23,
 140.144505,   35.687838,      202.31,
 140.149009,   35.687838,      208.53,
 140.153514,   35.687838,      214.40,
 140.158018,   35.687838,      220.26,
 140.162523,   35.687838,      226.13,
 140.167027,   35.687838,      231.99,
 140.171532,   35.687838,      237.86,
 140.176036,   35.687838,      243.72,
 140.180541,   35.687838,      249.59,
 140.185045,   35.687838,      242.76,
 140.189550,   35.687838,      221.69,
 140.194054,   35.687838,      199.29,
 140.198559,   35.687838,      175.57,
 140.203063,   35.687838,      150.53,
 140.207568,   35.687838,      124.17,
 140.212072,   35.687838,       96.48,
 140.216577,   35.687838,       83.13,
 140.221081,   35.687838,       83.85,
 140.225586,   35.687838,       84.58,
 140.230090,   35.687838,       85.30,
 140.234595,   35.687838,       86.03,
 140.239099,   35.687838,       86.75,
 140.243604,   35.687838,       87.48,
 140.248108,   35.687838,       88.20,
 140.252613,   35.687838,       88.77,
 140.257117,   35.687838,       89.13,
 140.261622,   35.687838,       89.49,
 140.266126,   35.687838,       89.85,
 140.270631,   35.687838,       90.20,
 140.275135,   35.687838,       90.56,
 140.279640,   35.687838,       90.91,
 140.284144,   35.687838,       91.26,
 140.288649,   35.687838,       91.61,
 140.293153,   35.687838,       91.95,
 140.297658,   35.687838,       92.29,
 140.302162,   35.687838,       92.63,
 140.306667,   35.687838,       92.97,
 140.311171,   35.687838,       93.31,
 140.315676,   35.687838,       93.64,
 140.320180,   35.687838,       93.97,
 140.324685,   35.687838,       94.30,
 140.329189,   35.687838,       94.63,
 140.333694,   35.687838,       94.96,
 140.338198,   35.687838,       95.28,
 140.342703,   35.687838,       95.60,
 140.347207,   35.687838,       95.92,
 140.351712,   35.687838,       96.23,
 140.356216,   35.687838,       96.55,
 140.360721,   35.687838,       96.86,
 140.365225,   35.687838,       97.17,
 140.369730,   35.687838,       97.47,
 140.374234,   35.687838,       97.78,
 140.378739,   35.687838,       98.08,
 140.383243,   35.687838,       98.38,
 140.387748,   35.687838,       98.68,
 139.140000,   35.692342,      -71.99,
 139.144505,   35.692342,      -73.73,
 139.149009,   35.692342,      -75.44,
 139.153514,   35.692342,      -77.12,
 139.158018,   35.692342,      -78.77,
 139.162523,   35.692342,      -80.40,
 139.167027,   35.692342,      -81.99,
 139.171532,   35.692342,      -83.56,
 139.176036,   35.692342,      -85.09,
 139.180541,   35.692342,      -86.60,
 139.185045,   35.692342,      -88.08,
 139.189550,   35.692342,      -89.53,
 139.194054,   35.692342,      -90.95,
 139.198559,   35.692342,      -92.35,
 139.203063,   35.692342,      -93.71,
 139.207568,   35.692342,      -95.05,
 139.212072,   35.692342,      -96.35,
 139.216577,   35.692342,      -97.63,
 139.221081,   35.692342,      -98.88,
 139.225586,   35.692342,     -100.10,
 139.230090,   35.692342,     -101.29,
 139.234595,   35.692342,     -102.45,
 139.239099,   35.692342,     -103.58,
 139.243604,   35.692342,     -104.69,
 139.248108,   35.692342,     -105.76,
 139.252613,   35.692342,     -106.81,
 139.257117,   35.692342,     -107.83,
 139.261622,   35.692342,     -108.82,
 139.266126,   35.692342,     -109.78,
 139.270631,   35.692342,     -110.71,
 139.275135,   35.692342,     -111.61,
 139.279640,   35.692342,     -112.49,
 139.284144,   35.692342,     -113.33,
 139.288649,   35.692342,     -114.15,
 139.293153,   35.692342,     -114.94,
 139.297658,   35.692342,     -115.69,
 139.302162,   35.692342,     -116.42,
 139.306667,   35.692342,     -117.13,
 139.311171,   35.692342,     -117.80,
 139.315676,   35.692342,     -118.44,
 139.320180,   35.692342,     -119.05,
 139.324685,   35.692342,     -119.64,
 139.329189,   35.692342,     -120.20,
 139.333694,   35.692342,     -120.72,
 139.338198,   35.692342,     -121.22,
 139.342703,   35.692342,     -121.69,
 139.347207,   35.692342,     -122.14,
 139.351712,   35.692342,     -122.55,
 139.356216,   35.692342,     -122.93,
 139.360721,   35.692342,     -123.29,
 139.365225,   35.692342,     -123.61,
 139.369730,   35.692342,     -123.91,
 139.374234,   35.692342,     -124.18,
 139.378739,   35.692342,     -124.42,
 139.383243,   35.692342,     -124.63,
 139.387748,   35.692342,     -124.81,
 139.392252,   35.692342,     -124.96,
 139.396757,   35.692342,     -125.09,
 139.401261,   35.692342,     -125.18,
 139.405766,   35.692342,     -125.25,
 139.410270,   35.692342,     -125.29,
 139.414775,   35.692342,     -125.30,
 139.419279,   35.692342,     -125.28,
 139.423784,   35.692342,     -125.23,
 139.428288,   35.692342,     -125.15,
 139.432793,   35.692342,     -125.05,
 139.437297,   35.692342,     -124.91,
 139.441802,   35.692342,     -124.75,
 139.446306,   35.692342,     -124.55,
 139.450811,   35.692342,     -124.33,
 139.455315,   35.692342,     -124.08,
 139.459820,   35.692342,     -123.80,
 139.464324,   35.692342,     -123.49,
 139.468829,   35.692342,     -123.16,
 139.473333,   35.692342,     -122.79,
 139.477838,   35.692342,     -122.40,
 139.482342,   35.692342,     -121.97,
 139.486847,   35.692342,     -121.52,
 139.491351,   35.692342,     -121.04,
 139.495856,   35.692342,     -120.53,
 139.500360,   35.692342,     -119.99,
 139.504865,   35.692342,     -119.42,
 139.509369,   35.692342,     -118.83,
 139.513874,   35.692342,     -118.20,
 139.518378,   35.692342,     -117.55,
 139.522883,   35.692342,     -116.86,
 139.527387,   35.692342,     -116.15,
 139.531892,   35.692342,     -115.41,
 139.536396,   35.692342,     -114.64,
 139.540901,   35.692342,     -113.84,
 139.545405,   35.692342,     -113.02,
 139.549910,   35.692342,     -112.16,
 139.554414,   35.692342,     -111.28,
 139.558919,   35.692342,     -110.36,
 139.563423,   35.692342,     -109.42,
 139.567928,   35.692342,     -108.45,
 139.572432,   35.692342,     -107.45,
 139.576937,   35.692342,     -106.42,
 139.581441,   35.692342,     -105.36,
 139.585946,   35.692342,     -104.28,
 139.590450,   35.692342,     -103.16,
 139.594955,   35.692342,     -102.02,
 139.599459,   35.692342,     -100.84,
 139.603964,   35.692342,      -99.64,
 139.608468,   35.692342,      -98.41,
 139.612973,   35.692342,      -97.15,
 139.617477,   35.692342,      -95.86,
 139.621982,   35.692342,      -94.55,
 139.626486,   35.692342,      -93.20,
 139.630991,   35.692342,      -91.83,
 139.635495,   35.692342,      -90.42,
 139.640000,   35.692342,      -88.99,
 139.644505,   35.692342,      -87.53,
 139.649009,   35.692342,      -86.04,
 139.653514,   35.692342,      -84.52,
 139.658018,   35.692342,      -82.97,
 139.662523,   35.692342,      -81.39,
 139.667027,   35.692342,      -79.79,
 139.671532,   35.692342,      -78.16,
 139.676036,   35.692342,      -76.49,
 139.680541,   35.692342,      -74.80,
 139.685045,   35.692342,      -73.08,
 139.689550,   35.692342,      -71.33,
 139.694054,   35.692342,      -69.55,
 139.698559,   35.692342,      -67.74,
 139.703063,   35.692342,      -65.91,
 139.707568,   35.692342,      -64.04,
 139.712072,   35.692342,      -62.15,
 139.716577,   35.692342,      -60.23,
 139.721081,   35.692342,      -58.28,
 139.725586,   35.692342,      -56.30,
 139.730090,   35.692342,      -54.29,
 139.734595,   35.692342,      -52.23,
 139.739099,   35.692342,      -50.17,
 139.743604,   35.692342,      -47.18,
 139.748108,   35.692342,      -43.86,
 139.752613,   35.692342,      -40.65,
 139.757117,   35.692342,      -37.56,
 139.761622,   35.692342,      -34.59,
 139.766126,   35.692342,      -31.74,
 139.770631,   35.692342,      -29.01,
 139.775135,   35.692342,      -26.41,
 139.779640,   35.692342,      -23.92,
 139.784144,   35.692342,      -21.55,
 139.788649,   35.692342,      -19.30,
 139.793153,   35.692342,      -17.17,
 139.797658,   35.692342,      -15.15,
 139.802162,   35.692342,      -13.26,
 139.806667,   35.692342,      -11.49,
 139.811171,   35.692342,       -9.84,
 139.815676,   35.692342,       -8.31,
 139.820180,   35.692342,       -6.90,
 139.824685,   35.692342,       -5.61,
 139.829189,   35.692342,       -4.43,
 139.833694,   35.692342,       -3.38,
 139.838198,   35.692342,       -2.45,
 139.842703,   35.692342,       -1.63,
 139.847207,   35.692342,       -0.94,
 139.851712,   35.692342,       -0.37,
 139.856216,   35.692342,        2.72,
 139.860721,   35.692342,        1.59,
 139.865225,   35.692342,        2.81,
 139.869730,   35.692342,        4.12,
 139.874234,   35.692342,        5.46,
 139.878739,   35.692342,        6.83,
 139.883243,   35.692342,        8.23,
 139.887748,   35.692342,        9.67,
 139.892252,   35.692342,       11.13,
 139.896757,   35.692342,       12.62,
 139.901261,   35.692342,       14.15,
 139.905766,   35.692342,       15.70,
 139.910270,   35.692342,       17.29,
 139.914775,   35.692342,       18.90,
 139.919279,   35.692342,       20.55,
 139.923784,   35.692342,       22.22,
 139.928288,   35.692342,       23.93,
 139.932793,   35.692342,       25.67,
 139.937297,   35.692342,       27.43,
 139.941802,   35.692342,       29.23,
 139.946306,   35.692342,       31.06,
 139.950811,   35.692342,       32.92,
 139.955315,   35.692342,       34.81,
 139.959820,   35.692342,       36.72,
 139.964324,   35.692342,       38.67,
 139.968829,   35.692342,       40.65,
 139.973333,   35.692342,       42.66,
 139.977838,   35.692342,       44.70,
 139.982342,   35.692342,       46.77,
 139.986847,   35.692342,       48.04,
 139.991351,   35.692342,       48.33,
 139.995856,   35.692342,       48.28,
 140.000360,   35.692342,       48.17,
 140.004865,   35.692342,       48.01,
 140.009369,   35.692342,       47.78,
 140.013874,   35.692342,       47.50,
 140.018378,   35.692342,       47.16,
 140.022883,   35.692342,       46.76,
 140.027387,   35.692342,       46.61,
 140.031892,   35.692342,       48.00,
 140.036396,   35.692342,       51.25,
 140.040901,   35.692342,       54.75,
 140.045405,   35.692342,       58.50,
 140.049910,   35.692342,       62.50,
 140.054414,   35.692342,       66.75,
 140.058919,   35.692342,       71.25,
 140.063423,   35.692342,       75.99,
 140.067928,   35.692342,       80.99,
 140.072432,   35.692342,       86.23,
 140.076937,   35.692342,       91.72,
 140.081441,   35.692342,       97.46,
 140.085946,   35.692342,      103.44,
 140.090450,   35.692342,      109.68,
 140.094955,   35.692342,      116.16,
 140.099459,   35.692342,      122.89,
 140.103964,   35.692342,      129.88,
 140.108468,   35.692342,      137.10,
 140.112973,   35.692342,      144.58,
 140.117477,   35.692342,      152.31,
 140.121982,   35.692342,      160.28,
 140.126486,   35.692342,      168.51,
 140.130991,   35.692342,      176.98,
 140.135495,   35.692342,      185.70,
 140.140000,   35.692342,      194.67,
 140.144505,   35.692342,      203.89,
 140.149009,   35.692342,      212.25,
 140.153514,   35.692342,      218.11,
 140.158018,   35.692342,      223.98,
 140.162523,   35.692342,      229.85,
 140.167027,   35.692342,      235.71,
 140.171532,   35.692342,      241.58,
 140.176036,   35.692342,      247.44,
 140.180541,   35.692342,      253.31,
 140.185045,   35.692342,      259.17,
 140.189550,   35.692342,      253.89,
 140.194054,   35.692342,      231.59,
 140.198559,   35.692342,      207.98,
 140.203063,   35.692342,      183.04,
 140.207568,   35.692342,      156.78,
 140.212072,   35.692342,      129.19,
 140.216577,   35.692342,      100.29,
 140.221081,   35.692342,       83.89,
 140.225586,   35.692342,       84.61,
 140.230090,   35.692342,       85.34,
 140.234595,   35.692342,       86.06,
 140.239099,   35.692342,       86.79,
 140.243604,   35.692342,       87.51,
 140.248108,   35.692342,       88.24,
 140.252613,   35.692342,       88.96,
 140.257117,   35.692342,       89.69,
 140.261622,   35.692342,       90.06,
 140.266126,   35.692342,       90.41,
 140.270631,   35.692342,       90.77,
 140.275135,   35.692342,       91.13,
 140.279640,   35.692342,       91.48,
 140.284144,   35.692342,       91.83,
 140.288649,   35.692342,       92.18,
 140.293153,   35.692342,       92.52,
 140.297658,   35.692342,       92.87,
 140.302162,   35.692342,       93.21,
 140.306667,   35.692342,       93.55,
 140.311171,   35.692342,       93.88,
 140.315676,   35.692342,       94.22,
 140.320180,   35.692342,       94.55,
 140.324685,   35.692342,       94.88,
 140.329189,   35.692342,       95.21,
 140.333694,   35.692342,       95.54,
 140.338198,   35.692342,       95.86,
 140.342703,   35.692342,       96.18,
 140.347207,   35.692342,       96.50,
 140.351712,   35.692342,       96.82,
 140.356216,   35.692342,       97.13,
 140.360721,   35.692342,       97.44,
 140.365225,   35.692342,       97.75,
 140.369730,   35.692342,       98.06,
 140.374234,   35.692342,       98.37,
 140.378739,   35.692342,       98.67,
 140.383243,   35.692342,       98.97,
 140.387748,   35.692342,       99.27,
 139.140000,   35.696847,      -74.77,
 139.144505,   35.696847,      -76.52,
 139.149009,   35.696847,      -78.24,
 139.153514,   35.696847,      -79.94,
 139.158018,   35.696847,      -81.60,
 139.162523,   35.696847,      -83.24,
 139.167027,   35.696847,      -84.84,
 139.171532,   35.696847,      -86.42,
 139.176036,   35.696847,      -87.97,
 139.180541,   35.696847,      -89.49,
 139.185045,   35.696847,      -90.98,
 139.189550,   35.696847,      -92.45,
 139.194054,   35.696847,      -93.88,
 139.198559,   35.696847,      -95.28,
 139.203063,   35.696847,      -96.66,
 139.207568,   35.696847,      -98.01,
 139.212072,   35.696847,      -99.33,
 139.216577,   35.696847,     -100.62,
 139.221081,   35.696847,     -101.88,
 139.225586,   35.696847,     -103.11,
 139.230090,   35.696847,     -104.31,
 139.234595,   35.696847,     -105.49,
 139.239099,   35.696847,     -106.63,
 139.243604,   35.696847,     -107.75,
 139.248108,   35.696847,     -108.84,
 139.252613,   35.696847,     -109.90,
 139.257117,   35.696847,     -110.93,
 139.261622,   35.696847,     -111.93,
 139.266126,   35.696847,     -112.90,
 139.270631,   35.696847,     -113.84,
 139.275135,   35.696847,     -114.76,
 139.279640,   35.696847,     -115.64,
 139.284144,   35.696847,     -116.50,
 139.288649,   35.696847,     -117.33,
 139.293153,   35.696847,     -118.13,
 139.297658,   35.696847,     -118.90,
 139.302162,   35.696847,     -119.64,
 139.306667,   35.696847,     -120.35,
 139.311171,   35.696847,     -121.04,
 139.315676,   35.696847,     -121.69,
 139.320180,   35.696847,     -122.32,
 139.324685,   35.696847,     -122.92,
 139.329189,   35.696847,     -123.49,
 139.333694,   35.696847,     -124.03,
 139.338198,   35.696847,     -124.54,
 139.342703,   35.696847,     -125.02,
 139.347207,   35.696847,     -125.48,
 139.351712,   35.696847,     -125.90,
 139.356216,   35.696847,     -126.30,
 139.360721,   35.696847,     -126.66,
 139.365225,   35.696847,     -127.00,
 139.369730,   35.696847,     -127.31,
 139.374234,   35.696847,     -127.59,
 139.378739,   35.696847,     -127.84,
 139.383243,   35.696847,     -128.07,
 139.387748,   35.696847,     -128.26,
 139.392252,   35.696847,     -128.43,
 139.396757,   35.696847,     -128.56,
 139.401261,   35.696847,     -128.67,
 139.405766,   35.696847,     -128.75,
 139.410270,   35.696847,     -128.80,
 139.414775,   35.696847,     -128.82,
 139.419279,   35.696847,     -128.81,
 139.423784,   35.696847,     -128.78,
 139.428288,   35.696847,     -128.71,
 139.432793,   35.696847,     -128.62,
 139.437297,   35.696847,     -128.49,
 139.441802,   35.696847,     -128.34,
 139.446306,   35.696847,     -128.16,
 139.450811,   35.696847,     -127.95,
 139.455315,   35.696847,     -127.71,
 139.459820,   35.696847,     -127.45,
 139.464324,   35.696847,     -127.15,
 139.468829,   35.696847,     -126.82,
 139.473333,   35.696847,     -126.47,
 139.477838,   35.696847,     -126.09,
 139.482342,   35.696847,     -125.68,
 139.486847,   35.696847,     -125.24,
 139.491351,   35.696847,     -124.77,
 139.495856,   35.696847,     -124.27,
 139.500360,   35.696847,     -123.74,
 139.504865,   35.696847,     -123.19,
 139.509369,   35.696847,     -122.60,
 139.513874,   35.696847,     -121.99,
 139.518378,   35.696847,     -121.35,
 139.522883,   35.696847,     -120.68,
 139.527387,   35.696847,     -119.98,
 139.531892,   35.696847,     -119.25,
 139.536396,   35.696847,     -118.49,
 139.540901,   35.696847,     -117.71,
 139.545405,   35.696847,     -116.89,
 139.549910,   35.696847,     -116.05,
 139.554414,   35.696847,     -115.18,
 139.558919,   35.696847,     -114.27,
 139.563423,   35.696847,     -113.34,
 139.567928,   35.696847,     -112.39,
 139.572432,   35.696847,     -111.40,
 139.576937,   35.696847,     -110.38,
 139.581441,   35.696847,     -109.34,
 139.585946,   35.696847,     -108.26,
 139.590450,   35.696847,     -107.16,
 139.594955,   35.696847,     -106.03,
 139.599459,   35.696847,     -104.86,
 139.603964,   35.696847,     -103.68,
 139.608468,   35.696847,     -102.46,
 139.612973,   35.696847,     -101.21,
 139.617477,   35.696847,      -99.93,
 139.621982,   35.696847,      -98.63,
 139.626486,   35.696847,      -97.29,
 139.630991,   35.696847,      -95.93,
 139.635495,   35.696847,      -94.54,
 139.640000,   35.696847,      -93.12,
 139.644505,   35.696847,      -91.67,
 139.649009,   35.696847,      -90.19,
 139.653514,   35.696847,      -88.69,
 139.658018,   35.696847,      -87.15,
 139.662523,   35.696847,      -85.59,
 139.667027,   35.696847,      -83.99,
 139.671532,   35.696847,      -82.37,
 139.676036,   35.696847,      -80.72,
 139.680541,   35.696847,      -79.04,
 139.685045,   35.696847,      -77.33,
 139.689550,   35.696847,      -75.59,
 139.694054,   35.696847,      -73.83,
 139.698559,   35.696847,      -72.03,
 139.703063,   35.696847,      -70.21,
 139.707568,   35.696847,      -68.36,
 139.712072,   35.696847,      -66.47,
 139.716577,   35.696847,      -64.56,
 139.721081,   35.696847,      -62.62,
 139.725586,   35.696847,      -60.66,
 139.730090,   35.696847,      -58.63,
 139.734595,   35.696847,      -56.57,
 139.739099,   35.696847,      -54.33,
 139.743604,   35.696847,      -50.77,
 139.748108,   35.696847,      -47.33,
 139.752613,   35.696847,      -44.02,
 139.757117,   35.696847,      -40.82,
 139.761622,   35.696847,      -37.74,
 139.766126,   35.696847,      -34.78,
 139.770631,   35.696847,      -31.95,
 139.775135,   35.696847,      -29.23,
 139.779640,   35.696847,      -26.63,
 139.784144,   35.696847,      -24.15,
 139.788649,   35.696847,      -21.79,
 139.793153,   35.696847,      -19.55,
 139.797658,   35.696847,      -17.43,
 139.802162,   35.696847,      -15.43,
 139.806667,   35.696847,      -13.55,
 139.811171,   35.696847,      -11.79,
 139.815676,   35.696847,      -10.15,
 139.820180,   35.696847,       -8.63,
 139.824685,   35.696847,       -7.23,
 139.829189,   35.696847,       -5.95,
 139.833694,   35.696847,       -4.79,
 139.838198,   35.696847,       -3.75,
 139.842703,   35.696847,       -2.83,
 139.847207,   35.696847,       -2.02,
 139.851712,   35.696847,       -1.34,
 139.856216,   35.696847,       -1.48,
 139.860721,   35.696847,       -1.27,
 139.865225,   35.696847,        0.12,
 139.869730,   35.696847,        1.53,
 139.874234,   35.696847,        2.97,
 139.878739,   35.696847,        4.44,
 139.883243,   35.696847,        5.94,
 139.887748,   35.696847,        7.48,
 139.892252,   35.696847,        9.04,
 139.896757,   35.696847,       10.64,
 139.901261,   35.696847,       12.26,
 139.905766,   35.696847,       13.92,
 139.910270,   35.696847,       15.60,
 139.914775,   35.696847,       17.32,
 139.919279,   35.696847,       19.06,
 139.923784,   35.696847,       20.84,
 139.928288,   35.696847,       22.64,
 139.932793,   35.696847,       24.48,
 139.937297,   35.696847,       26.35,
 139.941802,   35.696847,       28.25,
 139.946306,   35.696847,       30.17,
 139.950811,   35.696847,       32.13,
 139.955315,   35.696847,       34.12,
 139.959820,   35.696847,       36.14,
 139.964324,   35.696847,       38.19,
 139.968829,   35.696847,       40.27,
 139.973333,   35.696847,       42.38,
 139.977838,   35.696847,       44.52,
 139.982342,   35.696847,       46.69,
 139.986847,   35.696847,       48.28,
 139.991351,   35.696847,       48.69,
 139.995856,   35.696847,       48.66,
 140.000360,   35.696847,       48.50,
 140.004865,   35.696847,       48.28,
 140.009369,   35.696847,       48.00,
 140.013874,   35.696847,       47.67,
 140.018378,   35.696847,       47.27,
 140.022883,   35.696847,       46.82,
 140.027387,   35.696847,       46.31,
 140.031892,   35.696847,       46.55,
 140.036396,   35.696847,       49.35,
 140.040901,   35.696847,       52.98,
 140.045405,   35.696847,       56.87,
 140.049910,   35.696847,       61.00,
 140.054414,   35.696847,       65.38,
 140.058919,   35.696847,       70.02,
 140.063423,   35.696847,       74.89,
 140.067928,   35.696847,       80.02,
 140.072432,   35.696847,       85.40,
 140.076937,   35.696847,       91.02,
 140.081441,   35.696847,       96.90,
 140.085946,   35.696847,      103.02,
 140.090450,   35.696847,      109.39,
 140.094955,   35.696847,      116.01,
 140.099459,   35.696847,      122.87,
 140.103964,   35.696847,      129.99,
 140.108468,   35.696847,      137.35,
 140.112973,   35.696847,      144.97,
 140.117477,   35.696847,      152.83,
 140.121982,   35.696847,      160.94,
 140.126486,   35.696847,      169.30,
 140.130991,   35.696847,      177.90,
 140.135495,   35.696847,      186.76,
 140.140000,   35.696847,      195.86,
 140.144505,   35.696847,      205.21,
 140.149009,   35.696847,      214.81,
 140.153514,   35.696847,      221.83,
 140.158018,   35.696847,      227.70,
 140.162523,   35.696847,      233.56,
 140.167027,   35.696847,      239.43,
 140.171532,   35.696847,      245.30,
 140.176036,   35.696847,      251.16,
 140.180541,   35.696847,      257.03,
 140.185045,   35.696847,      262.89,
 140.189550,   35.696847,      268.76,
 140.194054,   35.696847,      265.22,
 140.198559,   35.696847,      241.70,
 140.203063,   35.696847,      216.86,
 140.207568,   35.696847,      190.71,
 140.212072,   35.696847,      163.22,
 140.216577,   35.696847,      134.42,
 140.221081,   35.696847,      104.30,
 140.225586,   35.696847,       84.65,
 140.230090,   35.696847,       85.37,
 140.234595,   35.696847,       86.10,
 140.239099,   35.696847,       86.82,
 140.243604,   35.696847,       87.55,
 140.248108,   35.696847,       88.27,
 140.252613,   35.696847,       89.00,
 140.257117,   35.696847,       89.72,
 140.261622,   35.696847,       90.45,
 140.266126,   35.696847,       90.98,
 140.270631,   35.696847,       91.34,
 140.275135,   35.696847,       91.70,
 140.279640,   35.696847,       92.05,
 140.284144,   35.696847,       92.40,
 140.288649,   35.696847,       92.75,
 140.293153,   35.696847,       93.10,
 140.297658,   35.696847,       93.44,
 140.302162,   35.696847,       93.79,
 140.306667,   35.696847,       94.13,
 140.311171,   35.696847,       94.46,
 140.315676,   35.696847,       94.80,
 140.320180,   35.696847,       95.13,
 140.324685,   35.696847,       95.46,
 140.329189,   35.696847,       95.79,
 140.333694,   35.696847,       96.12,
 140.338198,   35.696847,       96.44,
 140.342703,   35.696847,       96.76,
 140.347207,   35.696847,       97.08,
 140.351712,   35.696847,       97.40,
 140.356216,   35.696847,       97.72,
 140.360721,   35.696847,       98.03,
 140.365225,   35.696847,       98.34,
 140.369730,   35.696847,       98.65,
 140.374234,   35.696847,       98.96,
 140.378739,   35.696847,       99.26,
 140.383243,   35.696847,       99.56,
 140.387748,   35.696847,       99.86,
